0.0	Cell1	Cell2	Cell3	Cell4	Cell5	Cell6	Cell7	Cell8	Cell9	Cell10	Cell11	Cell12	Cell13	Cell14	Cell15	Cell16	Cell17	Cell18	Cell19	Cell20	Cell21	Cell22	Cell23	Cell24	Cell25	Cell26	Cell27	Cell28	Cell29	Cell30	Cell31	Cell32	Cell33	Cell34	Cell35	Cell36	Cell37	Cell38	Cell39	Cell40	Cell41	Cell42	Cell43	Cell44	Cell45	Cell46	Cell47	Cell48	Cell49	Cell50	Cell51	Cell52	Cell53	Cell54	Cell55	Cell56	Cell57	Cell58	Cell59	Cell60	Cell61	Cell62	Cell63	Cell64	Cell65	Cell66	Cell67	Cell68	Cell69	Cell70	Cell71	Cell72	Cell73	Cell74	Cell75	Cell76	Cell77	Cell78	Cell79	Cell80	Cell81	Cell82	Cell83	Cell84	Cell85	Cell86	Cell87	Cell88	Cell89	Cell90	Cell91	Cell92	Cell93	Cell94	Cell95	Cell96	Cell97	Cell98	Cell99	Cell100	Cell101	Cell102	Cell103	Cell104	Cell105	Cell106	Cell107	Cell108	Cell109	Cell110	Cell111	Cell112	Cell113	Cell114	Cell115	Cell116	Cell117	Cell118	Cell119	Cell120	Cell121	Cell122	Cell123	Cell124	Cell125	Cell126	Cell127	Cell128	Cell129	Cell130	Cell131	Cell132	Cell133	Cell134	Cell135	Cell136	Cell137	Cell138	Cell139	Cell140	Cell141	Cell142	Cell143	Cell144	Cell145	Cell146	Cell147	Cell148	Cell149	Cell150	Cell151	Cell152	Cell153	Cell154	Cell155	Cell156	Cell157	Cell158	Cell159	Cell160	Cell161	Cell162	Cell163	Cell164	Cell165	Cell166	Cell167	Cell168	Cell169	Cell170	Cell171	Cell172	Cell173	Cell174	Cell175	Cell176	Cell177	Cell178	Cell179	Cell180	Cell181	Cell182	Cell183	Cell184	Cell185	Cell186	Cell187	Cell188	Cell189	Cell190	Cell191	Cell192	Cell193	Cell194	Cell195	Cell196	Cell197	Cell198	Cell199	Cell200	Cell201	Cell202	Cell203	Cell204	Cell205	Cell206	Cell207	Cell208	Cell209	Cell210	Cell211	Cell212	Cell213	Cell214	Cell215	Cell216	Cell217	Cell218	Cell219	Cell220	Cell221	Cell222	Cell223	Cell224	Cell225	Cell226	Cell227	Cell228	Cell229	Cell230	Cell231	Cell232	Cell233	Cell234	Cell235	Cell236	Cell237	Cell238	Cell239	Cell240	Cell241	Cell242	Cell243	Cell244	Cell245	Cell246	Cell247	Cell248	Cell249	Cell250	Cell251	Cell252	Cell253	Cell254	Cell255	Cell256	Cell257	Cell258	Cell259	Cell260	Cell261	Cell262	Cell263	Cell264	Cell265	Cell266	Cell267	Cell268	Cell269	Cell270	Cell271	Cell272	Cell273	Cell274	Cell275	Cell276	Cell277	Cell278	Cell279	Cell280	Cell281	Cell282	Cell283	Cell284	Cell285	Cell286	Cell287	Cell288	Cell289	Cell290	Cell291	Cell292	Cell293	Cell294	Cell295	Cell296	Cell297	Cell298	Cell299	Cell300	Cell301	Cell302	Cell303	Cell304	Cell305	Cell306	Cell307	Cell308	Cell309	Cell310	Cell311	Cell312	Cell313	Cell314	Cell315	Cell316	Cell317	Cell318	Cell319	Cell320	Cell321	Cell322	Cell323	Cell324	Cell325	Cell326	Cell327	Cell328	Cell329	Cell330	Cell331	Cell332	Cell333	Cell334	Cell335	Cell336	Cell337	Cell338	Cell339	Cell340	Cell341	Cell342	Cell343	Cell344	Cell345	Cell346	Cell347	Cell348	Cell349	Cell350	Cell351	Cell352	Cell353	Cell354	Cell355	Cell356	Cell357	Cell358	Cell359	Cell360	Cell361	Cell362	Cell363	Cell364	Cell365	Cell366	Cell367	Cell368	Cell369	Cell370	Cell371	Cell372	Cell373	Cell374	Cell375	Cell376	Cell377	Cell378	Cell379	Cell380	Cell381	Cell382	Cell383	Cell384	Cell385	Cell386	Cell387	Cell388	Cell389	Cell390	Cell391	Cell392	Cell393	Cell394	Cell395	Cell396	Cell397	Cell398	Cell399	Cell400	Cell401	Cell402	Cell403	Cell404	Cell405	Cell406	Cell407	Cell408	Cell409	Cell410	Cell411	Cell412	Cell413	Cell414	Cell415	Cell416	Cell417	Cell418	Cell419	Cell420	Cell421	Cell422	Cell423	Cell424	Cell425	Cell426	Cell427	Cell428	Cell429	Cell430	Cell431	Cell432	Cell433	Cell434	Cell435	Cell436	Cell437	Cell438	Cell439	Cell440	Cell441	Cell442	Cell443	Cell444	Cell445	Cell446	Cell447	Cell448	Cell449	Cell450	Cell451	Cell452	Cell453	Cell454	Cell455	Cell456	Cell457	Cell458	Cell459	Cell460	Cell461	Cell462	Cell463	Cell464	Cell465	Cell466	Cell467	Cell468	Cell469	Cell470	Cell471	Cell472	Cell473	Cell474	Cell475	Cell476	Cell477	Cell478	Cell479	Cell480	Cell481	Cell482	Cell483	Cell484	Cell485	Cell486	Cell487	Cell488	Cell489	Cell490	Cell491	Cell492	Cell493	Cell494	Cell495	Cell496	Cell497	Cell498	Cell499	Cell500	Cell501	Cell502	Cell503	Cell504	Cell505	Cell506	Cell507	Cell508	Cell509	Cell510	Cell511	Cell512	Cell513	Cell514	Cell515	Cell516	Cell517	Cell518	Cell519	Cell520	Cell521	Cell522	Cell523	Cell524	Cell525	Cell526	Cell527	Cell528	Cell529	Cell530	Cell531	Cell532	Cell533	Cell534	Cell535	Cell536	Cell537	Cell538	Cell539	Cell540	Cell541	Cell542	Cell543	Cell544	Cell545	Cell546	Cell547	Cell548	Cell549	Cell550	Cell551	Cell552	Cell553	Cell554	Cell555	Cell556	Cell557	Cell558	Cell559	Cell560	Cell561	Cell562	Cell563	Cell564	Cell565	Cell566	Cell567	Cell568	Cell569	Cell570	Cell571	Cell572	Cell573	Cell574	Cell575	Cell576	Cell577	Cell578	Cell579	Cell580	Cell581	Cell582	Cell583	Cell584	Cell585	Cell586	Cell587	Cell588	Cell589	Cell590	Cell591	Cell592	Cell593	Cell594	Cell595	Cell596	Cell597	Cell598	Cell599	Cell600	Cell601	Cell602	Cell603	Cell604	Cell605	Cell606	Cell607	Cell608	Cell609	Cell610	Cell611	Cell612	Cell613	Cell614	Cell615	Cell616	Cell617	Cell618	Cell619	Cell620	Cell621	Cell622	Cell623	Cell624	Cell625	Cell626	Cell627	Cell628	Cell629	Cell630	Cell631	Cell632	Cell633	Cell634	Cell635	Cell636	Cell637	Cell638	Cell639	Cell640	Cell641	Cell642	Cell643	Cell644	Cell645	Cell646	Cell647	Cell648	Cell649	Cell650	Cell651	Cell652	Cell653	Cell654	Cell655	Cell656	Cell657	Cell658	Cell659	Cell660	Cell661	Cell662	Cell663	Cell664	Cell665	Cell666	Cell667	Cell668	Cell669	Cell670	Cell671	Cell672	Cell673	Cell674	Cell675	Cell676	Cell677	Cell678	Cell679	Cell680	Cell681	Cell682	Cell683	Cell684	Cell685	Cell686	Cell687	Cell688	Cell689	Cell690	Cell691	Cell692	Cell693	Cell694	Cell695	Cell696	Cell697	Cell698	Cell699	Cell700	Cell701	Cell702	Cell703	Cell704	Cell705	Cell706	Cell707	Cell708	Cell709	Cell710	Cell711	Cell712	Cell713	Cell714	Cell715	Cell716	Cell717	Cell718	Cell719	Cell720	Cell721	Cell722	Cell723	Cell724	Cell725	Cell726	Cell727	Cell728	Cell729	Cell730	Cell731	Cell732	Cell733	Cell734	Cell735	Cell736	Cell737	Cell738	Cell739	Cell740	Cell741	Cell742	Cell743	Cell744	Cell745	Cell746	Cell747	Cell748	Cell749	Cell750	Cell751	Cell752	Cell753	Cell754	Cell755	Cell756	Cell757	Cell758	Cell759	Cell760	Cell761	Cell762	Cell763	Cell764	Cell765	Cell766	Cell767	Cell768	Cell769	Cell770	Cell771	Cell772	Cell773	Cell774	Cell775	Cell776	Cell777	Cell778	Cell779	Cell780	Cell781	Cell782	Cell783	Cell784	Cell785	Cell786	Cell787	Cell788	Cell789	Cell790	Cell791	Cell792	Cell793	Cell794	Cell795	Cell796	Cell797	Cell798	Cell799	Cell800	Cell801	Cell802	Cell803	Cell804	Cell805	Cell806	Cell807	Cell808	Cell809	Cell810	Cell811	Cell812	Cell813	Cell814	Cell815	Cell816	Cell817	Cell818	Cell819	Cell820	Cell821	Cell822	Cell823	Cell824	Cell825	Cell826	Cell827	Cell828	Cell829	Cell830	Cell831	Cell832	Cell833	Cell834	Cell835	Cell836	Cell837	Cell838	Cell839	Cell840	Cell841	Cell842	Cell843	Cell844	Cell845	Cell846	Cell847	Cell848	Cell849	Cell850	Cell851	Cell852	Cell853	Cell854	Cell855	Cell856	Cell857	Cell858	Cell859	Cell860	Cell861	Cell862	Cell863	Cell864	Cell865	Cell866	Cell867	Cell868	Cell869	Cell870	Cell871	Cell872	Cell873	Cell874	Cell875	Cell876	Cell877	Cell878	Cell879	Cell880	Cell881	Cell882	Cell883	Cell884	Cell885	Cell886	Cell887	Cell888	Cell889	Cell890	Cell891	Cell892	Cell893	Cell894	Cell895	Cell896	Cell897	Cell898	Cell899	Cell900	Cell901	Cell902	Cell903	Cell904	Cell905	Cell906	Cell907	Cell908	Cell909	Cell910	Cell911	Cell912	Cell913	Cell914	Cell915	Cell916	Cell917	Cell918	Cell919	Cell920	Cell921	Cell922	Cell923	Cell924	Cell925	Cell926	Cell927	Cell928	Cell929	Cell930	Cell931	Cell932	Cell933	Cell934	Cell935	Cell936	Cell937	Cell938	Cell939	Cell940	Cell941	Cell942	Cell943	Cell944	Cell945	Cell946	Cell947	Cell948	Cell949	Cell950	Cell951	Cell952	Cell953	Cell954	Cell955	Cell956	Cell957	Cell958	Cell959	Cell960	Cell961	Cell962	Cell963	Cell964	Cell965	Cell966	Cell967	Cell968	Cell969	Cell970	Cell971	Cell972	Cell973	Cell974	Cell975	Cell976	Cell977	Cell978	Cell979	Cell980	Cell981	Cell982	Cell983	Cell984	Cell985	Cell986	Cell987	Cell988	Cell989	Cell990	Cell991	Cell992	Cell993	Cell994	Cell995	Cell996	Cell997	Cell998	Cell999	Cell1000	Cell1001	Cell1002	Cell1003	Cell1004	Cell1005	Cell1006	Cell1007	Cell1008	Cell1009	Cell1010	Cell1011	Cell1012	Cell1013	Cell1014	Cell1015	Cell1016	Cell1017	Cell1018	Cell1019	Cell1020	Cell1021	Cell1022	Cell1023	Cell1024	Cell1025	Cell1026	Cell1027	Cell1028	Cell1029	Cell1030	Cell1031	Cell1032	Cell1033	Cell1034	Cell1035	Cell1036	Cell1037	Cell1038	Cell1039	Cell1040	Cell1041	Cell1042	Cell1043	Cell1044	Cell1045	Cell1046	Cell1047	Cell1048	Cell1049	Cell1050	Cell1051	Cell1052	Cell1053	Cell1054	Cell1055	Cell1056	Cell1057	Cell1058	Cell1059	Cell1060	Cell1061	Cell1062	Cell1063	Cell1064	Cell1065	Cell1066	Cell1067	Cell1068	Cell1069	Cell1070	Cell1071	Cell1072	Cell1073	Cell1074	Cell1075	Cell1076	Cell1077	Cell1078	Cell1079	Cell1080	Cell1081	Cell1082	Cell1083	Cell1084	Cell1085	Cell1086	Cell1087	Cell1088	Cell1089	Cell1090	Cell1091	Cell1092	Cell1093	Cell1094	Cell1095	Cell1096	Cell1097	Cell1098	Cell1099	Cell1100	Cell1101	Cell1102	Cell1103	Cell1104	Cell1105	Cell1106	Cell1107	Cell1108	Cell1109	Cell1110	Cell1111	Cell1112	Cell1113	Cell1114	Cell1115	Cell1116	Cell1117	Cell1118	Cell1119	Cell1120	Cell1121	Cell1122	Cell1123	Cell1124	Cell1125	Cell1126	Cell1127	Cell1128	Cell1129	Cell1130	Cell1131	Cell1132	Cell1133	Cell1134	Cell1135	Cell1136	Cell1137	Cell1138	Cell1139	Cell1140	Cell1141	Cell1142	Cell1143	Cell1144	Cell1145	Cell1146	Cell1147	Cell1148	Cell1149	Cell1150	Cell1151	Cell1152	Cell1153	Cell1154	Cell1155	Cell1156	Cell1157	Cell1158	Cell1159	Cell1160	Cell1161	Cell1162	Cell1163	Cell1164	Cell1165	Cell1166	Cell1167	Cell1168	Cell1169	Cell1170	Cell1171	Cell1172	Cell1173	Cell1174	Cell1175	Cell1176	Cell1177	Cell1178	Cell1179	Cell1180	Cell1181	Cell1182	Cell1183	Cell1184	Cell1185	Cell1186	Cell1187	Cell1188	Cell1189	Cell1190	Cell1191	Cell1192	Cell1193	Cell1194	Cell1195	Cell1196	Cell1197	Cell1198	Cell1199	Cell1200	Cell1201	Cell1202	Cell1203	Cell1204	Cell1205	Cell1206	Cell1207	Cell1208	Cell1209	Cell1210	Cell1211	Cell1212	Cell1213	Cell1214	Cell1215	Cell1216	Cell1217	Cell1218	Cell1219	Cell1220	Cell1221	Cell1222	Cell1223	Cell1224	Cell1225	Cell1226	Cell1227	Cell1228	Cell1229	Cell1230	Cell1231	Cell1232	Cell1233	Cell1234	Cell1235	Cell1236	Cell1237	Cell1238	Cell1239	Cell1240	Cell1241	Cell1242	Cell1243	Cell1244	Cell1245	Cell1246	Cell1247	Cell1248	Cell1249	Cell1250	Cell1251	Cell1252	Cell1253	Cell1254	Cell1255	Cell1256	Cell1257	Cell1258	Cell1259	Cell1260	Cell1261	Cell1262	Cell1263	Cell1264	Cell1265	Cell1266	Cell1267	Cell1268	Cell1269	Cell1270	Cell1271	Cell1272	Cell1273	Cell1274	Cell1275	Cell1276	Cell1277	Cell1278	Cell1279	Cell1280	Cell1281	Cell1282	Cell1283	Cell1284	Cell1285	Cell1286	Cell1287	Cell1288	Cell1289	Cell1290	Cell1291	Cell1292	Cell1293	Cell1294	Cell1295	Cell1296	Cell1297	Cell1298	Cell1299	Cell1300	Cell1301	Cell1302	Cell1303	Cell1304	Cell1305	Cell1306	Cell1307	Cell1308	Cell1309	Cell1310	Cell1311	Cell1312	Cell1313	Cell1314	Cell1315	Cell1316	Cell1317	Cell1318	Cell1319	Cell1320	Cell1321	Cell1322	Cell1323	Cell1324	Cell1325	Cell1326	Cell1327	Cell1328	Cell1329	Cell1330	Cell1331	Cell1332	Cell1333	Cell1334	Cell1335	Cell1336	Cell1337	Cell1338	Cell1339	Cell1340	Cell1341	Cell1342	Cell1343	Cell1344	Cell1345	Cell1346	Cell1347	Cell1348	Cell1349	Cell1350	Cell1351	Cell1352	Cell1353	Cell1354	Cell1355	Cell1356	Cell1357	Cell1358	Cell1359	Cell1360	Cell1361	Cell1362	Cell1363	Cell1364	Cell1365	Cell1366	Cell1367	Cell1368	Cell1369	Cell1370	Cell1371	Cell1372	Cell1373	Cell1374	Cell1375	Cell1376	Cell1377	Cell1378	Cell1379	Cell1380	Cell1381	Cell1382	Cell1383	Cell1384	Cell1385	Cell1386	Cell1387	Cell1388	Cell1389	Cell1390	Cell1391	Cell1392	Cell1393	Cell1394	Cell1395	Cell1396	Cell1397	Cell1398	Cell1399	Cell1400	Cell1401	Cell1402	Cell1403	Cell1404	Cell1405	Cell1406	Cell1407	Cell1408	Cell1409	Cell1410	Cell1411	Cell1412	Cell1413	Cell1414	Cell1415	Cell1416	Cell1417	Cell1418	Cell1419	Cell1420	Cell1421	Cell1422	Cell1423	Cell1424	Cell1425	Cell1426	Cell1427	Cell1428	Cell1429	Cell1430	Cell1431	Cell1432	Cell1433	Cell1434	Cell1435	Cell1436	Cell1437	Cell1438	Cell1439	Cell1440	Cell1441	Cell1442	Cell1443	Cell1444	Cell1445	Cell1446	Cell1447	Cell1448	Cell1449	Cell1450	Cell1451	Cell1452	Cell1453	Cell1454	Cell1455	Cell1456	Cell1457	Cell1458	Cell1459	Cell1460	Cell1461	Cell1462	Cell1463	Cell1464	Cell1465	Cell1466	Cell1467	Cell1468	Cell1469	Cell1470	Cell1471	Cell1472	Cell1473	Cell1474	Cell1475	Cell1476	Cell1477	Cell1478	Cell1479	Cell1480	Cell1481	Cell1482	Cell1483	Cell1484	Cell1485	Cell1486	Cell1487	Cell1488	Cell1489	Cell1490	Cell1491	Cell1492	Cell1493	Cell1494	Cell1495	Cell1496	Cell1497	Cell1498	Cell1499	Cell1500	Cell1501	Cell1502	Cell1503	Cell1504	Cell1505	Cell1506	Cell1507	Cell1508	Cell1509	Cell1510	Cell1511	Cell1512	Cell1513	Cell1514	Cell1515	Cell1516	Cell1517	Cell1518	Cell1519	Cell1520	Cell1521	Cell1522	Cell1523	Cell1524	Cell1525	Cell1526	Cell1527	Cell1528	Cell1529	Cell1530	Cell1531	Cell1532	Cell1533	Cell1534	Cell1535	Cell1536	Cell1537	Cell1538	Cell1539	Cell1540	Cell1541	Cell1542	Cell1543	Cell1544	Cell1545	Cell1546	Cell1547	Cell1548	Cell1549	Cell1550	Cell1551	Cell1552	Cell1553	Cell1554	Cell1555	Cell1556	Cell1557	Cell1558	Cell1559	Cell1560	Cell1561	Cell1562	Cell1563	Cell1564	Cell1565	Cell1566	Cell1567	Cell1568	Cell1569	Cell1570	Cell1571	Cell1572	Cell1573	Cell1574	Cell1575	Cell1576	Cell1577	Cell1578	Cell1579	Cell1580	Cell1581	Cell1582	Cell1583	Cell1584	Cell1585	Cell1586	Cell1587	Cell1588	Cell1589	Cell1590	Cell1591	Cell1592	Cell1593	Cell1594	Cell1595	Cell1596	Cell1597	Cell1598	Cell1599	Cell1600	Cell1601	Cell1602	Cell1603	Cell1604	Cell1605	Cell1606	Cell1607	Cell1608	Cell1609	Cell1610	Cell1611	Cell1612	Cell1613	Cell1614	Cell1615	Cell1616	Cell1617	Cell1618	Cell1619	Cell1620	Cell1621	Cell1622	Cell1623	Cell1624	Cell1625	Cell1626	Cell1627	Cell1628	Cell1629	Cell1630	Cell1631	Cell1632	Cell1633	Cell1634	Cell1635	Cell1636	Cell1637	Cell1638	Cell1639	Cell1640	Cell1641	Cell1642	Cell1643	Cell1644	Cell1645	Cell1646	Cell1647	Cell1648	Cell1649	Cell1650	Cell1651	Cell1652	Cell1653	Cell1654	Cell1655	Cell1656	Cell1657	Cell1658	Cell1659	Cell1660	Cell1661	Cell1662	Cell1663	Cell1664	Cell1665	Cell1666	Cell1667	Cell1668	Cell1669	Cell1670	Cell1671	Cell1672	Cell1673	Cell1674	Cell1675	Cell1676	Cell1677	Cell1678	Cell1679	Cell1680	Cell1681	Cell1682	Cell1683	Cell1684	Cell1685	Cell1686	Cell1687	Cell1688	Cell1689	Cell1690	Cell1691	Cell1692	Cell1693	Cell1694	Cell1695	Cell1696	Cell1697	Cell1698	Cell1699	Cell1700	Cell1701	Cell1702	Cell1703	Cell1704	Cell1705	Cell1706	Cell1707	Cell1708	Cell1709	Cell1710	Cell1711	Cell1712	Cell1713	Cell1714	Cell1715	Cell1716	Cell1717	Cell1718	Cell1719	Cell1720	Cell1721	Cell1722	Cell1723	Cell1724	Cell1725	Cell1726	Cell1727	Cell1728	Cell1729	Cell1730	Cell1731	Cell1732	Cell1733	Cell1734	Cell1735	Cell1736	Cell1737	Cell1738	Cell1739	Cell1740	Cell1741	Cell1742	Cell1743	Cell1744	Cell1745	Cell1746	Cell1747	Cell1748	Cell1749	Cell1750	Cell1751	Cell1752	Cell1753	Cell1754	Cell1755	Cell1756	Cell1757	Cell1758	Cell1759	Cell1760	Cell1761	Cell1762	Cell1763	Cell1764	Cell1765	Cell1766	Cell1767	Cell1768	Cell1769	Cell1770	Cell1771	Cell1772	Cell1773	Cell1774	Cell1775	Cell1776	Cell1777	Cell1778	Cell1779	Cell1780	Cell1781	Cell1782	Cell1783	Cell1784	Cell1785	Cell1786	Cell1787	Cell1788	Cell1789	Cell1790	Cell1791	Cell1792	Cell1793	Cell1794	Cell1795	Cell1796	Cell1797	Cell1798	Cell1799	Cell1800	Cell1801	Cell1802	Cell1803	Cell1804	Cell1805	Cell1806	Cell1807	Cell1808	Cell1809	Cell1810	Cell1811	Cell1812	Cell1813	Cell1814	Cell1815	Cell1816	Cell1817	Cell1818	Cell1819	Cell1820	Cell1821	Cell1822	Cell1823	Cell1824	Cell1825	Cell1826	Cell1827	Cell1828	Cell1829	Cell1830	Cell1831	Cell1832	Cell1833	Cell1834	Cell1835	Cell1836	Cell1837	Cell1838	Cell1839	Cell1840	Cell1841	Cell1842	Cell1843	Cell1844	Cell1845	Cell1846	Cell1847	Cell1848	Cell1849	Cell1850	Cell1851	Cell1852	Cell1853	Cell1854	Cell1855	Cell1856	Cell1857	Cell1858	Cell1859	Cell1860	Cell1861	Cell1862	Cell1863	Cell1864	Cell1865	Cell1866	Cell1867	Cell1868	Cell1869	Cell1870	Cell1871	Cell1872	Cell1873	Cell1874	Cell1875	Cell1876	Cell1877	Cell1878	Cell1879	Cell1880	Cell1881	Cell1882	Cell1883	Cell1884	Cell1885	Cell1886	Cell1887	Cell1888	Cell1889	Cell1890	Cell1891	Cell1892	Cell1893	Cell1894	Cell1895	Cell1896	Cell1897	Cell1898	Cell1899	Cell1900	Cell1901	Cell1902	Cell1903	Cell1904	Cell1905	Cell1906	Cell1907	Cell1908	Cell1909	Cell1910	Cell1911	Cell1912	Cell1913	Cell1914	Cell1915	Cell1916	Cell1917	Cell1918	Cell1919	Cell1920	Cell1921	Cell1922	Cell1923	Cell1924	Cell1925	Cell1926	Cell1927	Cell1928	Cell1929	Cell1930	Cell1931	Cell1932	Cell1933	Cell1934	Cell1935	Cell1936	Cell1937	Cell1938	Cell1939	Cell1940	Cell1941	Cell1942	Cell1943	Cell1944	Cell1945	Cell1946	Cell1947	Cell1948	Cell1949	Cell1950	Cell1951	Cell1952	Cell1953	Cell1954	Cell1955	Cell1956	Cell1957	Cell1958	Cell1959	Cell1960	Cell1961	Cell1962	Cell1963	Cell1964	Cell1965	Cell1966	Cell1967	Cell1968	Cell1969	Cell1970	Cell1971	Cell1972	Cell1973	Cell1974	Cell1975	Cell1976	Cell1977	Cell1978	Cell1979	Cell1980	Cell1981	Cell1982	Cell1983	Cell1984	Cell1985	Cell1986	Cell1987	Cell1988	Cell1989	Cell1990	Cell1991	Cell1992	Cell1993	Cell1994	Cell1995	Cell1996	Cell1997	Cell1998	Cell1999	Cell2000	Cell2001	Cell2002	Cell2003	Cell2004	Cell2005	Cell2006	Cell2007	Cell2008	Cell2009	Cell2010	Cell2011	Cell2012	Cell2013	Cell2014	Cell2015	Cell2016	Cell2017	Cell2018	Cell2019	Cell2020	Cell2021	Cell2022	Cell2023	Cell2024	Cell2025	Cell2026	Cell2027	Cell2028	Cell2029	Cell2030	Cell2031	Cell2032	Cell2033	Cell2034	Cell2035	Cell2036	Cell2037	Cell2038	Cell2039	Cell2040	Cell2041	Cell2042	Cell2043	Cell2044	Cell2045	Cell2046	Cell2047	Cell2048	Cell2049	Cell2050	Cell2051	Cell2052	Cell2053	Cell2054	Cell2055	Cell2056	Cell2057	Cell2058	Cell2059	Cell2060	Cell2061	Cell2062	Cell2063	Cell2064	Cell2065	Cell2066	Cell2067	Cell2068	Cell2069	Cell2070	Cell2071	Cell2072	Cell2073	Cell2074	Cell2075	Cell2076	Cell2077	Cell2078	Cell2079	Cell2080	Cell2081	Cell2082	Cell2083	Cell2084	Cell2085	Cell2086	Cell2087	Cell2088	Cell2089	Cell2090	Cell2091	Cell2092	Cell2093	Cell2094	Cell2095	Cell2096	Cell2097	Cell2098	Cell2099	Cell2100	Cell2101	Cell2102	Cell2103	Cell2104	Cell2105	Cell2106	Cell2107	Cell2108	Cell2109	Cell2110	Cell2111	Cell2112	Cell2113	Cell2114	Cell2115	Cell2116	Cell2117	Cell2118	Cell2119	Cell2120	Cell2121	Cell2122	Cell2123	Cell2124	Cell2125	Cell2126	Cell2127	Cell2128	Cell2129	Cell2130	Cell2131	Cell2132	Cell2133	Cell2134	Cell2135	Cell2136	Cell2137	Cell2138	Cell2139	Cell2140	Cell2141	Cell2142	Cell2143	Cell2144	Cell2145	Cell2146	Cell2147	Cell2148	Cell2149	Cell2150	Cell2151	Cell2152	Cell2153	Cell2154	Cell2155	Cell2156	Cell2157	Cell2158	Cell2159	Cell2160	Cell2161	Cell2162	Cell2163	Cell2164	Cell2165	Cell2166	Cell2167	Cell2168	Cell2169	Cell2170	Cell2171	Cell2172	Cell2173	Cell2174	Cell2175	Cell2176	Cell2177	Cell2178	Cell2179	Cell2180	Cell2181	Cell2182	Cell2183	Cell2184	Cell2185	Cell2186	Cell2187	Cell2188	Cell2189	Cell2190	Cell2191	Cell2192	Cell2193	Cell2194	Cell2195	Cell2196	Cell2197	Cell2198	Cell2199	Cell2200	Cell2201	Cell2202	Cell2203	Cell2204	Cell2205	Cell2206	Cell2207	Cell2208	Cell2209	Cell2210	Cell2211	Cell2212	Cell2213	Cell2214	Cell2215	Cell2216	Cell2217	Cell2218	Cell2219	Cell2220	Cell2221	Cell2222	Cell2223	Cell2224	Cell2225	Cell2226	Cell2227	Cell2228	Cell2229	Cell2230	Cell2231	Cell2232	Cell2233	Cell2234	Cell2235	Cell2236	Cell2237	Cell2238	Cell2239	Cell2240	Cell2241	Cell2242	Cell2243	Cell2244	Cell2245	Cell2246	Cell2247	Cell2248	Cell2249	Cell2250	Cell2251	Cell2252	Cell2253	Cell2254	Cell2255	Cell2256	Cell2257	Cell2258	Cell2259	Cell2260	Cell2261	Cell2262	Cell2263	Cell2264	Cell2265	Cell2266	Cell2267	Cell2268	Cell2269	Cell2270	Cell2271	Cell2272	Cell2273	Cell2274	Cell2275	Cell2276	Cell2277	Cell2278	Cell2279	Cell2280	Cell2281	Cell2282	Cell2283	Cell2284	Cell2285	Cell2286	Cell2287	Cell2288	Cell2289	Cell2290	Cell2291	Cell2292	Cell2293	Cell2294	Cell2295	Cell2296	Cell2297	Cell2298	Cell2299	Cell2300	Cell2301	Cell2302	Cell2303	Cell2304	Cell2305	Cell2306	Cell2307	Cell2308	Cell2309	Cell2310	Cell2311	Cell2312	Cell2313	Cell2314	Cell2315	Cell2316	Cell2317	Cell2318	Cell2319	Cell2320	Cell2321	Cell2322	Cell2323	Cell2324	Cell2325	Cell2326	Cell2327	Cell2328	Cell2329	Cell2330	Cell2331	Cell2332	Cell2333	Cell2334	Cell2335	Cell2336	Cell2337	Cell2338	Cell2339	Cell2340	Cell2341	Cell2342	Cell2343	Cell2344	Cell2345	Cell2346	Cell2347	Cell2348	Cell2349	Cell2350	Cell2351	Cell2352	Cell2353	Cell2354	Cell2355	Cell2356	Cell2357	Cell2358	Cell2359	Cell2360	Cell2361	Cell2362	Cell2363	Cell2364	Cell2365	Cell2366	Cell2367	Cell2368	Cell2369	Cell2370	Cell2371	Cell2372	Cell2373	Cell2374	Cell2375	Cell2376	Cell2377	Cell2378	Cell2379	Cell2380	Cell2381	Cell2382	Cell2383	Cell2384	Cell2385	Cell2386	Cell2387	Cell2388	Cell2389	Cell2390	Cell2391	Cell2392	Cell2393	Cell2394	Cell2395	Cell2396	Cell2397	Cell2398	Cell2399	Cell2400	Cell2401	Cell2402	Cell2403	Cell2404	Cell2405	Cell2406	Cell2407	Cell2408	Cell2409	Cell2410	Cell2411	Cell2412	Cell2413	Cell2414	Cell2415	Cell2416	Cell2417	Cell2418	Cell2419	Cell2420	Cell2421	Cell2422	Cell2423	Cell2424	Cell2425	Cell2426	Cell2427	Cell2428	Cell2429	Cell2430	Cell2431	Cell2432	Cell2433	Cell2434	Cell2435	Cell2436	Cell2437	Cell2438	Cell2439	Cell2440	Cell2441	Cell2442	Cell2443	Cell2444	Cell2445	Cell2446	Cell2447	Cell2448	Cell2449	Cell2450	Cell2451	Cell2452	Cell2453	Cell2454	Cell2455	Cell2456	Cell2457	Cell2458	Cell2459	Cell2460	Cell2461	Cell2462	Cell2463	Cell2464	Cell2465	Cell2466	Cell2467	Cell2468	Cell2469	Cell2470	Cell2471	Cell2472	Cell2473	Cell2474	Cell2475	Cell2476	Cell2477	Cell2478	Cell2479	Cell2480	Cell2481	Cell2482	Cell2483	Cell2484	Cell2485	Cell2486	Cell2487	Cell2488	Cell2489	Cell2490	Cell2491	Cell2492	Cell2493	Cell2494	Cell2495	Cell2496	Cell2497	Cell2498	Cell2499	Cell2500	Cell2501	Cell2502	Cell2503	Cell2504	Cell2505	Cell2506	Cell2507	Cell2508	Cell2509	Cell2510	Cell2511	Cell2512	Cell2513	Cell2514	Cell2515	Cell2516	Cell2517	Cell2518	Cell2519	Cell2520	Cell2521	Cell2522	Cell2523	Cell2524	Cell2525	Cell2526	Cell2527	Cell2528	Cell2529	Cell2530	Cell2531	Cell2532	Cell2533	Cell2534	Cell2535	Cell2536	Cell2537	Cell2538	Cell2539	Cell2540	Cell2541	Cell2542	Cell2543	Cell2544	Cell2545	Cell2546	Cell2547	Cell2548	Cell2549	Cell2550	Cell2551	Cell2552	Cell2553	Cell2554	Cell2555	Cell2556	Cell2557	Cell2558	Cell2559	Cell2560	Cell2561	Cell2562	Cell2563	Cell2564	Cell2565	Cell2566	Cell2567	Cell2568	Cell2569	Cell2570	Cell2571	Cell2572	Cell2573	Cell2574	Cell2575	Cell2576	Cell2577	Cell2578	Cell2579	Cell2580	Cell2581	Cell2582	Cell2583	Cell2584	Cell2585	Cell2586	Cell2587	Cell2588	Cell2589	Cell2590	Cell2591	Cell2592	Cell2593	Cell2594	Cell2595	Cell2596	Cell2597	Cell2598	Cell2599	Cell2600	Cell2601	Cell2602	Cell2603	Cell2604	Cell2605	Cell2606	Cell2607	Cell2608	Cell2609	Cell2610	Cell2611	Cell2612	Cell2613	Cell2614	Cell2615	Cell2616	Cell2617	Cell2618	Cell2619	Cell2620	Cell2621	Cell2622	Cell2623	Cell2624	Cell2625	Cell2626	Cell2627	Cell2628	Cell2629	Cell2630	Cell2631	Cell2632	Cell2633	Cell2634	Cell2635	Cell2636	Cell2637	Cell2638	Cell2639	Cell2640	Cell2641	Cell2642	Cell2643	Cell2644	Cell2645	Cell2646	Cell2647	Cell2648	Cell2649	Cell2650	Cell2651	Cell2652	Cell2653	Cell2654	Cell2655	Cell2656	Cell2657	Cell2658	Cell2659	Cell2660	Cell2661	Cell2662	Cell2663	Cell2664	Cell2665	Cell2666	Cell2667	Cell2668	Cell2669	Cell2670	Cell2671	Cell2672	Cell2673	Cell2674	Cell2675	Cell2676	Cell2677	Cell2678	Cell2679	Cell2680	Cell2681	Cell2682	Cell2683	Cell2684	Cell2685	Cell2686	Cell2687	Cell2688	Cell2689	Cell2690	Cell2691	Cell2692	Cell2693	Cell2694	Cell2695	Cell2696	Cell2697	Cell2698	Cell2699	Cell2700	Cell2701	Cell2702	Cell2703	Cell2704	Cell2705	Cell2706	Cell2707	Cell2708	Cell2709	Cell2710	Cell2711	Cell2712	Cell2713	Cell2714	Cell2715	Cell2716	Cell2717	Cell2718	Cell2719	Cell2720	Cell2721	Cell2722	Cell2723	Cell2724	Cell2725	Cell2726	Cell2727	Cell2728	Cell2729	Cell2730	Cell2731	Cell2732	Cell2733	Cell2734	Cell2735	Cell2736	Cell2737	Cell2738	Cell2739	Cell2740	Cell2741	Cell2742	Cell2743	Cell2744	Cell2745	Cell2746	Cell2747	Cell2748	Cell2749	Cell2750	Cell2751	Cell2752	Cell2753	Cell2754	Cell2755	Cell2756	Cell2757	Cell2758	Cell2759	Cell2760	Cell2761	Cell2762	Cell2763	Cell2764	Cell2765	Cell2766	Cell2767	Cell2768	Cell2769	Cell2770	Cell2771	Cell2772	Cell2773	Cell2774	Cell2775	Cell2776	Cell2777	Cell2778	Cell2779	Cell2780	Cell2781	Cell2782	Cell2783	Cell2784	Cell2785	Cell2786	Cell2787	Cell2788	Cell2789	Cell2790	Cell2791	Cell2792	Cell2793	Cell2794	Cell2795	Cell2796	Cell2797	Cell2798	Cell2799	Cell2800	Cell2801	Cell2802	Cell2803	Cell2804	Cell2805	Cell2806	Cell2807	Cell2808	Cell2809	Cell2810	Cell2811	Cell2812	Cell2813	Cell2814	Cell2815	Cell2816	Cell2817	Cell2818	Cell2819	Cell2820	Cell2821	Cell2822	Cell2823	Cell2824	Cell2825	Cell2826	Cell2827	Cell2828	Cell2829	Cell2830	Cell2831	Cell2832	Cell2833	Cell2834	Cell2835	Cell2836	Cell2837	Cell2838	Cell2839	Cell2840	Cell2841	Cell2842	Cell2843	Cell2844	Cell2845	Cell2846	Cell2847	Cell2848	Cell2849	Cell2850	Cell2851	Cell2852	Cell2853	Cell2854	Cell2855	Cell2856	Cell2857	Cell2858	Cell2859	Cell2860	Cell2861	Cell2862	Cell2863	Cell2864	Cell2865	Cell2866	Cell2867	Cell2868	Cell2869	Cell2870	Cell2871	Cell2872	Cell2873	Cell2874	Cell2875	Cell2876	Cell2877	Cell2878	Cell2879	Cell2880	Cell2881	Cell2882	Cell2883	Cell2884	Cell2885	Cell2886	Cell2887	Cell2888	Cell2889	Cell2890	Cell2891	Cell2892	Cell2893	Cell2894	Cell2895	Cell2896	Cell2897	Cell2898	Cell2899	Cell2900	Cell2901	Cell2902	Cell2903	Cell2904	Cell2905	Cell2906	Cell2907	Cell2908	Cell2909	Cell2910	Cell2911	Cell2912	Cell2913	Cell2914	Cell2915	Cell2916	Cell2917	Cell2918	Cell2919	Cell2920	Cell2921	Cell2922	Cell2923	Cell2924	Cell2925	Cell2926	Cell2927	Cell2928	Cell2929	Cell2930	Cell2931	Cell2932	Cell2933	Cell2934	Cell2935	Cell2936	Cell2937	Cell2938	Cell2939	Cell2940	Cell2941	Cell2942	Cell2943	Cell2944	Cell2945	Cell2946	Cell2947	Cell2948	Cell2949	Cell2950
G1	11.26805265298473	10.548442575761827	5.615408882987879	7.176570367308423	6.574983389440487	9.257174698562595	7.091463383963296	5.205153962493506	6.3454882627449445	8.069473796832723	9.52319279786467	8.13863472810251	5.154726089218841	8.151827031281236	4.681045550038289	6.548588745485427	9.024256882928237	4.06416995331065	9.253806631924217	6.708943942012993	5.8852444654153535	8.273521903232151	14.297218965265612	13.810262265042105	14.1024642963221	7.462927393874041	8.852537494122378	6.214252211254566	5.615339620099518	5.140376699607371	9.405754901308434	5.777110061486596	5.0645157893961885	10.704453435130853	7.4330271068638165	6.277309406553855	4.344398359748729	13.58915317105194	7.2097986855521246	10.403944070978483	13.844718731260643	8.720457083956322	4.807128053500477	8.587037968034346	10.773839292870742	3.853337927321144	8.130682514727614	7.655840390473716	13.528305395416794	6.955746607509662	6.947872157660557	8.99964075547486	9.678625364407285	4.819078518702171	7.739973710252075	8.031100095958166	8.765439180749214	8.731831696940525	6.414655229559079	9.16893669668947	5.545210430562028	9.799565321683742	6.8431404068561585	7.4593775094093555	6.912915469143315	2.8957438544592824	4.9331017655012905	4.907538924791471	5.990629353311389	13.545774022550827	5.6779597342104084	16.49096216566018	7.99550665062335	12.444095545207317	11.603005610286711	9.699757394541033	6.751389710202087	8.420831481842692	4.244829639708005	7.581857217995767	9.927969911332626	9.667017450840406	8.474226848272007	10.225088981426023	7.107104443079325	6.536832075383566	5.734686756448717	2.9665581735043594	10.5989975007134	8.320255025598984	10.59077794806244	9.660000236654243	14.481296249174063	7.2678411768749545	8.036449321140196	10.22399483474356	4.8031557707962165	6.782412283540896	7.49329793034057	12.933310992339466	3.39999039068754	7.533233255623518	8.211035215609684	10.79170607380283	7.295653837289094	6.789317293755358	11.93804188212703	10.192059734410837	7.650709818080609	7.447017439294302	10.741342676119338	5.868155053993839	8.851202216065685	8.78363258053846	6.020299338458524	6.9291406386324645	5.785379370676276	10.086704907420028	16.811515064395223	9.6143236313063	9.534674732016864	5.33803412968665	8.924388175768794	9.467997356557154	5.963280340315696	9.462873760647188	5.978214943592343	7.70399683754115	3.3661738827915486	7.825041097227625	6.85545368622365	10.537865213659305	5.966426733681119	5.851766460953494	6.891185085533549	8.001974944077176	10.417485807296313	7.4271393985093805	7.967853437391545	10.590955841524615	10.33520981723748	7.495531390181572	8.123969374954108	6.038162831446948	4.480716379847954	9.806617591381759	12.036515053013304	5.8938434249687	8.332026591950225	4.840992099887358	10.818415066402238	8.734111547921422	10.25759357427327	5.780793943663156	7.418046800546006	5.471557411640473	12.7066987202615	7.099866663952475	11.155909078737718	9.341267094128053	9.761898236813444	11.46826481630306	10.40032578907452	7.00018719134352	10.437848276550202	11.505696093225367	7.885505979159366	10.744235077939619	10.922920575534018	6.992647801963539	8.678153753088319	7.576171611643115	3.53653440694011	9.827273941364899	7.952632756767109	5.6638504991109	8.897276246726724	14.13045992272978	10.202164887667411	13.27201907312454	7.504218537321473	9.070790887395468	9.029828154476617	2.878982100828169	11.502860702775907	6.431541146599756	7.643684056862626	8.388260355760353	12.181091916162037	7.90520231968203	8.115488243622298	12.226743451765312	6.832107482187281	10.34401180388897	1.9882927428377737	10.759881526104921	10.301596294491164	8.908835665454038	5.864752354017946	5.017735836305414	6.75413399535908	9.775725407715797	6.976167343706312	12.438168531387223	6.126821162335463	7.185880117637487	15.623781652757886	6.637527312285891	5.999908796649084	11.397383181078297	5.277015315951839	12.980269864049742	10.59727977078653	8.499632860633113	6.753179068386828	6.815905399693413	13.186503955399658	7.586727526130675	13.87716140865731	9.217562261587242	8.69173583771022	7.9566991198205494	5.754162604214058	7.8486699328596945	9.456959587408361	8.155290361340498	9.127607166052412	7.327709829726597	12.241006362480348	4.544689040505137	10.8753118446997	6.289068044515133	4.794949882339267	7.217554561659744	7.794946348280863	7.610815439812887	5.628438117616244	6.108333759040418	7.98935288153656	12.690602891445515	12.435660355966801	6.528872435334178	10.27834159433154	6.464161157523102	11.400487368740615	7.541180652686633	10.746738665625287	9.971007014636031	10.754698439509408	4.225164340665791	3.6775087146873044	10.488145586583265	7.035441623775412	6.019173092312843	4.897526168030896	5.784558422742718	15.129165964963967	7.1886432771185795	6.003759117135398	7.808557247400822	2.989223023014569	1.9475993223886874	8.115624062692934	6.49524101054861	11.252912490034019	8.611365718091966	3.589672492219461	6.377865519296402	11.275373584345513	6.961116764504673	9.629148028823817	9.356612069507536	7.240831308869664	7.298423323533253	5.9920433549184775	8.037767610020408	7.979604924862219	11.353126985787544	8.29464315655091	8.426539504908046	8.842411460735764	13.326278191415183	4.79839343705241	11.987698683952908	7.0057533523601005	7.2141282665562185	13.063698243059315	9.211071366292739	6.704986922772888	2.9232433015026706	5.149569236646987	7.060961113810826	7.975807312187642	4.91828182700659	8.94286777482934	6.701778532393416	8.379374855811955	4.978225591017938	7.949537225873527	10.229558417267201	8.615565730194028	9.658456883671953	14.936291594438753	13.883985708004676	10.921837355353162	8.76345493345785	10.168669099698755	6.991247018111679	15.51295364997183	6.691339269804611	7.688423099751387	9.519629462698127	11.318759078308801	8.014925149873953	10.221640056475119	9.425726753540193	7.791010242102738	12.087737348635818	9.878828524599935	11.686957946886526	7.296051158361791	8.222810875924472	8.269231529902031	5.977867611723051	9.545111355935118	10.500899144683313	6.6822674846996595	7.796269208281236	12.5562046091151	10.501031168540589	3.373985767338052	5.381888689538401	5.395329119137223	12.966746538238366	7.782229028260566	12.953715936305318	14.711314684322106	4.554484989954107	12.966786831233852	7.650212748210641	9.315271579844389	7.611618596223333	2.9012502587674662	9.108099548541201	6.437941559650184	10.152652608195911	8.951347203041788	10.353672491613963	6.773502265991471	8.7247353891563	7.686666723661631	7.563998576895899	13.535845525425973	9.445171285621361	9.781842657903438	9.680962693083606	1.9709505770175382	12.792657206072844	4.0936159370596945	8.764605179843457	9.94515932441336	8.919541292810344	4.929433332750609	10.683713616767331	16.77759001602432	13.576324348170301	6.23231157824432	9.425858006752655	10.851879078657621	11.24465947860652	13.369385378941281	8.587605375748575	7.275213066287647	8.677800918555077	5.185235191628926	9.526374289570924	13.03094639185899	7.109390752746737	8.734085272040147	7.693868354909699	5.9285987355508825	5.847790496684307	4.890118707681381	7.037414919562592	7.608080878851338	5.981178508295714	4.625437290679852	11.908431482573736	6.045502964972816	13.819864436930613	10.999822794048539	8.481400609851214	15.195346606637612	13.921139071443713	9.767314364775249	9.46400933280079	7.954325776154372	7.594972026270334	7.7503124830344605	8.253369471045147	7.479817489251115	12.157967312390833	3.919385007382094	8.398798597758995	7.854829968285509	6.130540374305132	8.360224260066415	5.595959189834875	6.03722512113807	7.19980171585378	8.699210616485548	9.354399513044076	10.418018182804193	7.855751471015278	6.665307168383094	6.3204655230602835	7.753133727870404	10.247010283429084	9.053823900160255	5.840789291860546	7.656527405147314	3.9589209823076077	5.745109721192593	11.669436726181596	16.12471342240033	11.916361743608816	9.769101861061072	5.0599304633470545	4.802164416550889	14.555458078739505	8.434595282984178	11.709199261150316	8.137476713564602	7.698076847706986	9.325290555297402	11.167377146586105	8.714639228066	10.692799025517239	12.019743820281931	10.249336921756845	7.721245832176962	10.921030028699414	8.280623147169711	7.382238888233842	13.468333643582838	6.012412784570686	7.688107755762213	6.806994341119385	14.017345718113907	13.720808363926135	7.405076279782011	8.09656539359921	8.502950394209915	7.555063262908401	8.649359807293969	7.5024444122985585	6.99284172913482	7.35127665111351	5.853787921602908	7.179048634452909	7.950840314952679	8.512766299509346	6.9136867424613575	10.402773629914824	4.908340048429193	9.624463655456447	8.310074781753835	7.237009617843838	8.622357213702918	12.85093026502749	9.689772600718676	6.791528005538049	8.399900539824607	8.063456138297523	8.00340362829881	6.945784076688991	11.139810324593906	5.916953791213941	12.702404572522566	11.089429730077502	10.608361334042213	8.870590207398008	2.9082186433671935	9.799283071940218	7.486983033680468	7.4992466102831745	6.881958137756568	9.943542828590834	7.732269798014281	11.529961178313755	10.202017469399378	5.384635033266687	8.341391276739548	7.788711177883032	8.21276590160375	8.568092085884118	7.570163017138271	9.714485372778658	11.686643610607657	7.163507634850044	9.717015282857723	6.66792408626636	6.426295858156918	13.585610927745769	9.813409868421344	11.612052922380839	10.005144128908434	6.604828095540812	8.632453024212433	7.572602680022331	6.823758372356753	6.508410599922102	10.347691533980392	5.92948318136754	8.88512676480286	9.608976763608814	7.433595345117549	8.364927241451856	10.091738044022954	13.580631401143107	4.832847282535097	8.364858895603328	8.828352318054865	10.126185686937246	5.123822775369645	14.972077779676123	12.613721391327815	8.839706507586945	2.8866454832701223	6.878330024274531	9.531683199669065	11.648705448268137	7.2913672197843145	9.753691238187653	7.691608505325411	8.535174609992948	10.637536476635226	7.99898640612507	4.978604346821941	9.924943016317094	6.587302357194819	8.841006021133365	10.792029470831919	5.88833348907133	12.447223648178372	5.706490910292445	8.149258471663945	7.913622836716958	6.95357130907445	7.836138406027473	3.5283669103467763	4.919194221412368	8.950553576226378	10.875239259508508	8.866830358185245	9.157128070047795	7.867501267687961	8.94524140358717	9.81169981932811	7.642292908841807	5.511559230085484	8.821745211654697	13.002912360178453	10.28634877580938	16.981672949873918	9.287818775866446	2.5556398346555835	12.994534791363616	8.289209197600885	8.904190773299035	6.477060554065949	9.86029806952973	10.600276860254437	12.21826935461918	8.70514395064744	11.995266697133927	3.820786009161429	4.162672545621763	9.778135701040421	4.947101553282106	11.934730570422484	4.856847588207067	8.310251249367742	7.828328837113433	9.683412600267811	8.162047967931077	5.476343926109385	9.151768003499365	6.772192625155545	8.603645747889548	8.762605198501495	7.799977345097067	4.841527122622739	7.952223156630625	3.846598620060256	4.941314930164509	6.424284175006745	4.939134935334333	11.624250423043138	5.507330166887568	12.750233887061773	6.718216794328847	3.886282813684008	15.490609985450133	6.466042916906901	7.266197704003634	11.240742146738022	4.412912033966184	9.928562847410602	10.29545423931638	8.07463374911944	7.785935081312801	10.698211606008574	5.983327380642081	10.532758403300186	4.631835453965018	5.751724870177751	12.598138961680025	13.705502252920464	8.482643123627383	5.401516363586285	12.911037511723947	10.597320236006789	10.781278240992599	7.43814807893226	9.950467556501732	8.58135658008757	6.408795258005259	10.093322586060097	4.856879531359482	5.785429536998287	8.648127496247765	10.661744702896353	14.980184793478042	7.7842603077796015	10.406299199869	10.063803050611675	7.228274315232139	10.734756928309759	5.422689221909566	3.9932643592580943	9.959577354588307	7.04638889304052	8.856684756630537	10.00487808748653	6.764656091405715	8.943155684758425	9.575519142399527	6.976432876708585	8.015873813497416	14.375137792040395	5.175895682970675	11.167461123949082	5.804423046648426	7.235092197861607	8.898022233327705	13.644027343161598	7.380554818001284	10.117308128897108	9.091257741307343	8.502093400349658	10.741520620558779	11.101020383699115	6.5934043136244656	11.490093847857755	9.087450166350274	3.9645917981880596	5.001108816709826	10.459847372356675	4.99081546029974	7.1856723645105225	9.06952266901767	7.422320495069099	7.650765365810779	7.736927780377885	5.90165453155029	11.046177401733225	9.722151688030774	12.470051357946632	8.405540485500575	9.447617852257475	6.4359634742749785	10.855484516532549	11.40630133594803	6.2788618625468935	7.891527024932692	14.179048495979458	6.183673453310678	3.9033204713533594	5.86429242239194	8.406215220669631	10.58351356208021	7.972993069892696	12.903979492491214	9.64833585489321	9.877702489940283	6.096584550665909	7.819072345676555	3.9486405576711414	7.29944210759606	11.26269930408702	6.795664790740198	9.624955941919472	6.7829437890097735	6.550233936438862	2.9448992122255886	5.84395510681713	6.915983324122062	8.02797594909829	7.97193841212309	7.7640190846093775	11.124186539876126	5.734024291991798	6.243930733939496	3.628592567336042	6.7944679072708665	7.338415045464263	7.999401318256758	10.73809038005165	12.890274447835264	7.949252191450502	7.748229781806416	6.372400242909873	7.266357879667139	10.093437832580998	7.10834262446875	7.818053659950853	13.197868511111645	14.347695494626212	8.852021390666344	3.9143715584682206	6.017814418434174	5.924235894714145	8.144608180671016	3.666639906253015	11.20464276117481	7.621386820828443	11.496794246298267	6.940918508983591	10.721790237883702	6.249495994206011	10.980941631601567	9.654722815454992	6.503077833217862	10.400982778019848	5.0583288581370205	7.901923388658434	7.996466578408088	12.87638274984508	9.185578572096116	6.715814637693357	1.9785745127643029	6.341055004677347	10.278823390445064	8.74722654766747	3.92794487874179	5.678512517390504	6.07564341641616	7.041832239236089	12.17792499598298	12.67212888085849	10.50843940397554	5.95408785871492	5.419666005137108	7.648239660313918	7.383150143631288	14.600177498638708	7.619040265084167	5.349464796905659	5.8898140733128175	11.797805526325348	9.636821876390554	6.843692539732458	11.625680322722495	10.165025221665248	8.54959128658329	8.62098507082375	12.819068159627552	10.541100231898891	11.961385577550272	13.951264119268	7.938380153507862	10.8297400466706	9.082681435247217	13.178173469600331	12.85597386999151	7.693465773886582	15.435164605239125	5.6498996107825405	6.478102139231014	5.228307377992862	11.338379135342073	4.79203818488615	8.686273663267864	12.778717123790194	9.977623694537922	8.95725985484415	7.2279396780496885	8.42307260520924	9.943715857389636	6.981484145079458	11.790843771655819	6.709661998603547	13.214100419202367	8.902691150746257	7.340467239971005	1.927752944417459	7.774019807132058	8.746906490612563	8.885260807486357	7.745331345307688	9.324412783644666	5.951798111134594	10.557477229701098	7.688315673258308	4.069064155241006	4.658942248954424	3.85063124456639	7.960450204302643	5.892816267692842	7.503027019414171	10.482506989171824	6.828898208159992	7.4846627259364045	8.258716029622374	8.33894069271909	1.9987908888470238	8.85411460981679	4.788145447276535	11.419023854251087	4.901841883265612	9.23805167973421	11.160003024538812	5.142259715310334	6.910290452222545	5.950532511613958	7.201880416887056	9.256675325026123	7.858153879095922	9.7899441598309	12.367578262653717	11.302576993145745	10.690148287160376	4.431178857365296	5.80233092188497	6.23480900821242	13.920034611678123	3.6214378942879817	6.92070615589596	4.838104806416315	9.874522579811591	8.78420085663495	3.790948896306162	10.314318959304455	5.737832506321342	10.708620786531151	5.694019899833651	5.5852053535442465	7.992541587395774	8.07076345259979	4.677628004649711	9.937055591862979	12.327592486161887	3.6987077076600667	14.31965634654524	12.941177361953546	12.080243014009461	8.81959710295455	6.598252724771006	8.84088534702603	9.58849590435506	7.947218530766479	4.173404185321328	5.613387762125789	8.841750501542075	6.627035576265235	5.8158515677107365	7.664606185584083	7.722540237089665	6.327124222706735	14.389044787157372	5.8418199886694095	4.9861035988783255	9.905445459810187	15.048659113554766	8.243771836689131	8.279025749754956	5.580838715335034	8.868815521454932	5.462022113087559	9.021721247514956	5.685102584165347	4.161718963838467	11.013388753385572	9.53422858061083	10.665469331228278	6.422872332754984	6.839460517979227	9.497703124864925	8.458841520257806	7.109566768354674	7.886610111256155	7.428460764110134	8.332324806257855	7.737604942462382	15.46533028889453	10.782557643938574	12.258662515149435	10.923138811037086	6.178025015449645	8.171308015487716	6.585511618282717	6.975855299635536	8.74240129914876	7.107500620559935	7.73257192623466	9.520912616834128	10.2340419983774	16.790059811382644	7.8447391539784395	16.62429479716486	6.7448900126542926	7.334601881153023	9.64031865778816	6.7656035517954844	13.760805301868702	7.279047686690761	5.842862566062248	9.201506528358456	7.650662961409537	8.692248542586592	6.16824513448219	8.695691822990115	9.729881140396158	10.11056581970082	8.54986354690268	11.64298345326019	10.335285651883387	8.274986715712195	8.13095129707826	9.66210656498244	8.580002107531067	18.162043050645085	8.362137585641214	4.030513825505543	10.96313433880101	4.0041193103705375	6.419344028913865	8.207136531614736	4.354235394403369	6.486874129156378	11.946085116487701	12.55885825155112	13.626370176763416	5.884417314437826	9.60427994026591	7.869774983690776	8.562305891953386	8.808862986005217	5.965775201516751	6.690777807496424	7.38871683924068	9.539616024177596	6.349731110672011	14.29090490580125	4.5538761613414795	12.456326873064175	10.271347418386915	10.476519989969978	9.054388294908327	6.342581591436327	12.454679599779551	11.402241285900836	6.6242983727075515	6.9345766370152795	11.367966576020034	8.280934154818501	9.130255134794627	8.246698203787462	11.834435131457564	14.786961355811501	6.261603116118889	6.219884368789606	10.703491929899812	10.525848793165176	7.473628045479278	6.756888223911279	7.407592748040217	4.787169760852531	4.923280495830929	8.818840206111483	9.239727781621232	8.915973855321692	12.52101348495002	14.545001952980323	12.659824372282808	14.617783973926064	7.742737137041586	8.700966018335826	13.097727537227827	9.3316395509599	8.875869810038191	3.51155449178672	8.83348645022476	4.681564233231782	4.984667250081652	6.055002228247159	11.17509769394937	10.797826864735443	8.018206345445984	3.485800216068867	12.255595275262937	9.370434374286893	8.10556052975642	6.042264878164057	8.053851485858743	5.033357090360985	10.706471936664434	5.82226085889604	5.831131635763459	10.943250718459893	8.964250753248024	6.345314845047106	7.320925620392867	8.581354048055816	7.015889593277363	10.980349538556323	10.80357159800581	8.641794990779886	12.792849408807161	9.263268793204038	4.361159124327665	3.8034528270948686	6.6998823089006105	2.93531463637538	9.32515970775096	2.668144371497633	6.659411773434605	8.059363617468373	5.825320546782677	5.990333688156431	8.334310290866485	4.819290978262657	4.0081341620919195	6.763489505273246	6.545647889413242	7.872372100637391	10.567240166170594	7.078778594711095	7.239188534000273	6.479593602406967	11.281249121685335	11.606437435210093	9.567750155530508	11.963453612954277	12.385984905072009	8.0006079848734	6.830305915610637	6.804451804266761	10.586261867429112	8.002602790876775	4.609527181079626	8.939487690124082	5.420657653533618	5.674007676035027	9.605954225460966	12.537497276579145	4.9960941183257095	10.721438110889345	12.070129637833244	6.634927517598097	8.844543195268534	13.420762629205742	6.716569496580392	8.329935006439484	7.79425383403252	5.533582735452261	8.384016483119025	9.639225054730932	3.765284390398994	6.788854503895275	7.12174680217225	3.489211813306231	5.113123113124859	7.707241638985878	5.553166786466291	5.991152878681965	16.46890603671228	8.149153643608528	6.912634437100161	9.666325328108405	7.113269667021286	6.505170004587114	5.961826123292782	7.427655750844083	16.13529792767019	7.478050919074498	9.021596138812223	4.963692974811777	7.977919018249447	8.024989285507713	5.8072018549399225	9.761857828909612	9.587065966665698	4.173629681265481	6.659205657843132	9.86909051318094	6.190784291317295	4.671934826485238	4.890217146564212	7.251891959546268	11.28453020677182	7.764330119375959	10.802516913145185	8.919730671744531	10.803643514008066	10.095011164845427	6.362505333298349	7.654825226496061	7.414475731599723	9.086479419941695	13.571522098615539	11.739328354651729	6.1353227351000585	7.296718136387687	12.671036458834594	7.368915207645389	7.611794303222012	4.893168223465539	5.943023928289465	7.900977218089842	8.932407868013469	8.14299576582129	6.787963450810315	7.686163124640666	7.76749013553277	5.622397399696315	7.232371904701685	4.9642616668591595	5.96445276516358	11.596550767940107	6.257838895259229	10.52840010571935	7.676441912516072	10.854699487349912	14.877838588184549	8.903252549414086	15.221798813235518	8.838957873384421	9.632624733345404	8.69911958533035	9.970545524526658	3.9725979108172083	6.564426822576388	5.888851009022012	4.9223068570061415	7.403086959865955	7.013993381876004	11.17802552126118	10.69887020682369	10.205394457819144	10.524479705482724	11.466540035035557	6.742209772507653	4.847086164362104	5.100951175491701	4.9316466482990995	7.5300220637764586	6.449472744296821	10.629435612456446	10.878680566457435	6.979954648158464	5.785794974375772	7.141185847851727	10.24409808805289	5.258753963751054	9.626928237504524	9.249125115671518	11.951261080658538	11.577702522883225	6.649988276038566	9.691802151096834	6.109912316936469	13.88647287570563	7.970791249989836	9.526948725520915	7.445729564246997	8.302125793234355	8.393225119624493	5.846479236568978	3.9904327411567087	11.405069340122521	11.350753303977202	6.270789217321131	4.953419609494416	7.560069595992415	6.878694636020634	6.342277229431914	16.313375297496517	4.9865086078605465	11.37342213735598	8.467889094515506	5.552942833896462	7.554195784097558	12.233956777635077	6.609524125123911	5.497511054309091	8.83816832911498	2.8997137153316306	4.905443569494279	8.12637491652308	8.62304498506782	18.51682366187232	12.368264725052665	5.657363225660012	17.197092389963608	6.504395393699411	7.643160283364123	13.466669552278859	12.962123216903702	8.927358592455247	9.36280267878861	9.782797696725087	5.963664609906922	6.126177481800429	10.482658184992001	9.255007271808259	8.490504753392925	11.501397794683738	4.6215337850321125	8.751718537034517	12.197353217179046	6.207724873133641	10.839356285733562	9.523069960068138	8.019799350945332	6.921503894216662	9.965262797279324	11.12077534917163	6.25677003635214	6.853448704919443	10.145821894124552	5.612151422080169	8.956539727871224	9.286525483892133	7.82157044011	8.761649352960546	10.346292676558406	7.640192155193929	5.68511721332944	8.670990640205979	7.680993240697307	5.451929313772546	7.973284498385559	7.799779161053011	11.399116646918687	8.748995798631608	7.697737340571173	7.978110856936858	8.295781051245733	7.43662529137273	9.652265561690335	11.219820133976615	17.289019072613133	7.936190371619761	7.423046549357648	9.198184759908068	9.108477565700387	7.1654304454384095	10.064477202535512	9.640362501500322	14.268466505222465	7.706175973219838	9.831553382852904	9.521254045462328	9.102946280677545	9.13670539482963	6.173953335803443	8.697548301895752	7.683377237011247	5.950220861751144	6.936966058593365	5.567248401515486	7.452865114143697	10.203054283501155	6.989150687195916	13.914299862409619	8.973097761123599	11.119736623061799	9.015967899041817	8.848192276597128	6.993733089846583	4.9294653600512985	9.882091707801788	10.818359013870134	9.542088678793206	7.675927211914355	6.752030626292332	6.405761013730435	11.591408810929192	6.856922609505366	10.661308406584133	8.51498971678235	7.341929972163544	4.723345699836521	9.709477821268012	10.03227088908308	11.959502983297257	1.9166957787248777	8.208019577142082	6.855410103323044	11.566919163522272	12.255751316302575	5.443527294240592	12.882679878073628	7.558233836660536	6.436233884424636	5.96692734221182	9.148153324916825	6.195866910133011	9.019689788909714	5.7098047068047375	7.935913879838726	7.516712299545775	3.9700886073103927	7.2814326827749705	7.566338260388103	5.888276211135828	9.078617855805396	5.62355090077281	10.666769509226102	2.9546664739207125	9.057877323293967	3.253996078510171	11.411897465542078	7.0993889290731635	8.968537968993326	10.309012995233594	7.279171300419958	13.0793372594438	11.343819370549237	5.325106726500221	10.785238257477383	7.629354608213887	7.5789237714316116	4.29353341674997	12.942653008923205	9.275983576508303	8.771184172667143	5.934732555775435	8.743288728829866	9.9517405801646	9.324862780842402	9.168742851267229	4.834388149619202	5.03217808822425	6.648016348397149	7.7079484026072045	5.931301693691893	4.931385061656434	8.557114776162749	10.81005995677994	3.9937285346020515	5.853676013936461	14.344655162832867	8.729391218584773	9.57192939091526	2.60449933114692	7.066642013510928	7.700958907789082	9.573307701118717	4.370556583666358	8.180011013666697	8.688960386903306	10.95161788726727	5.173832117662348	7.182160233036171	8.722601794503706	7.134841520406537	7.78183936652232	5.619080680769508	10.788205830516171	7.781654382724734	10.599882297111435	7.907040784884353	7.780634292714296	5.653252857969682	7.868204889360593	6.73849199483442	9.597104647206711	6.912381342628184	8.685093666934659	11.29515022193213	12.783220968286761	7.690401837928848	6.231822922903281	6.9976051173322915	8.343312287012546	10.020652836128571	3.168600102259059	10.727130330974632	9.767563180097218	11.228055677134655	6.726755691551964	11.09316343712119	7.81452549310551	7.638067677680952	11.466632023288295	12.80078581317871	9.29837713489501	7.439330411655569	6.036665442288953	9.347479420814226	14.644304652575592	3.9109905844188697	7.288433949263801	4.674801491219384	8.312043474036338	2.3988757163575887	4.9559167755158215	9.235912814005257	12.875559664167604	8.622539024228105	8.42377876026846	6.980237390913016	0.9997026777875426	8.867551956239183	4.814723459217711	4.619109478341887	5.794772870649212	9.628195243952357	9.113619449590056	8.744763808023324	6.102933142739897	11.112428435568178	11.305993164944788	8.796938831360427	9.191800236967461	10.758185915541144	11.332102444162413	9.974856465324555	3.9512680236506195	9.16367105200768	8.582362227883081	0.9924337606548107	6.0412439601062395	13.716558334296733	13.836398231433611	14.406114665353856	14.436887949257198	13.369122444328173	8.919843505744625	8.001291659729898	6.760248989971217	6.835517725383671	9.009891562082819	8.387379844411639	9.830133358261593	10.549769818025355	5.79278085822403	8.893393686729256	6.978829256401803	6.4862460968199365	6.338670453681555	6.970220182705825	5.278795632718962	7.891716021377642	3.708692911967679	4.950893222768052	4.381095365110499	9.493894010817122	8.326256977550129	4.906930277034884	7.500041713856793	13.768757863744657	4.446597751981192	11.995805185398074	11.533700330950468	8.168411937939325	6.261464211156143	9.642845383053874	9.712524481238892	6.442758965350376	10.690214757522021	7.849768252604533	13.019138239876193	6.072113444260525	5.968106548482067	7.016278502662981	9.517411220256243	4.60744517375581	10.072884143923327	8.290495349877203	10.815331779627943	12.694265190807998	13.918135649243261	9.321230116686046	8.2534474856257	8.706959121564752	6.673111689773047	11.816408362090884	6.54291994068673	10.293025147620005	11.602665616322062	8.373837844942088	6.963205075404341	4.951319578976028	7.770620048948456	7.3135925904900025	3.9719882449900137	5.965081794550794	8.074731644804189	5.772215618898005	9.585673857073957	10.703471129596265	10.569815298572788	14.62714476872123	7.893785168623759	1.9732638976309727	9.396105108008241	8.825503710536694	10.88647581907293	10.238529561859469	6.0310679902237965	6.743504333459343	8.673361045119602	9.431216286973111	11.137416080402573	8.58775843703646	9.763099417111345	7.137654506665783	8.106839386877553	9.46504712366832	8.987641486985023	9.64476487244437	11.57245466546087	11.655689051760428	6.417974038457484	14.316232065409647	5.038404853237129	7.756124757617561	5.827042389958314	6.821608799222969	5.988293905244059	7.691374159346144	4.91625994808981	10.5893770970186	9.297908877733732	12.474517348414	6.939717416223317	7.692693316465448	7.196561374398159	5.695726023629333	4.244071477793889	7.702030386775301	7.0772056394466745	7.71481956655662	8.57830570760176	10.872256470056668	9.937406731848974	9.477473707776962	10.153941008054664	7.735293143500664	7.258309913167975	8.268419457178007	7.869080484705092	11.70653706003278	8.750275261323978	5.498205905263612	5.919528852308212	6.71588333124812	7.2160628387535	9.492806805598901	6.4176355215437955	9.240202214839055	5.624699974266587	9.322089718708286	8.271800926618031	9.424724270312929	9.223987651163457	6.985077429252098	7.82577822667923	14.423752239592167	9.33478641488466	7.456822618968973	8.44148011420524	13.727188721737978	8.344874367578438	4.643675997785187	5.710638757947127	9.090361603528894	10.744618087691414	10.37493692918906	14.534505949189178	8.017885876409851	4.37800335192878	9.789601682913046	4.041186499635468	9.963783927142478	7.582180812938859	6.732877760286545	8.393468139771409	4.834036630114133	10.923757830615825	4.335905431823507	5.790973000158293	8.58789865222323	5.506493512629334	9.74071890393691	9.879452343059901	8.370980820403245	6.315338283202936	11.590492858596201	5.7169405270768925	8.52247824859687	13.296849416270943	5.507913966291368	13.029802743219205	11.338413277134844	6.907386095927156	10.151032090354711	6.813845968755785	9.70913711323131	9.96485907959844	9.158085233150967	6.136580901424741	5.719218539945842	8.682371567919434	12.052807457526347	9.772444827505103	9.887205220253904	6.718951958714414	9.174528159856093	6.989613415231767	6.747790482162567	7.143267687598501	9.89385543272016	7.2363106583009	7.961713163927961	9.00891864943835	10.848750273866699	6.54264309626568	9.476388660965831	4.442154567659285	8.784135859139889	9.228316235643007	6.585085227494035	10.48606397062117	10.757118690028198	9.018335970097928	5.661193943051903	5.909471621741703	5.473776249031081	6.488742622485977	10.578925383745275	8.562236344555423	9.133208919903652	8.000237747486713	9.612514437386821	9.714673017046461	4.029980475937389	5.233906881222006	6.4775097081717075	6.455229643304367	9.22657142074179	10.446609661121007	8.204631990537948	8.150538409204357	8.636663876965885	10.182498649847183	5.750989625647976	8.039929575807408	8.689643174858006	10.303167342548228	7.2717720143373	6.042219097393039	7.727893781934341	5.907806476443552	11.762470343867012	11.575530229053276	9.397570966783265	10.751584801518264	8.205398725525088	8.53539668496174	9.265292862182418	1.9397829309659838	9.241735079652862	8.326496299450538	5.626753608359879	9.466505354811826	6.648152623446881	5.709699535945993	9.723096949839558	3.7194696077694864	12.62715224838963	5.7494965765704045	8.08522900929037	2.939344157719718	6.398250224134008	12.991403959546515	6.769846368992989	12.775913677017597	12.841256636768327	6.337154988443084	5.653872188119915	9.429494406461762	7.903206653857089	6.868958228971066	8.714495667320953	8.110916623216822	8.927594433835084	4.303050574039195	13.39386051244975	9.244892360124439	11.764814659387959	9.556606778958704	9.853965423036852	7.93601566402707	9.066899735701611	6.102178624501783	7.101053288908651	7.762349351168294	10.8711652651244	8.45791486331628	8.242247297206307	9.83329339490375	10.0012941086732	7.47350991880723	6.906587862440234	7.183253721723984	11.928092465390266	7.299378471829325	6.229209395337235	4.881915332570227	8.703639877572098	9.789474408756815	8.092040566429105	9.689567867596573	9.612279737766231	7.831488053317682	9.630218772323236	2.389491023582933	7.388335085998887	6.174309938360231	6.603762886923756	7.012835527039468	7.979208802502693	8.185806885923013	8.525182467015426	9.568612506249522	8.76267854037083	12.185024382685867	13.87144778163653	12.074655518818023	7.565821348788625	7.578665998319204	12.585971577868612	10.66969886348922	9.790472126736177	6.673830753004241	3.926053401674069	13.718825479676719	6.630785052108152	5.777543299502538	7.116104163688373	5.6600494648025945	10.45971057806646	5.9108784729297135	12.621484548991335	9.156165049601453	7.6381596369888545	7.687037791703239	8.83128079819772	7.9042095720399255	8.359392522610834	9.2789940283174	5.606730533401753	5.91395445729013	8.409409895088046	7.962383160331096	12.860379190046926	6.396973151137886	8.356976110663627	10.16792321133371	5.217777539341649	9.259032559476092	7.7617947476058475	7.370396605773929	9.88405355298536	8.260748711025759	6.550969785404205	7.889307225949897	6.055020672531053	10.990850808034235	7.086940678554478	12.39526233363829	9.934100677233799	7.3560232968097745	14.12666428703021	6.741707442938218	7.394234720818489	8.030984871396347	7.291114021819946	7.10053809166439	9.277089137880676	8.94307249641628	6.889021872112267	8.712101311007935	7.483356193362329	7.720484604354523	15.672344436986743	6.74010351125742	10.660714846771068	9.768401041927566	8.533127294777268	5.415573900127653	9.56759094592958	9.848404765403016	9.256356908498654	7.796589782556888	7.775134031543185	10.818575484877185	14.013664945182528	8.871536523232685	12.54679466309449	9.687402255630413	8.048924043434274	6.2555037547491565	9.632202135441394	5.3004102096305274	13.682056181897256	4.9247884370583455	4.64080189623714	9.720587861076021	5.776156691376942	13.65979424414985	12.583378489850586	10.730018000422824	11.586899283180413	8.206830053687241	8.714214916312194	6.846774496133361	8.863931246901348	4.27932682518429	7.1403842994108535	5.733768794013601	6.697137937476786	9.57201854244635	9.45164412818228	7.862447097115009	3.9103107607682976	9.31754941454667	7.166989996579686	12.009837073756644	6.846093748378851	7.835958493061587	11.522280397273096	10.427164714061565	10.938565314088315	4.93941393268744	9.678095741660254	17.683542582572986	6.928446999482498	5.851347157610176	8.340314332392559	8.057420489361625	8.022588625100118	0.0	8.819746197403614	11.004401566253978	4.011451464227964	7.062399523863102	13.899849515916326	8.581434373088957	13.518598837939019	7.599548300623234	14.58255835629159	8.612542922020449	12.883559211716523	12.153042880247785	9.272388533242317	8.375848001288256	11.284309876642524	8.827412983874806	9.978671902112545	7.73269655953366	10.544026887053912	5.703070524080418	4.935307417384383	7.267230341407007	9.923539493328194	7.692045161130876	5.512360340270609	4.7034444850233825	9.094986949407076	3.9261837910776323	3.8885465703054867	6.743904744935953	8.851756777376115	7.699423400346405	9.5039896983497	5.324080020536751	6.6297572003276155	10.266671408168815	9.79724813643083	1.981547785701204	5.823626961573048	9.78928340485059	7.319119011085119	7.914671406511897	5.451461015395985	10.40569995674681	6.791059336109707	11.824873257665066	7.274866087551288	9.029637807336902	11.181548405505737	3.905564744093345	14.148228163907088	7.48240574521084	12.054289919001866	10.39191068629545	7.241169140820276	6.020192973381605	14.24537340601894	10.124487121463492	9.029443241354967	3.904596749961848	8.770114909885685	8.459303103027596	11.271101341079657	5.397022780539684	7.634318118879964	8.579494016723638	10.596408597415461	11.37302473945136	3.614831904806661	7.739078748145274	5.985105318312134	14.088828301387133	8.853565951636163	4.731727190462074	3.942898208853191	5.934672055365799	5.888106689330383	8.525987620184518	10.676312744504674	7.4634293995864756	10.939813655323688	11.47472606350686	7.13680416208703	5.838130255099393	7.964750121660485	7.895808061158254	6.083976855015134	5.965898912862091	9.031715818034279	7.090417323684468	12.607394956948674	9.069788632473466	9.20264922127084	6.3843883804163815	12.825598638816164	9.260043890215261	7.454259180606083	7.832438344866132	5.83000961551516	8.027191527310814	8.9673596649398	13.697065986378245	6.69436089395581	10.893978432131574	6.337376615439095	8.235173302637065	7.5819246378498955	4.5871619361165825	8.842107311045396	10.13927895017357	8.888810266436664	5.983645136508405	3.9648852200783584	9.7193988432887	5.848285845958531	9.103834698911959	7.881086543332341	13.638579823489811	8.869249960234372	9.08159592772449	12.437494988814255	15.839845178377393	8.84185841711213	6.411654400963458	12.674532093642085	10.103741455521336	7.046526837439327	6.365446743061396	9.68324202029192	9.907453367121985	2.5171007234420686	6.582523881117138	7.301085114704524	8.543899613363314	9.833828518709518	9.585561968763203	6.82755396030037	11.76273997527764	12.952748976065838	3.8356273527134648	6.102614249164477	9.373365094080382	8.199131725826815	6.787284769577374	9.595496967405206	5.301825201271056	5.646190875848912	7.315503424477489	7.620844768625539	8.402997855957043	6.7987835787534685	7.534797160058275	11.835077882856128	9.925359657690597	11.73675738258286	9.112392184744579	4.59609042660771	9.540475087036592	9.617110274023576	6.4744995088911415	8.795169807597926	4.866894211827262	5.529391225565809	9.329509890563804	11.07810062756664	5.372124118165453	11.889801805038804	10.551069463700808	4.74056045042853	4.9710943499095315	12.85403792597971	5.857723268076229	8.574293852652666	8.772122094284622	4.53504070041197	7.59369147860284	8.95022014718834	14.463945585648583	4.2629316221083275	8.70428057988437	9.947228337551312	9.853743986062476	8.43320335666821	8.712829764819995	7.010339872664093	9.877633021922733	4.529291451983954	8.838055689421116	9.363530911518769	10.149007929586581	12.122029252020209	5.782985678042962	8.577089883472407	9.605434764427374	9.961687544495973	12.61776871004218	4.97065029356953	8.778830771425	5.246271760535625	4.6932799012846775	7.726546401051647	3.8518145487677447	6.360534241661069	9.840317214742004	12.424340334524562	4.004597216859098	7.156971540732623	7.616992531321109	8.81998491728753	7.414274730755985	7.136686115439946	7.195130526388122	10.034606292658644	5.790366285498453	8.518663451735927	11.184996333049817	10.268233690973137	9.111088461283174	12.960717275133753	5.3462263864744	7.726810499044985	6.245562245704172	3.924174000131093	10.896165582654028	6.597818552858974	6.68276415347267	8.252917367314195	14.685267072578037	8.839819632440662	1.9750876450716284	4.984690654684271	8.768584044427664	10.705888768098726	7.212126799028738	8.226105828135013	9.171988703407912	4.934972309983553	8.68175294201316	14.109885788453397	6.862386074848508	11.762488352198243	11.984625261771939	8.104568834368592	9.699118172124374	14.550267631889017	6.258598037281247	6.301981013409951	10.273922240072237	10.59800660029017	14.553050545871601	6.6530697604323725	8.010625474255766	11.36961929595486	10.20948594121503	5.369813772078925	5.198458614558662	2.883466584735742	6.595840303649347	10.623647481978209	4.001708672370118	2.9538798874238483	7.872433848502712	9.47014424324336	6.800735085942638	5.754524945202419	7.022641391969194	6.521455228369504	6.340647945763889	4.847157989832477	4.2173364380030725	14.51826831674739	8.59344122473606	7.9606784223363265	11.824148433073342	6.7303789908576395	8.637324620322099	9.115373006608353	5.788613455654557	10.021746534877591	8.267372753708637	5.93089718604346	5.608544953780696	6.95600398537175	9.925157076933328	7.84417439222034	6.069356941165159	8.846215423382422	9.730064852492104	6.967043798615789	8.224476485885786	12.947738001966792	8.629168477054353	7.513099234133904	9.780145979963562	3.8717044728815146	4.943936291281637	15.27546723700422	7.764011598905811	5.9072479107193425	3.0575173401963833	7.888558207236701	4.78317597447941	9.905534824983311	5.9488424187886455	7.247855763006341	7.123013378092225	1.9484073197209342	9.078309281478997	11.418575808662986	14.492990937039123	10.854306930471052	9.68411815419539	13.84599342117269	7.187535937242478	5.133212133920533	5.817008163423983	13.371314121667037	6.897294772750832	6.919115469153402	6.760135981408087	6.743693262782939	8.015165418519098	8.93981300644653	5.118147309019507	11.424974528638906	8.477239290387498	8.714589827891835	7.5906485362037905	5.790082328814676	8.403821393831276	11.957631127824415	10.075989185635494	7.696107954761124	7.844338736088844	13.977961328424815	9.012316016005766	10.437516959460119	5.847567993783945	7.530929278894257	5.802654117076731	9.372184524981426	0.9975813421391098	7.18688386525816	8.528451647178391	7.675714366418117	7.3912323728725955	9.79318130171221	7.531395493864184	4.00127922656194	13.771094960726407	7.158087519465843	4.965112274344789	7.747788961698423	13.013686880787784	6.4985340314335005	7.538329364104748	7.641342542144964	5.321206484348326	9.841037813238055	8.607946431461738	6.667951616868579	8.020751270586711	9.602793467443492	11.889823106808969	5.404457067630503	2.778617447140864	9.003185354345392	9.067361125837252	7.920742518765125	5.5305017670500325	11.422693847805503	9.173407474517033	9.334902388735099	7.099995606451109	6.020781870753143	5.99954986206489	9.466351810723692	7.584189216177366	10.74687644015157	8.066136989198137	3.866891780916444	10.569234208862394	10.3665530416411	7.254032349602052	6.436883650982283	8.843286530475206	8.68402442920493	12.039823959086444	14.316375396434848	9.165272012222777	7.446431133006914	5.154648823398861	7.961686752141727	7.3029365818091145	6.812360161712099	4.869484174803298	9.829561566562793	6.413821915101074	7.671606850152977	8.622401628331435	6.414218613420328	7.228009661729915	5.304302743858572	12.947635233265506	6.171590436080546	5.694048109841001	8.784297714416754	6.895682226563082	6.981424288093781	3.7556443902334076	8.404762820192843	6.945842901872139	3.952292675597062	10.168617657070387	8.840046783814628	5.448533036423101	7.394763674109629	8.447446018717121	5.844359103141815	12.124178706450854	7.881509498960092	4.8147560974045245	9.023320280262569	7.1887357117728525	7.133649754182223	12.923868686734666	7.916452312051694	10.523119869286798	7.78571771157107	4.973425317532772	7.91008752102337	7.8530421103961014	6.8522824454201645	5.236976587402199	5.738611222631574	6.114735056793122	13.88729707444396	7.365181308581652	7.496981640361524	10.854945855916881	6.260375167004162	11.387670405272624	8.63997572414522	6.654189717074448	5.880708333122289	7.302567762080852	6.1589607783027365	11.13621921169839	8.02964248787867	8.61699525872209	7.78158983673697	7.485309910737264	6.666323225607915	6.2022238562405665	6.8211292532165855	9.403908180558528	7.523154738973308	0.9842277492989142	4.903010794405432	7.260276252279253	11.859827374836893	5.852947464678587	6.237996283175373	13.897230410888417	7.896960526924723	8.935383212426853	5.525061803637554	3.8935050832971676	3.798064439567868	5.465357889777831	16.35098630606206	9.641915236376482	7.274887950788955	7.702114698746233	5.7569678108679145	9.025687848942788	8.780024084332014	4.9599100322545455	11.297574617447017	6.249836253868666	13.487101543959886	9.834005077375396	2.982707327355685	13.11058514438383	9.269422243880522	4.844742040890076	8.770012296240873	6.785754416425223	5.317365442952171	5.018928285225523	10.518602918428927	8.510514361646495	8.476503645738683	6.0654706918879056	3.555728257180495	6.871894013757554	9.51308754767122	13.450088657452767	6.380063032695147	6.274443226754731	12.607077675956491	8.884537093954824	3.942975455122027	8.417729624749647	7.763539650239354	10.985037000087967	11.69478320584183	9.57379019599035	10.619270575243203	12.427774601681122	7.833734391523484	5.661563382459458	11.117528479320674	6.2284051438142765	7.070160210608284	2.808969114059799	9.763634107412784	8.843105611886068	5.939018689284105	11.525765568282182	9.818285578139266	9.65900168692718	10.3979682961666	9.183764972130446	9.53077429655439	7.322542689916229	6.388937978346805	9.04495737119894	6.051870489146972	9.894345203592227	6.579939816055627	8.343056883288483	13.159415222908068	5.35089176421396	9.067669718104922	7.42494473093981	6.9253662608413356	7.102919383846503	5.926358145937753	6.4583859484311485	8.793967609659765	8.075683747518688	3.950424502592621	11.186222074504451	5.411311466945	11.44080112729782	7.7308241745834225	6.123588843794634	7.72446404837124	4.03652642894224	13.065244633257574	6.84249782110253	4.94521978287974	4.760295689619929	4.772892965509893	6.737784065563324	8.933841416735966	12.401959851358868	13.446136421348815	8.620444264424755	11.992837325210278	9.27084842933584	9.69858087093158	14.735081514190606	10.4870373884738	9.277141859773801	3.285006201774612	4.354192068898943	7.147186236769761	7.6281405273684175	5.853411661909303	12.531716181415868	12.01880082797705	7.649983128780189	8.901165456862488	11.601819638380748	7.868904176424188	6.153866581460758	5.937313640861581	7.195031742154574	13.391871563222285	13.755305366326567	10.504567860029304	12.059442864719438	7.924626454367208	8.16990713519205	15.497186763494394	6.866583864044146	6.828875959227383	8.919172464580738	8.958323252891198	5.810973282453124	7.399417246125703	12.26886470576145	9.672777537583675	7.236362952707985	12.341440436008684	10.629121519087425	3.489989596575465	10.118673036492774	9.837600672211881	11.134466634017185	13.79070010723967	5.0362757061835595	6.679386558195242	7.734236763273295	7.179897689899277	9.783768696563541	10.576584578501093	13.097028739698295	5.9171563068631245	9.57947502975641	7.922671242057467	11.25294468920727	9.707882268877153	7.623918490641961	11.999322595670213	7.706156486632096	9.903549211190976	9.9114125108337	11.706604768537565	9.701384164240757	3.7552237072139953	7.859476735175215	9.107416233136892	12.68611782091731	4.615707015131562	7.737240634980644	6.097616530491401	5.021941505658235	11.127325866417403	4.901895564665105	10.010120831195888	7.660288981531355	8.722839414592443	6.273217214605514	9.849241416134673	6.889099004825389	3.0426557122109954	8.851431789070224	8.67911607183998	8.275392739719518	6.019944749171454	6.828502665985477	9.854267783391396	8.726833983464136	9.648245332669758	6.564936993969649	8.258603740689914	7.8505437573600325	9.645326861298154	6.155713338671544	6.944774681981971	11.095139879034535	5.948407143860533	7.884330163498155	11.688334045956546	7.323586593694617	12.73120250380926	9.915884634456221	10.552427056943916	8.796743056686527	8.036554255878112	8.397577397746772	6.7057007286112285	7.026675667081956	1.938711865413663	7.335198991226702	8.681829390230032	8.014047189139252	9.857856198160793	8.002814928499376	9.286284032109592	10.216767952437694	5.5697783238152985	10.120178824066867	6.9139265627838675	8.099618979325323	11.337766004408609	8.93435023306578	7.480447293136319	2.9600320066209984	15.70029161886157	10.221094542981609	6.950568782611814	12.838295698538367	8.930961815590145	12.146654158982713	6.1935349837115306	6.783280209417762	5.90772743325462	7.284544632645645	6.004542664367732	6.9313393065955	7.536946495095617	4.81195462796823	13.736252889860763	18.950043366555313	8.925768562741759	7.8959642590512535	6.631208949665561	9.86171348143671	11.829441914362954	8.860639312164084	6.977408788595013	8.120802901004321	8.312276269192015	5.88374386337172	8.570957754629708	7.6360705475125545	9.809405552162026	11.743646123217946	7.242478073955116	10.991803149091373	9.814410382558092	13.397472636566867	9.322454323449119	9.548097451248976	3.855325398278333	6.73355147912576	12.454203475089269	7.112025150708799	5.0022230312749265	7.124227492788285	6.3508767502356225	7.525327239595952	5.878704524120783	10.199359946911803	8.892875831697697	10.359785646020104	5.629744770585148	4.388463308923046	4.924744077060766	7.9295648936495295	11.655701407146944	8.922429112705784	8.452080580581287	9.418860869199776	4.871715003777672	6.934588167812489	7.581084979213704	10.44734078633027	6.549147745772667	8.796312723349443	11.142977459147358	9.876955519249552	7.843769884873045	6.885366670214101	8.627881759976582	4.31120518901083	6.910042229355297	7.534517691889643	3.6459951000838355	3.343127426273492	7.768817976449283	6.724394468882721	6.494133492365879	7.764497911889942	9.83303936269567	10.604599281879773	9.537038212612279	8.730570089504413	9.927747221220901	8.313653212417142	9.632998524349667	6.820795101458416	9.79864709403219	8.150657643579462	3.6759872439005887	4.734309787333593	14.609118146676092	6.966843583409222	5.540033879821954	9.085703859457958	4.290297346722251	11.5837041729792	8.875156401272926	7.754317672011084	4.955233302254516	6.981432944927803	7.788683761799742	8.304542362184083	5.104400348440758	6.527567095548564	9.302667494037651	6.032176674961219	12.392008480941678	3.554519929506041	6.885811242951395	8.35578540683879	5.848676681498698	10.198702319428637	10.909485332346334	5.7565502593397415	6.911710247850211	8.49428062066212	9.81605078153652	9.959486172119222	6.133505147546115	8.017832358760593	9.407117025609343	8.141928455992918	9.616986801180733	6.845559730980228	7.218797139653763	6.354347973890123	7.2461827655912705	5.090009877895039	5.454237715818666	4.621408580638508	11.53452053813697	7.791831371139191	10.94648245354493	6.915960831165262	6.97522266588204	11.95022348662092	10.051468186082431	4.95654131503622	6.998646885587979	4.121740818752757	9.585854525108623	13.562287430637994	7.9317753088116385	18.90416533437177	5.29634724741073	7.204210054590033	11.037372362063785	9.687263878808448	9.085170549130897	8.775664985387765	7.916526462270125	7.61405174913705	11.227919253998847	9.848121549568669	8.746493659095874	8.783185970160831	15.623691301031828	9.183220075653605	9.515744215398447	8.731956106403324	8.823759653369065	4.909191450321886	13.802289450517314	7.387955893763134	7.98649767610518	8.16440475635162	10.969394123182424	9.976060315403709	5.925554570166361	5.124399192628519	9.010135520981782	6.302160612227946	8.636042231610823	7.799515209497155	12.585062224874173	8.005578653890607	8.818011755311806	12.324464762396705	10.35726445722755	6.897588485996497	9.459175729683942	6.0273854891177745	5.989241549542534	8.034831997053345	12.954240626650398	7.932930260357054	8.428749123772334	7.648450396870869	7.692473798827856	9.917331187336396	5.235206774778353	8.863906923620616	4.601031522417746	11.734990843361219	9.09554604369066	6.1202874415378385	8.34208122788608	9.68664240641357	11.266295600103103	8.98874169036741	3.8584754648158293	10.396678271459566	6.8151323430884805	10.442457351067407	8.958888554469027	9.666238257211191	7.338345044674609	3.9788762967019875	4.171912627564159	8.207113503944997	10.249713267744355	9.13013955792934	7.333045613640856	8.961348241145968	10.820477532051008	15.107497913465266	13.829333073360635	11.767977774243128	6.735146467212058	4.808026555186047	10.70587691801083	7.841710269542137	6.833583183059606	7.37780247549494	5.863604525691652	3.448011075563389	2.1320890946320965	5.820096239327781	10.784252632233912	6.492119554312062	5.775341612312892	7.78630812139267	9.067381426766996	10.051043509077866	7.018930658025388	7.168285781076468	12.677965876822578	7.8835917311572095	8.824600125732559	8.273509350426822	7.213176534105606	5.999021084697808	7.80633784377458	5.78781713286104	8.775936057299024	8.902753983903926	9.873203080564902	5.983340063031561	11.079834740506051	8.57399844785064	10.744570747362086	7.685119745283799	8.166554126065968	10.470564492867615	12.395781036119478	9.870865009213343	6.002302427797089	9.473556587372487	2.8282595891691784	4.814739928003537	9.69285606694471	8.830787239918903	8.814148590617396	5.2627567774100505	3.1433542614410053	8.009573634129815	5.691764584384987	7.101784317274307	5.612629700694521	6.652999448195845	2.939517613393162	6.135286753176831	4.797452042074564	6.784743520931271	8.856409338366154	6.7751721299130025	4.59538879130369	5.08245306263278	5.798859060730459	6.321471981496971	11.90038030529842	6.796208454792275	8.301527952587607	8.14825487766894	5.255034603514352	4.98307931266591	6.588267956541295	4.327824440649913	8.800274685025984	9.857195968578496	9.984575098433254	9.091713412623589	7.395822571033688	9.44589702735283	16.894849264694415	9.288116628057525	8.187574700481681	10.189940240808435	3.7052709013867253	9.443681638719797	7.404934105755754	5.110707955581349	11.324741173513813	5.629071111222664	7.7575767302076315	12.022153773906615	9.169289283426465	7.924260337112353	10.997962139804086	8.36615611299872	8.874831920095449	4.706240363065873	6.199189922879217	9.100660721596924	11.34834930442695	4.957663644567846	7.323592557244155	9.804327258612608	9.076795516601438	6.07248824557765	5.978738071910341	13.352292712586314	6.776465987974378	6.7025798404936445	5.206127606239144	8.638440995960432	7.460709997646007	10.49247717146751	7.464812012438132	6.274445883078025	5.805752753971722	8.473056511143366	9.005324790278742	7.339271428310089	7.3662583384027585	8.500904905654563	6.815842130452016	9.626695139599727	7.144349231842945	7.518433141865196	11.705293064968577	7.226655317433003	11.457892964893258	9.823967182665506	6.8404476665902365	7.654599046649594	10.2503888349593	9.83840769467326	5.671105037658423	10.178198879907304	12.56611936596921	8.410914340558707	9.680546301650175	7.79371986695592	8.705537833472233	7.5622558963782565	10.67866336788692	9.851228028758127	8.5046219219256	7.251452076337311	8.42676189935244	7.160940843466502	6.0725724482797725	5.734258017646451	4.637239479209308	7.910847348511725	10.167665265101476	8.863828730909228	11.219894710235412	5.74182429380727	7.546688751565128	14.11988339487853	8.918600970349313	5.8708149003035555	12.001688971704878	5.04924582678823	15.353453384699511	12.351227187104453	12.384172276861074	6.761678167212926	6.4677438632165964	8.947598520634694	8.943253374781994	8.376018118029675	4.312674112663373	10.387253802660714	10.020104498707317	6.944858749199455	11.55037731067382	6.260990839376243	7.380670549067914	6.2083299644598195	10.569884218170422	5.931301535888863	6.70331388554268	6.5231381566091065	4.395990375511693	4.631837895893945	11.624982163388015	8.835854520939968	9.800996851740363	10.621562542228475
G2	8.853469941630859	11.359861235435813	5.615408882987879	5.741256293846739	12.602051496427602	9.874319678466769	7.091463383963296	6.506442453116883	6.922350832085393	12.911158074932358	6.666234958505269	5.231979468065899	4.418336647901864	8.151827031281236	7.801742583397148	9.459072632367839	13.883472127581904	8.941173897283429	9.253806631924217	6.708943942012993	9.630400034316033	6.769245193553578	11.774180324336387	8.631413915651315	6.346108933344945	8.955512872648848	11.576395184621573	5.084388172844645	9.826844335174156	7.424988566099536	13.681098038266812	8.665665092229894	4.05161263151695	9.05761444511072	6.757297369876197	4.707982054915392	10.860995899371822	7.765230383458252	8.239769926345286	7.343960520690693	12.215928292288805	11.098763561398956	7.691404885600763	11.709597229137746	4.89719967857761	13.87201653835612	12.873580648318722	6.698860341664502	6.764152697708397	8.94310278108385	5.9553189922804775	6.9997205875915585	9.678625364407285	4.2166937038644	9.28796845230249	12.849760153533065	8.765439180749214	7.094613253764177	10.156537446801876	6.472190609427861	5.545210430562028	13.882717539051967	1.8663110200516797	9.697190762232163	7.541362329974526	4.826239757432137	7.892962824802065	7.852062279666352	6.9890675788632874	14.513329309875886	9.733645258646415	6.282271301203878	10.455662543122843	7.46645732712439	11.603005610286711	6.466504929694022	6.751389710202087	10.526039352303364	8.48965927941601	10.109142957327688	6.204981194582892	8.59290440074703	6.355670136204005	7.668816736069517	6.514845739489381	6.536832075383566	8.92062384336467	7.910821796011625	11.305597334094294	9.360286903798857	9.178674221654115	11.932941468808183	13.676779790886615	8.825235714776731	10.447384117482256	12.779993543429452	7.685049233273946	6.782412283540896	6.868856436145522	10.508315181275817	4.759986546962556	6.3742742932199	8.211035215609684	3.854180740643868	10.538166653862024	8.729122234828317	8.682212277910567	3.8220224004040637	6.120567854464487	11.170526158941453	7.672387625799527	10.898002243131417	5.206589538862168	7.6124815698	7.826389139996081	4.94938617045176	4.049765559473394	5.673771510423766	10.698236859160597	4.80716181565315	10.215722927160925	10.142264846404634	8.924388175768794	12.62399647540954	11.926560680631392	8.832015509937376	9.963691572653905	11.555995256311725	7.293376746048355	7.303371690745783	8.569317107779563	7.663901973570404	8.949640100521679	7.802355281271325	5.9067300733144705	8.001974944077176	9.19189924173204	11.759637380973187	6.971871757717603	6.051974766585494	8.745177537662483	7.495531390181572	7.5436858481716715	10.734511700350131	6.721074569771931	11.207562961579153	12.036515053013304	9.577495565574138	7.050176347034806	8.713785779797243	4.555122133221995	6.7931978706055505	4.615917108422972	6.744259600940349	4.9453645336973375	9.119262352734122	5.775772145573409	11.833111106587458	7.6329904222942275	2.668933455465158	7.670062900353421	8.095245752684514	7.34140643934672	9.100243348746575	13.221274483630257	5.752848046612684	9.856882473949208	3.958402397135649	12.483337800610308	5.827206501636283	8.678153753088319	6.313476343035929	6.062630411897332	6.72392427567072	10.603510342356145	4.634059499272555	5.719677587181466	11.561285391324367	11.477435498625837	2.8852215376357697	10.005624716428631	12.850287090476913	6.521542556010889	13.435249803864789	7.668573801850604	6.431541146599756	6.3697367140521886	14.679455622580617	6.49658235528642	4.940751449801269	8.115488243622298	12.808969330420803	7.970792062551827	10.34401180388897	2.9824391142566604	7.173254350736614	13.471318231257676	6.999799451428173	9.774587256696575	10.752291077797317	4.052480397215448	7.168865298991584	11.959144017782247	7.654257557776752	14.091688673371564	10.37960461436526	7.811890826378943	8.296909140357362	3.8181237796857808	12.211481979726747	13.192538289879598	5.990893783407573	10.59727977078653	6.799706288506491	13.506358136773656	16.187775324271858	12.362347458187179	7.586727526130675	7.9298065192327485	6.913171696190432	7.901578034282019	8.951286509798118	6.473432929740816	6.867586191252233	12.895853982829584	4.5873508282540305	5.476564299631447	8.660020707858706	7.200591977929617	6.492412915007338	7.476776893231044	10.062508871224212	8.790741450955323	3.608777280829872	5.846209761210647	11.416223159719332	3.581733347573973	12.216667518080836	6.145656062720431	7.465060524379715	3.5530458159905147	5.022209565641675	7.859908278018236	8.227114200483948	6.840292421244368	13.57412517483594	7.164492443750191	8.97390631317243	6.145541965433948	10.034765309081255	5.25358387812472	9.681365156846091	8.659005075415891	13.543139457703896	9.795052336061792	6.748651493199838	10.926619863585087	7.1886432771185795	6.003759117135398	9.760696559251027	2.989223023014569	10.71179627313778	12.54232809688908	7.085717466053029	8.439684367525514	7.0917129443110305	5.640913916344868	12.117944486663164	7.047108490215946	6.961116764504673	9.629148028823817	11.69576508688442	10.025766427665689	6.082019436277711	10.652521519855071	8.656057426175824	5.851710278232294	7.8052748027289365	8.29464315655091	10.37112554450221	6.484435071206227	3.997883457424555	5.997991796315513	8.461904953378523	10.11942150896459	9.378366746523085	9.434893175542838	8.12741591143477	10.057480384159332	8.769729904508013	9.154789754039088	8.344772225412795	10.368549505843934	5.464757585562877	12.1948196929491	6.701778532393416	3.5911606524908377	7.965160945628701	6.955845072639336	9.026080956412237	11.487420973592037	11.268199697617277	5.195231858935219	8.983755458120672	10.279376334450035	5.477159333411157	10.168669099698755	9.78774582535635	5.429533777490141	8.603150489748785	7.688423099751387	8.250345534338377	12.073343016862722	7.4805968065490225	11.925246732554305	4.990090634227161	6.752208876489039	12.798780722084985	8.716613404058768	6.874681145227369	3.6480255791808953	8.222810875924472	4.725275159944018	7.970490148964068	5.727066813561071	11.30866061735126	8.224329211938043	10.7198701613867	5.795171358053123	7.350721817978411	5.060978651007078	5.979876321709334	4.316263295309779	4.576498778201776	4.863893142662854	6.785279776159929	7.846034498305124	11.060892118459973	10.373429464987083	8.925248206245747	8.733067106104114	7.026109473436923	5.8025005175349325	12.144132731388268	5.1503532477201475	4.441785516085711	5.967564802027858	7.7652543687104725	7.902419310323383	5.234841233493781	7.686666723661631	9.244887149539432	13.535845525425973	7.346244333261059	9.781842657903438	8.936273255154099	5.912851731052615	12.040147958656794	9.551770519805954	12.520864542633511	5.967095594648017	8.919541292810344	7.8870933324009735	10.683713616767331	15.099831014421888	7.859977254203859	12.46462315648864	10.772409150574463	10.21353325050129	7.730703391541982	8.7191643775704	9.12433071173286	6.715581291957829	8.677800918555077	8.29637630660628	10.479011718528017	10.135180527001436	5.585949877158151	6.679006384501289	4.396496202805542	7.904798314067842	7.797053995579076	5.976811753832799	13.292894848062675	8.151515227340719	7.775532060784428	5.1393747674220585	5.640835965429664	12.091005929945633	9.213242957953742	6.470483996499141	11.025820792806577	7.597673303318806	7.95493661225355	7.325485773581437	5.678405599680475	5.965744332115779	7.594972026270334	10.656679664172383	10.157993195132489	8.227799238176226	13.779029620709611	4.8992312592276175	8.398798597758995	12.764098698463952	7.663175467881414	5.971588757190297	8.648300566108443	7.134902415890446	6.685530164721367	7.732631659098265	14.031599269566113	8.815246154680471	7.855751471015278	12.4974509407183	6.847170983315307	10.337511637160539	8.783151671510643	5.325778764800151	7.964712670718927	6.478600112047727	7.917841964615215	8.617664581788889	10.696983665666462	7.256121040080148	13.505209976089992	8.740775349370432	9.276539182802933	10.564761716411956	8.426844150849186	7.380270872611155	8.050074492040842	6.885557219170048	8.797802111665126	7.890630469867032	8.685737780678082	4.841466237814445	13.365998781896549	6.868425040161104	7.837728234284646	8.57916203575218	9.240871562745658	8.280623147169711	5.678645298641417	9.427833550507987	10.221101733770166	4.805067347351383	6.806994341119385	9.894596977492169	10.290606272944602	8.022165969763845	4.5543180338995555	13.735535252185246	6.2958860524236675	7.688319828705751	4.039777760468454	5.993864339258418	7.35127665111351	9.366060674564654	4.61510269357687	7.950840314952679	12.485390572613708	7.542203719048754	9.102426926175472	11.452793446334784	6.078608624498808	9.497228322004384	10.33858516834834	8.006474555581281	7.908264778478455	10.658749860790543	9.702182865054354	9.163527861626843	4.703682747340222	13.096478664488963	7.938038944787418	8.911848259675125	13.806225512832528	7.939002857826603	10.236396673917694	4.821982424564642	4.928105670776671	4.847031072278656	11.024193455932746	5.882629526463225	8.862745993971025	10.010120927645918	9.114914259541598	11.598404697021422	7.686640785542504	6.278164596553464	11.84619707318671	9.905402141128214	8.345047690588963	7.699468032753517	8.568092085884118	11.355244525707407	6.476323581852438	7.011986166364594	8.954384543562554	14.949254281319574	5.455574252399749	11.56733254468245	4.70271147498892	9.813409868421344	8.19674323932765	10.005144128908434	9.607022684422999	6.474339768159324	11.106483930699417	6.823758372356753	9.762615899883153	7.912940584808534	5.92948318136754	12.587262916804052	9.608976763608814	8.053061623877344	8.922589057548647	11.353205299525822	11.640541200979806	4.832847282535097	10.64618404894969	11.771136424073154	5.45256152373544	7.685734163054467	9.98138518645075	10.673148869585074	11.049633134483681	6.735506127630286	8.843567174067253	7.9430693330575535	5.177202421452505	5.468525414838236	13.00492165091687	6.730157442159735	5.522760041760143	12.274080549963722	9.22959969937508	7.965766954915106	5.954965809790257	9.581530701374282	9.361065198847093	16.678591000376603	9.635454800298541	9.518465142724637	6.27714000132169	11.910454689354996	14.131469351280282	7.946938638942228	1.9590346015068683	5.040524157638251	6.012348492837338	5.967035717484252	4.943290572503867	13.300245537277867	13.319459010978612	7.305536891424535	12.19805645943705	9.81169981932811	5.731719681631355	11.023118460170968	12.83162939877047	14.628276405200758	11.657861945917297	11.887171064911742	9.287818775866446	6.644663570104518	5.685108971221582	6.216906898200664	9.540204399963251	5.937305507893787	10.681989575323874	12.231088684908967	8.624660720907656	4.836191083693023	5.997633348566963	6.549918872848164	6.93778757603627	10.530299985735837	6.925942174594948	7.9564870469483235	6.799586623489894	6.799296476755425	6.849787732474254	10.221379966949357	10.882730623908103	13.299692391979935	7.321414402799491	10.642016982387284	8.603645747889548	5.841736799000997	9.749971681371333	5.809832547147287	7.229293778755113	5.128798160080342	9.882629860329018	7.138093527785273	6.914788909468066	3.8747501410143794	4.005331030463686	9.350171517178634	8.637707306994232	10.104335315578421	5.8089787445438	8.621390555875868	12.917684807117572	4.087542598813826	9.377438072178142	7.008397304054542	10.29545423931638	12.11195062367916	6.228748065050241	1.9451293829106497	7.615143938999012	7.021838935533458	5.146483837738909	5.751724870177751	9.098655916768907	10.279126689690349	7.634378811264645	9.722729454455312	10.632619127302073	9.973948457418153	14.927923718297444	12.847710318155722	4.682572967765521	6.240986603700052	10.254072412808416	8.200824601173828	7.771007250175171	5.785429536998287	6.341960163915028	8.723245666006106	14.191754014873935	10.17941732555794	11.707086599852625	8.721962643863451	9.293495548155608	5.855321960896232	10.845378443819133	6.988212628701665	10.955535090047137	9.395185190720692	9.410227553919945	6.473744644844225	7.7310355330351035	5.96210378983895	10.943450448456602	8.969699412911037	11.021826493558947	9.583425194693596	8.87296402794973	7.640894453228319	10.779642800918506	8.842890464053076	8.898022233327705	13.644027343161598	7.380554818001284	7.3069447597590225	7.273006193045875	7.085077833624715	7.43643735269454	8.722230301477875	8.571425607711806	8.426068821762355	10.223381437144058	4.955739747735074	6.001330580051791	5.229923686178338	10.97979401265943	6.586866334134646	12.55780061863985	9.071725049528897	10.71107151213509	5.673747038943782	9.83609088591715	13.645277966846924	10.370295133899493	5.755408319052292	6.304155364125432	8.720878017468438	5.792367126847481	10.855484516532549	9.125041068758424	10.46476977091149	7.891527024932692	5.223859972202958	10.306122422184462	9.758301178383398	10.262511739185895	5.604143480446421	7.937635171560158	8.63740915905042	5.806790771621046	9.64833585489321	15.804323983904451	5.080487125554924	9.6234736562173	8.884441254760068	15.160379761930278	9.761006063542084	6.795664790740198	5.414037717329703	5.217649068469056	5.038641489568355	6.87143149519304	8.765932660225696	4.939988088658616	4.940292891752793	8.968430713638476	9.88147883495739	4.32607254328516	4.691474420720562	9.64971113427013	4.146962934098334	9.706382724672666	5.2417250324744735	9.599281581908109	6.711306487532282	10.741895373196053	8.479202337547202	10.653815949983821	7.965500303637342	11.626172607467424	10.093437832580998	3.827569105483173	10.223608632243423	10.419369877193404	9.981005561479105	9.656750607999648	8.807336006553497	4.814251534747339	6.911608543833169	8.653646191962954	5.133295868754221	8.403482070881108	9.699946862872563	7.664529497532177	10.411377763475388	10.12613522466794	8.853452658458515	8.784753305281255	9.654722815454992	7.045000985986016	9.707583926151859	8.430548096895034	6.91418296507613	7.996466578408088	7.242965296787857	10.0206311695594	9.157929051400032	12.860734332967969	7.493974096436865	8.697465945761207	8.74722654766747	4.489079861419189	3.097370464031184	9.872920551676259	11.149567712123808	4.871169998393192	10.435870843059934	7.005626269317027	5.95408785871492	14.904081514127046	13.002007422533662	9.086954022930815	5.677846805026164	9.523800331355208	8.02419719535849	9.637877574511883	6.882053223689786	8.6731396887515	3.91068145127569	6.781646854921455	5.082512610832624	11.399455048777721	7.543361936970782	6.032502663354142	7.529357308499208	4.983910657312614	13.216987060359157	9.526056184209434	9.282634325717657	6.660633052514625	11.53090178590029	9.831038841758213	7.693465773886582	9.261098763143476	4.622645136094806	8.907390441442644	11.110153178234832	8.314811365917521	9.5840763697723	9.197230937577737	7.863825922332428	7.675095149644555	5.9715065698961	9.856281379158666	10.228016734896936	5.966229514433782	6.981484145079458	7.860562514437213	8.626708283918846	11.127663510907256	6.848223962112506	9.175584049963756	11.566517666504755	10.764027425259773	9.718784989569514	8.362598407045985	7.745331345307688	7.326324330006523	11.903596222269188	11.261309045014505	12.301305077213293	7.629495291076886	6.988413373431636	9.626578111415975	6.368360163442114	11.785632535385684	7.503027019414171	9.434256290254641	9.312133920218171	11.975460361498248	5.5058106864149154	9.728764141505605	3.9975817776940477	6.886533585413059	6.70340362618715	9.991645872469702	14.705525649796837	12.080529119652429	9.443079482302071	9.42747614473561	6.910290452222545	8.925798767420938	7.716300446664702	11.570844156282654	6.174263762146795	6.730586609883744	10.993402900136637	9.687923136982066	5.345074143580188	6.330255510521852	10.959958408004944	10.910915764371737	10.6447323501068	6.639302806194633	19.897030198200884	5.8057257676995775	9.874522579811591	5.683894671940262	7.040333664568586	8.104107753739214	6.78107478019795	6.119211878017801	7.764572590682252	7.260766959607521	7.992541587395774	11.299068833639705	11.694070011624278	7.949644473490383	5.895805102077424	6.780964130710123	8.750901100666535	5.032680085204157	7.5501518837559125	4.150398636684494	8.797670299694675	9.823205941140031	9.024466733510645	6.953816214420669	9.737943099083099	8.420081643188682	5.052428858024043	6.627035576265235	8.988134241007502	7.664606185584083	12.870900395149441	4.6015448892412625	10.602454053694906	10.710003312560584	9.972207197756651	5.2133923472685195	6.019463645421907	7.654930991211336	5.174391093596847	11.859282270086947	4.988708730818399	6.242310986385782	7.42965279207114	13.5021186373927	11.09791723690258	8.422003164353672	9.53422858061083	14.54382181531129	11.240026582321223	3.908263153130987	7.305925480665327	6.646232623059705	7.656456519766572	3.9433050556280773	8.77908999394834	7.776836485840665	6.963844448216143	4.83291571527954	12.44141266608297	8.853478483163482	5.958075715111137	6.178025015449645	5.447538676991811	10.701456379709414	7.972406056726327	7.771023377021121	7.107500620559935	7.73257192623466	6.8006518691672335	4.723403999251107	12.210952590096468	5.752808712917522	12.666129369268466	1.9271114321869407	7.334601881153023	7.069567015711318	4.832573965568203	9.82914664419193	4.15945582096615	8.764293849093372	6.901129896268842	10.20088394854605	8.692248542586592	5.551420621033971	11.59425576398682	9.729881140396158	8.666199274029275	11.838272603403711	8.732237589945141	8.858816273042905	3.620306688124086	10.841268396104349	7.085544814320456	7.865001931903478	11.35127690665318	5.789172174674687	7.557213422822893	11.648330234976074	5.1481533990478345	13.551948505484825	7.523208487313509	6.220336277719098	7.027446973252743	11.946085116487701	11.081345516074519	8.817063055552799	6.865153533510797	8.64385194623932	10.016077251970078	9.340697336676422	5.872575324003479	5.965775201516751	7.248342624787792	7.957079673028424	7.631692819342077	4.444811777470408	7.939391614334028	8.457198585348463	9.581789902357057	5.1356737091934574	8.86474768382075	10.752086100203638	5.637850303498957	6.2273397998897755	13.682689543081004	12.512563592892041	7.925230442303176	10.610102137618698	7.643939219832464	9.891109729360846	11.545377485302446	6.689028552562971	9.857974237207667	7.04430350563375	13.061757174458174	6.81131304629988	5.613786023021428	8.153048776886484	7.883036261229825	8.230658608933574	9.574339521705062	11.81587318999423	5.879226804074323	4.927854816864657	6.172597284453479	14.868703513378149	9.696667968653548	9.143206491093139	6.1548564100741325	11.614105705562379	3.8670960081492565	11.642424477535846	7.89600269696607	9.467594464040737	5.26733173768008	9.814984944694176	8.192737408155619	8.861630666811827	8.325628063839844	9.578655166242317	9.255280169773236	7.015930552265235	6.39063372945959	10.893862466900389	11.713042967858616	5.611541905215984	6.545786951344395	9.3961600668352	4.404187454065862	9.368162944581378	16.635031025417256	7.774842181017945	8.36836819646933	12.223978299883669	10.311136623201547	10.9813884305893	8.581354048055816	9.567122172650949	9.607805846236783	5.892857235275897	7.201495825649905	10.099617954321442	6.947451594903028	6.541738686491497	5.705179240642303	10.528386485415245	4.892191060625634	8.703482393900895	9.338505300241716	9.434166679032357	13.92071897562719	8.414351900908311	4.991944740130359	6.771627111329019	7.496674855075244	5.611387826928687	6.243221081790689	7.552670641630665	7.872372100637391	10.567240166170594	5.05627042479364	7.239188534000273	8.09949200300871	9.166014911369334	6.108651281689522	7.654200124424407	5.234010955667496	12.385984905072009	3.0002279943275245	9.757579879443767	5.832387260800081	6.351757120457467	8.002602790876775	8.642863464524298	9.932764100137868	7.588920714947065	7.376209978845535	7.345729701823092	10.447914397149288	5.995312941990851	8.711168465097593	8.298214126010356	9.952391276397146	10.45264195804463	7.8945662524739655	7.233228688625037	6.058134550137807	8.768535563286585	2.5152648797510273	8.94295091532696	8.434321922889566	4.841079930512993	12.607872650091226	10.173924003103215	9.769793077257447	12.271495471499662	4.742917931683618	6.10848346511292	6.535803140380325	13.562628500821878	5.976046005312921	5.925115231800138	5.523614473204803	4.742179778014191	8.87068636989152	7.154191347951338	7.958202590190089	9.220170244382967	9.721466194796847	9.021596138812223	5.956431569774132	4.986199386405905	5.349992857005142	3.8714679032932815	6.833300480236728	9.587065966665698	7.303851942214592	10.896881985561489	13.66489455671207	6.706682982260403	11.420285131408358	8.802390863815582	9.3238610908452	6.448302975298183	13.411115660740293	10.802516913145185	4.722210355629458	6.8750458725505865	6.988853883354527	5.302087777748625	8.350718428904793	6.178729776333102	10.790194311180763	9.285778278000105	13.206744398983195	6.6930793473818815	12.404420831859069	17.422675130897566	6.842564121385004	6.524395117047439	4.349482865302701	8.320233499605251	4.9381107613061515	12.18055618365473	8.72463832052281	5.818254386408841	2.8823111717402496	6.213992108426216	7.155778508704401	10.446759417902433	11.914228000461984	8.94667914774537	7.731033845293405	7.3008120444691	7.2888923808826265	7.676441912516072	7.99819962225783	8.613485498422634	7.914002266145855	9.13307928794131	10.803170734136515	3.9663748902010485	8.077753900663895	6.9793818671686605	9.93149477704302	15.590513703618923	2.944425504511006	3.691730142754606	9.253858699832444	15.586651959724453	9.20543278221509	15.284100295462416	6.3783715361369655	11.481250587799336	10.702104032699854	7.968066094781772	8.724755095851789	7.368040586821347	6.90430530761874	6.950789597332116	10.964103665304595	7.5924540088974615	9.324583342677801	10.469931972237696	9.257271959001235	5.950988206543106	9.641504082873308	9.465757134751897	8.886395296158021	8.537653952927554	9.561008864526832	5.209966135297451	6.649988276038566	8.399561864283923	10.69234655463882	7.308669934581911	8.540133482131967	5.358908658105515	5.415076046725089	12.830558044089459	7.747592418114917	6.5772891411401	3.9904327411567087	8.961125910096266	8.918449024553516	4.389552452124792	3.962735687595533	9.304701041221433	12.774718609752606	8.456369639242551	11.122755884656717	6.981112051004765	6.824053282413588	5.821673752479411	9.440002817623986	12.842132832965849	14.527823673441654	6.609524125123911	9.773352985438382	7.5755728535271265	9.665712384438768	9.810887138988559	5.625951865285209	5.74869665671188	6.4406343171729805	7.275449838266273	9.61751748362202	11.464728259975738	11.38269193897397	8.662248321146008	6.733334776139429	10.36969857352296	13.391037888682872	4.681401339394305	11.879111488880463	7.951552813209229	7.964030726340558	11.289016506914464	11.779100164119601	11.577961027353988	7.188373621677337	6.67554880060194	3.889652683126452	11.435018641105355	4.966179898506913	8.868564233782005	9.523069960068138	9.253614635706153	8.899076435421422	8.968736517551392	11.815823808494857	9.38515505452821	6.853448704919443	7.609366420593414	10.663087701952321	7.578610538967959	6.555194459217976	12.710051965178751	8.761649352960546	7.242404873590885	5.093461436795953	5.168288375754037	12.13938689628837	16.215430174805427	7.009623403421846	6.976623936087364	3.8998895805265055	6.034826460133423	11.440994505902873	9.622171675713966	6.382488685549487	10.848329067013651	6.760568446702481	12.869687415587114	4.36326338543535	8.644509536306566	7.936190371619761	8.483481770694455	9.964700156567075	12.903676551408882	15.127019829258863	10.064477202535512	5.355756945277957	10.305003587105114	7.706175973219838	6.7591929507113715	11.90156755682791	14.004532739503915	10.542352378649573	8.980295761168644	8.697548301895752	6.585751917438212	12.892145200460813	3.963980604910494	6.804414712963371	7.452865114143697	6.235199839917372	12.425156777237184	12.920421300808933	5.9820651740824	7.849225851573034	9.659965606116232	6.125671576105704	3.996418908483762	4.9294653600512985	5.76455349621771	0.0	6.13419986493849	12.153551418864396	7.877369064007721	3.2028805068652173	5.795704405464596	8.816043355078328	6.853698261375515	12.062902098774998	8.157699969070604	7.3474266441901435	6.7966344748876075	9.029043800174772	5.979751491648629	8.62513100426195	4.92481174628525	9.793443004747205	7.22932447720142	11.574876243174655	4.8991745648165335	10.1705367458476	4.65122082256033	9.654350826636954	15.911806245898187	14.13805513850782	7.885648794714742	6.442635563506939	4.671658396476603	5.494094224503733	6.150037335991998	6.947655062793188	11.52893508106037	2.7022636644243225	9.253005474642016	7.781672447833198	6.64601470091332	7.757650552164437	8.863999421762138	6.793407992470475	7.158791372722377	9.272166690752938	9.12778576595121	9.965042187770361	9.020386370829394	6.470374489262185	7.266298477468778	9.723273746185061	6.846565791214569	6.81172942577519	9.264216309974005	12.88417041143374	5.520257250107104	5.329327709556614	12.130132369280087	12.14471654676989	7.0137748386436956	8.743288728829866	4.9758702900823	6.582256080594637	6.347591204723466	6.768143409466883	6.150439885607417	11.63402860969501	10.598429053584907	6.919851975973875	6.3403522221297015	6.655533714793249	1.9654654466872616	7.987457069204103	8.780514020904691	14.344655162832867	7.93581019871343	12.517138434273802	7.292598127211376	5.979466319124631	7.700958907789082	10.37108334287861	9.833752313249306	9.667285743424278	5.430600241814566	7.301078591511513	6.208598541194818	10.773240349554257	6.343710396002695	8.232509446622927	3.335074014223851	7.726235936058074	10.788205830516171	13.895811397722738	9.63625663373767	6.325632627907482	5.557595923367354	6.68111701396417	9.83525611170074	6.73849199483442	11.516525576648053	7.899864391575068	9.26409991139697	12.048160236727604	11.504898871458085	4.943829752954259	9.630999062668707	7.77511679703588	11.37724402774438	9.249833387195604	12.674400409036236	5.10815730046411	9.767563180097218	13.333316116597404	6.726755691551964	8.319872577840892	4.884078433190944	5.554958311040692	7.644421348858863	9.788836210077836	12.874676032931552	11.158995617483354	7.847665074975639	7.01060956561067	7.6405067752568305	5.866485876628304	12.957215909802313	5.259151677621807	9.004713763539367	4.797751432715177	7.929466840825315	7.504179161379271	9.088630351177132	11.496718698970808	6.844320242718124	7.977414161043447	2.999108033362628	9.673693043170017	9.027606486033207	3.464332108756415	9.41650591480497	8.82584564028966	9.113619449590056	8.120137821735943	9.493451555373174	13.493663100332787	11.305993164944788	7.81950118343149	11.489750296209328	6.723866197213215	8.90379477755618	5.984913879194733	4.939085029563275	12.397907893892745	7.969336354462861	4.962168803274054	4.53093297007968	11.222638637151872	10.923472287973903	12.96550319881847	8.249650256718398	11.140935370273478	7.247372848417507	4.572166662702799	4.5068326599808115	9.114023633844894	12.871273660118312	9.226117828852802	10.813146694087752	7.033179878683571	11.58556171644806	9.881548540810286	8.58932831557145	5.8965873607453965	3.697557764647574	10.842564728653505	12.31718980967758	3.945858010688821	5.827946004520638	9.351687198561876	6.25870766444357	12.658525347756163	3.202406529826973	2.9441581662209306	7.500041713856793	5.632673671531905	5.00242247097884	7.088430336826135	6.343535182022758	7.487710943111049	5.739675526893132	12.397944063926408	9.712524481238892	9.371285767782366	13.979511605990336	10.65325691424901	6.819548601839911	9.384175322948085	3.9787376989880445	9.355038003550641	3.399075435805801	8.191013642232551	10.072884143923327	6.377304115290156	6.882483859763236	8.213936299934588	6.185838066330338	7.2498456463113685	10.504387708978163	4.643711531501202	8.34138961221631	10.972379193370106	13.9037048739593	9.082081012605887	9.282132493057649	9.57010039421953	5.968461493203721	8.91237524215685	8.418171719694161	6.268793648991431	4.539415137131444	5.965081794550794	5.76766546057442	9.379850380709257	8.627106471366561	11.676513959559562	11.97912400504916	16.821216484029414	13.814124045091578	9.866319488154863	7.516884086406592	14.44173334451459	10.88647581907293	11.944951155502713	6.0310679902237965	11.56029314307316	6.1952578893711445	8.321661429682157	10.341886360373818	7.974347120105285	11.390282653296568	15.06838173629443	6.485471509502042	14.789136130731752	8.987641486985023	8.037304060370309	4.821856110608696	16.317964672464598	8.557298717943311	7.158116032704823	9.357037584583239	10.739249664393546	9.323267823933302	5.7721305224194355	6.986342889451403	5.768530619509607	8.849267906561659	8.720663491662377	8.716789572875374	12.474517348414	8.92249382085855	11.539039974698172	3.9253971133080867	5.695726023629333	7.073452462989815	5.776522790081476	8.088235016510485	6.312125099909961	8.57830570760176	4.941934759116667	6.799278290212456	3.790989483110785	7.615455756040998	3.867646571750332	13.064957843702354	3.100657296441753	8.85271554529323	8.779902795024585	9.423373358348899	3.9986952038280816	7.892705136410949	4.797059522320086	12.26730682588095	5.062830296319414	6.4176355215437955	6.352639022701851	7.231757109771326	13.317271026726123	6.362923789706178	8.246633736523814	5.188493053779444	9.13433202286813	7.82577822667923	6.787648112749254	10.89058415069877	9.751229578651735	6.331110085653929	7.626215956521099	9.04028056487664	7.7394599963086455	7.423830385331265	14.875137169410918	8.4825932271248	6.224962157513436	4.844835316396392	16.035771752819702	5.62886145247986	10.768561851204351	7.0720763743620685	3.9855135708569915	9.856835056820517	9.538243493739271	9.792379496399978	8.70126593420544	8.739006264492659	11.381751758536707	6.756135166851341	6.567216616405998	9.361038971469869	7.305539177952683	8.89150710875391	5.0225884922419475	7.367894663736759	13.246277552681374	7.622587369435856	6.087484463283479	13.296849416270943	8.011511223696536	10.134291022503826	12.95818660243982	5.8447113119383625	10.93188071268969	7.787252535720897	6.796395979261917	10.79526400289831	9.158085233150967	7.670726126780927	6.759076456299632	13.023557351879152	5.273103262667776	10.524171352697804	9.887205220253904	8.638652518347104	6.55323439989721	8.9866458195837	7.266851288482764	5.952723072998751	3.957542173088064	11.256483246245844	9.18659211222457	9.759661870224878	5.709868565193	16.3566077406642	11.055786771126803	11.42268317398102	6.717280362871679	9.843537318019207	6.585085227494035	7.174675348319748	8.226031939433328	10.405772273189918	6.690501932697703	9.670044471940969	5.473776249031081	9.372628232479745	9.4034892299958	6.04393153733324	7.306567135922921	2.000059436871678	5.767508662432093	7.77173841363717	12.895937522999645	9.15933704213851	16.19377427042927	9.389424935715443	7.05561343939078	11.250195019668777	6.311255377336883	5.239631834488515	11.104282127527567	11.540165136493474	5.111990778353756	7.235936618226667	4.600399327866003	10.303167342548228	12.1196200238955	3.0211095486965194	5.795920336450756	7.089367771732262	11.762470343867012	6.128221885969381	7.831309138986055	9.097494832053917	5.049476138784669	9.754739068527703	6.691600400465081	5.8193487928979515	10.39695196460947	12.868221553696285	6.649799718970765	9.466505354811826	9.065662668336657	7.850836861925741	7.900016271744642	8.501644817758827	11.837955232865278	7.665995435427205	8.08522900929037	12.492212670308803	5.865062705456174	7.642002329145009	12.572571828129837	11.178924467390397	8.890100748531918	8.977636233627702	11.821732756978005	10.058127366892545	7.903206653857089	5.724131857475888	10.651050260058943	9.733099947860186	7.652223800430073	7.376658126924334	10.417447065238694	11.766226640158376	11.111213844977517	8.873992009033083	9.853965423036852	5.29067710935138	7.4668586058719155	15.255446561254457	10.25707697286805	6.209879480934635	13.04539831814928	13.532663781306047	7.492952088369369	11.799952073884501	5.0006470543366	7.47350991880723	8.8798986802803	10.375810931379089	6.816052837365866	4.1710734124739	8.494376448187138	12.69297986468259	10.879549846965123	14.307693366644576	8.092040566429105	11.627481441115886	8.330642439397401	12.399856084419664	10.432737003350171	10.752709606123197	11.08250262899833	6.174309938360231	6.603762886923756	6.375305024581334	7.979208802502693	8.815484338686321	6.557832666934944	6.191455151102631	7.510867320317854	14.215861779800179	12.23951274850282	11.269678484230154	9.311780121586	4.08082015294111	6.77706161885233	10.66969886348922	6.853330488715324	5.72042635971792	7.852106803348138	15.162912372274269	6.630785052108152	5.777543299502538	6.568711535712344	11.320098929605189	8.367768462453169	5.373525884481558	8.166842943464982	7.747524272739692	12.984871382881051	9.395268412081737	6.753332375092374	7.245525441036598	8.956491988511608	10.966083851647838	7.849422746762453	5.91395445729013	7.115654526612963	10.085685336419388	9.288051637256112	4.264648767425258	9.876426312602469	9.44164298195273	9.913777324749132	7.625085637215604	12.93632457934308	11.792634569238286	4.94202677649268	7.4346738399231835	4.913227339053154	8.546749494779055	8.325653424730199	5.995009531655037	8.099360775490831	8.581335461749585	8.51494343762897	7.969025238210589	13.383155640344409	4.815505316384441	10.475165854492861	4.589134212226484	8.973678796086087	8.114900676187874	4.3293082643443155	8.94307249641628	6.889021872112267	9.382262950316237	6.735020574026096	6.755424028810207	8.858281638296853	5.055077633443065	9.899235214858848	8.79156093773481	3.9821260708960584	12.03460866695034	7.359685343022753	9.848404765403016	5.444915828528621	13.644032119474554	7.775134031543185	7.000254725508767	5.9004905032347486	8.349681433630762	2.2812353932899074	5.535658431788807	10.975805513774011	12.511007509498313	8.026835112867829	5.889344677367253	14.985109151601756	8.864619186705022	3.0938679308247603	11.664705433291225	8.664235037065414	10.732695477546311	9.679521915269682	8.779105636709582	11.586899283180413	11.489562075162137	4.100807019441032	11.586849147302612	5.9092874979342325	9.169986053966335	12.852691738939537	5.733768794013601	7.6538719285448975	5.743211125467811	5.155442251735789	10.810864758533137	10.613700636371094	10.870474316971116	5.375242497434765	11.259222256646854	5.266225960291424	5.746369561578497	9.217824317818478	10.427164714061565	7.292376876058876	6.037061473284649	8.871587763188566	11.253163461637355	10.777584221417218	9.102095578504718	9.452356243378233	6.817817337152144	10.429365212630154	4.846262382834912	7.717277922728162	13.543878850774128	6.017177196341946	4.494254242458338	10.81099406793492	6.972415428134778	11.132963748890957	6.332956917186029	11.341989832671239	10.458087833881974	12.125702787497904	15.528888124761059	5.666459659203639	9.020144001387353	7.522873251095016	9.415907182799794	14.136451861326105	7.73269655953366	14.309750775287451	10.455629294147432	2.96118445043063	12.112050569011679	12.213587068711625	6.043749769459974	9.799751716036639	7.316469198925261	10.699984646361266	4.90772973884704	7.777093140610973	11.035480491713377	8.170852409885645	8.34104201704194	11.285987766790269	6.388896024644102	11.04959533387936	9.125930140594502	7.347936102323123	3.963095571402408	8.41190561116107	11.187752462686388	11.385296239465742	3.6935133230388852	7.086899320014781	11.206138414958103	16.49257267340929	5.912436628832533	10.912299131326932	11.287047259171128	9.78385485481752	7.253191667601927	9.432152109271392	14.133433074287142	11.300896799064247	12.7900439215944	12.309987539394468	9.364744625260276	3.8851018380051654	10.686958628211464	5.556580456218441	5.856895124942771	6.706558460500818	13.534884964844155	4.293752891839869	7.0161296147015895	12.492520558167213	8.579494016723638	5.779859234953888	10.560665829490548	7.229663809613322	9.673848435181593	7.980140424416178	11.271062641109706	10.118361087584185	8.411959449710354	2.9571736566398936	13.056278521804757	11.040200042494467	3.87544891826569	8.735164972776552	4.975619599724317	3.9781140564813406	10.837241282200923	7.646575887950389	7.961086711499172	8.57742320794206	9.869760076447816	8.296332075020636	5.965898912862091	6.773786863525709	4.726944882456312	8.194806722016638	4.534894316236733	7.230652959569947	8.705984155113248	5.130239455526466	8.488373566030656	8.601068285314712	7.310275788541723	3.886673077010107	8.600562350690158	5.124205522822743	9.783618561698747	10.413450279486815	6.932531729538275	6.337376615439095	9.333196409655342	9.856502029204865	8.02753338820402	6.761611473152361	9.542850776633948	11.851747021915552	4.986370947090338	2.973663915058769	5.23352245407853	10.721857384257307	9.103834698911959	4.925679089582713	11.081346106585471	8.27796662955208	6.243597200310587	10.882808115212473	9.503907107026436	12.05707965969836	8.160287419408037	8.774676064829137	8.84077377358117	11.274442939902922	5.304538952551163	8.069368350243266	7.300228796826725	8.054722315014619	10.97087313519523	11.357243511762592	13.204208493379667	9.833828518709518	10.14941855516104	7.8029188117718515	6.721565700158652	9.963653058512184	7.6712547054269296	9.153921373746716	4.260620497309265	7.568429285378598	7.756896879516998	7.196622725553905	10.603650402542112	10.58660789221671	12.192505707462482	7.620844768625539	7.802783723388683	8.741293172683031	8.693996723144163	10.144352471019538	6.947751760383419	9.536115373348574	8.504899372428273	9.19218085321542	8.74543549645021	10.819249058276522	4.532149656223799	11.726893076797234	7.300341317740894	10.444405648290973	8.55205073301682	11.07810062756664	10.072732721560225	9.660463966594028	6.782830369521947	5.530653858833285	3.9768754799276254	15.710490798419647	8.786584902114342	14.81014392730915	10.721482559681204	6.4786295720171	8.606183675749884	5.966813431458894	9.896383821759557	6.698892549027372	10.638565153192008	8.900151670440648	6.821822759581714	7.5898830210013895	8.712829764819995	9.34711983021879	10.637450946686021	4.026036846207959	8.838055689421116	6.437427501669154	9.585174155720662	9.697623401616166	7.360163590236497	13.195522897649857	7.684347811541898	8.965518790046376	7.065950477623621	2.982390176141718	9.754256412694444	8.993608732346786	9.386559802569355	7.726546401051647	4.8147681859596805	7.420623281937915	6.765218085135128	13.200861605432346	7.008045129503421	6.506337764302384	11.425488796981663	1.9599966482861177	13.480499510465428	11.029423996589006	5.995942105323436	7.922057599467351	7.720488380664603	6.514272051327474	11.983924642553376	15.797282601497134	5.857128296539183	4.984891259666828	3.7423584705320794	11.941434407614977	6.245562245704172	8.82939150029496	12.452760665890317	10.150490081321498	9.652881555016078	10.453695331931314	11.18877491244041	10.199791883585378	7.9003505802865135	3.9877525237474165	12.665732508617738	8.235299052383635	12.260615558348855	7.711974213876575	8.632459956148622	10.856939081963816	10.213826990603717	6.349448604804029	1.9606817356710022	5.881244176099122	4.41538825433703	9.117639938664666	5.134827267595257	9.700178421259345	6.258598037281247	7.089728640086195	6.488792993729834	7.948504950217627	8.085028081039779	5.821436040378326	10.47543331248831	6.821771577572917	7.292489958010735	7.383493936608521	9.747109902297492	6.728088697716731	5.581095641549448	3.9838678057418284	5.002135840462647	3.9385065165651314	11.450812870549399	8.013198975052072	8.74380225335482	7.672699926936558	7.562844575966825	9.238728240190131	8.982584589832177	13.73361430452535	7.731783469672299	12.905127392664346	7.932407284371748	8.955763225128367	10.247595308663563	8.412973738572049	11.336488564172756	9.874987423825715	6.367474801220013	8.479939375665653	9.539276254279198	8.89634577906519	13.320294265229153	4.280617837151847	7.940125661546662	5.229449594813561	12.813086875793113	10.504880815266626	8.757058367242895	2.5334704722239234	6.682387144782201	8.092336251229245	9.292950667596996	7.513099234133904	9.780145979963562	10.508912140678397	12.634503855497517	11.880918962114393	5.823008699179359	6.4979727017912765	8.153379573857022	9.46626984868404	5.846103968808168	6.6036898833222075	6.489646275042158	14.495711526012682	3.2875446360425657	9.74203659860467	8.473088662713732	9.134860646930388	11.441834950294044	7.7530763789078945	12.266549661980827	6.62199685360433	5.989613281035398	8.341469717620866	8.725512245135976	5.50583522656878	2.9559834740360706	6.919115469153402	9.464190373971322	6.743693262782939	11.65842242693687	13.003364373013135	6.8241964120260095	10.663309560062979	6.887756923439842	6.778014310582538	8.09669177195071	10.615150936160239	7.283311874653772	7.687048582172839	5.6677439169199655	11.840166084247883	5.883254052066633	10.095194292751255	6.437368582861262	8.20090618243295	6.8221626594146025	5.522681471189122	11.605308234153462	9.996996826646855	6.983069394973768	9.24027925533192	8.528451647178391	13.432500141231706	6.82267603649778	6.026573108745975	8.690071723689442	7.002238646483395	13.771094960726407	5.624211622437448	7.171828840720251	9.297346754038108	10.573620590640074	9.74780104715025	11.307494046157123	7.0955323605631815	5.853327132783159	12.652762902734642	8.607946431461738	7.62051613356409	13.635277159997408	6.213572243639907	2.972455776702242	8.406933216314115	7.7801288519944185	6.0021235695635955	7.772023822146216	7.920742518765125	5.5305017670500325	6.663238077886543	8.33946134047003	10.001681130787606	3.872724876246059	8.278575072285571	4.999624885054075	12.048084122739246	7.584189216177366	3.9079550691460256	12.771383566230384	11.60067534274933	2.2648359018990845	9.569125884591784	7.81203483803298	7.509697592812664	3.9303495691000916	6.7542412227149455	5.15992455389419	6.781440977258612	9.165272012222777	6.300826343313544	4.123719058719089	9.186561637086609	8.346213236353274	6.1930546924655445	9.738968349606596	6.553041044375196	4.489675340570751	6.276769241034255	10.190111015300786	12.187015365498624	7.228009661729915	5.304302743858572	9.71072642494913	4.6286928270604095	7.402262542793301	10.541157257300105	11.821169531250998	8.055489563185132	8.584330034819217	13.753248251224653	10.914895988656218	0.9880731688992656	6.257610865889468	3.2145624668416835	4.358826429138481	7.963591649041139	8.447446018717121	7.438275222180491	12.124178706450854	3.940754749480046	6.740658536366334	5.514251282382681	9.58498094903047	7.847014729600445	12.923868686734666	5.937339234038771	8.418495895429439	6.587914986713982	0.9946850635065545	4.746052512614022	7.292110531082094	4.894487461014403	5.760674246142418	6.88633346715789	7.643418820991402	8.332378244666376	10.311253832014314	6.872233170331397	11.630299131339516	5.634337650303746	14.424382513345325	4.799986513414011	7.677911212008978	11.10800462923099	10.953851643121277	4.47924420240199	11.83223291242954	12.044463731818006	6.893596206977673	3.6314085904772524	8.732861562526809	6.110796290140589	6.2022238562405665	4.960821275066608	7.052931135418896	9.837971581734326	7.873821994391314	7.844817271048691	12.5404771630278	12.452818743578737	8.51337813044158	2.8354528559888057	8.777198154245315	8.461029135990774	9.74769077719293	4.52050511206709	13.627267791540087	11.394193318703605	10.930715779555662	7.494202056945112	6.597099898573383	9.353427365300085	4.813821686716396	9.211148497388663	6.901996590368014	7.804465852739567	7.439865048381819	9.791231335120749	8.749770755416133	5.780186375982809	5.463336154097442	9.942357757852283	9.013527286763884	10.041874097537232	5.450334796001336	10.718903917627733	5.816360928364477	6.646706803690213	6.022713942270627	8.662378874000293	7.943146737536728	12.714755468608026	3.859844985746849	6.603495334763776	4.997741100914585	10.147293384182634	9.607206183894833	8.506750710260196	6.797313495650958	11.20629126751688	10.499907474673885	3.942975455122027	8.417729624749647	8.733982106519273	7.107965117703979	7.567212662603537	8.775974346324487	3.8615529364520738	10.234637907266807	5.744738553783888	12.73851761053378	8.735200948037672	6.2284051438142765	7.070160210608284	7.022422785149498	10.739997518154063	6.122150038998048	9.898364482140174	2.8814413920705455	5.89097134688356	2.8977005060781535	15.250353501044344	8.571513973988417	7.624619437243511	5.695310981045956	8.305619371850845	12.8136896091985	5.2953866780036005	6.926041642514559	8.604536682534281	4.692969496849772	9.211590656035648	6.421070117056752	4.800531027232018	9.016004316141197	15.235805773850938	8.742054626272619	4.9386317882814605	10.76397658071858	8.165827066112639	12.113525621278033	6.207809932645547	12.584499833817508	6.012568296605556	7.2805098082804305	5.798118130937567	10.410101034450879	6.179571238696991	6.05478964341336	5.22609785330303	10.000573738534467	4.94521978287974	8.568532241315872	5.833535846734314	8.422230081954156	7.657578357202257	9.09477055766317	8.217083368602054	5.577934524039548	7.195702395126167	8.652791867380117	9.092419566498357	13.507158054674722	9.680342204745045	11.338728939723534	9.307517571694733	7.619836120573149	5.360389677577321	7.6281405273684175	14.633529154773257	7.711825342409766	8.58485773426932	8.159982004032202	9.89018384095832	8.701364728785562	7.868904176424188	6.769253239606833	7.016825211927324	8.301959702486048	10.713497250577827	15.203232246992522	11.254894135745683	8.290866969494614	9.90578306795901	8.986897848711255	6.780019209028798	6.294368542040467	5.121656969420537	12.16250790624646	10.949061753533686	6.7794688295286445	8.016035349969512	6.81603594764525	11.284907127180954	8.906292864871366	9.256080327006513	7.730270195699946	9.771970870411302	4.722047417029962	11.067300756238366	14.103657736421768	8.775900068243427	11.511487328419564	6.679386558195242	7.734236763273295	11.795546204834526	10.599082754610503	7.5547032703579236	8.731352493132196	10.650881352353624	4.191020325518429	2.6408904140191556	11.25294468920727	9.707882268877153	6.988591949755131	9.999435496391845	6.742886925803084	8.339830914687138	8.810144454074399	6.828852781646913	5.928623655924907	9.119829003233988	9.431372082210258	8.348464880375484	11.893235457109979	8.65445065337168	8.332412991517616	7.317139836589681	10.04388301131647	12.716943847334175	9.80379112933021	7.865094938796769	9.192346777837626	7.1368686119392715	5.750449113388388	4.924620708067336	9.53875246821977	3.0426557122109954	4.9174621050390135	4.821731151022211	11.585549835607326	7.023268874033364	6.30323323014044	10.839694561730537	9.69648220384904	10.854275999253478	9.847405490954474	9.084464114758905	10.654309384988617	8.680794175168339	7.834544249218328	6.944774681981971	9.789829305030473	5.948407143860533	8.869871433935424	13.879896679573399	5.754246609331485	8.813909425714103	9.33259730301762	7.537447897817083	10.99592882085816	10.33271261470043	8.397577397746772	9.800639526431794	9.729243231344247	8.724203394361485	6.81125620613908	8.681829390230032	9.082586814357818	8.762538842809594	6.002111196374532	12.143602195835621	11.579003679429388	3.898844826670709	5.953046367098158	4.938518973417048	9.179568176568699	7.794714128030918	5.956233488710519	6.329609248038424	8.880096019862995	10.990204133203099	7.027002498299856	3.971753590063894	7.221541330427831	11.366678674387456	14.575984990779256	9.290302475567296	10.174920314126643	8.055991954438118	6.4751507845739065	6.004542664367732	3.9607653180545714	6.280788745913014	9.089247630606657	5.886965524226041	10.612024285270975	6.942264437688034	5.921973194288441	6.121115953537441	11.974937798887431	8.350194292491498	12.88820263587503	4.98386342042501	11.812076946915376	6.531074211508011	6.86436784060034	7.958746486441872	8.726937768585778	7.7073900766987355	6.151433683590353	9.217699366851965	4.996274158677896	5.888646229534856	11.821299385206059	9.905107718664688	7.001938130915916	5.782988097417499	8.657423330304548	5.748093911579662	9.847419439442952	5.0022230312749265	7.77188453758722	6.3508767502356225	8.60037398810966	4.898920436767319	8.63022764738691	7.90477851706462	5.179892823010052	5.629744770585148	6.896156628307644	8.618302134856341	3.9647824468247648	2.742517978152222	6.489039354695115	7.244640497641103	7.400533540085538	12.66645900982195	8.534877744999987	7.07567931393279	5.223670393165135	7.0529283416013335	7.196983137285907	7.428651639431572	5.71823740588132	12.122189822076525	8.262440004256922	4.793267644431435	6.466807783516245	8.50466735920652	9.041421230267572	5.729420871560313	8.915006470062645	7.768817976449283	5.763766687613761	3.7882445372134295	4.180883491017661	7.866431490156536	11.362070659156899	10.331791396996636	7.2754750745870105	9.927747221220901	7.674141426846593	8.944927201181834	8.336527346226953	4.125746144855659	12.225986465369195	7.964639028451276	5.260344208148436	8.892506697976751	8.127984180644091	6.155593199802171	9.085703859457958	6.9717331884236575	10.03921028324864	4.9922754757160215	10.66218679901524	8.258722170424193	7.978780508488918	5.841512821349807	5.284708775935326	9.187920627193364	10.87927849258094	9.302667494037651	8.042902233281625	5.507559324862968	7.616828420370088	7.869498563373023	12.153869682674603	6.823456128415148	11.89848603933341	5.950628363098	8.634825389009613	9.873871782643159	10.086958237036267	4.90802539076826	12.449357715149027	8.586907206564561	8.017832358760593	8.361881800541639	7.401753141811743	5.495421029246133	4.889685522128734	6.562542854230693	6.354347973890123	7.850031329390543	6.221123184093936	7.4995768592506655	10.975845379016457	5.463720254906986	11.333572903475186	3.9805390740163378	5.851966857139837	7.971683046722331	10.954371529402511	6.877320337845873	6.939157841050707	6.998646885587979	4.121740818752757	7.063261229027407	10.656082981215567	3.9658876544058193	9.830165973873319	8.238762384861136	10.40608118996338	5.1507737689630995	7.407907672029991	8.550748752123198	10.72581275991838	2.6388421540900415	11.074984362381164	6.8615062107770735	4.924060774784334	5.144996270056397	7.136338600755676	15.623691301031828	7.5135436982620405	6.872481933343323	7.761738761247399	6.228536225907575	6.00012288372675	9.742792553306339	13.298320608773642	2.9949366285394423	7.347964280716459	8.974958828058348	6.8257254789604325	3.950369713444241	7.046048889864213	11.089397564285271	8.020931688290114	3.8382409918270324	8.579466730446871	9.229045631574394	4.002789326945304	9.993746656020049	5.868792743998431	4.360953455674758	3.941479134855141	9.459175729683942	9.04107823367666	8.235207130620983	8.034831997053345	8.181625658937094	8.654105738571332	7.375155483300793	8.194768282361645	8.391789598721298	9.917331187336396	11.218300231667898	9.45483405186199	5.623482971843912	5.8674954216806094	9.09554604369066	5.5638976741253074	7.583710207169163	1.9373284812827138	14.787012975135323	9.680183358857212	6.752332063427701	10.396678271459566	0.9735903347269258	11.245723301149516	3.9817282464306785	0.966623825721119	8.672589598251811	1.9894381483509938	5.214890784455199	7.694168909948436	8.053346138941993	12.173519410572455	7.333045613640856	9.957053601273296	11.652821957593394	9.819873643752423	8.451259100387054	9.526458198196817	6.735146467212058	11.539263732446514	14.988227685215163	12.54673643126742	10.738487859093667	10.215418812223763	12.460159617094758	7.470690663720677	7.995334104870362	6.349195897448489	10.784252632233912	9.197169368608753	5.775341612312892	9.343569745671203	4.533690713383498	10.051043509077866	4.859259686325268	8.8225055767095	10.676181791008487	5.912693798367907	6.066912586441134	7.23932068162347	10.491893140517245	8.665252677896834	11.709506765661871	3.8585447552406933	6.581952042974269	4.748135458082094	7.898562464451922	5.983340063031561	9.124569786299102	5.547881348609238	7.5844028804908845	12.296191592454079	12.249831189098952	12.886848606606295	10.705447258466823	9.290225891024322	13.205065341153595	8.796873973988738	10.181734521009043	8.02456654667256	6.784999246861297	2.9435957466396347	11.752198120823197	9.35601204872898	7.5440502274584125	8.009573634129815	5.691764584384987	7.747401073390153	9.541470491180686	6.652999448195845	7.838713635715099	12.270573506353662	4.797452042074564	4.846245372093765	8.856409338366154	6.7751721299130025	9.70137633719668	5.08245306263278	6.958630872876551	7.023857757218856	6.491116530162774	5.560534190284589	9.578686099139547	8.14825487766894	9.759349977955225	7.197781229406315	10.780802110703938	6.491736660974869	7.822466386689763	10.842915565436346	1.6640958497388758	9.091713412623589	6.826913142492635	10.075623495843018	5.876469309458927	10.526532178465194	8.733413013847127	10.189940240808435	7.410541802773451	11.01762857850643	9.256167632194693	6.132849546697619	9.706921005868981	11.258142222445327	7.111112002690328	12.823630692167056	6.876966962569848	5.943195252834264	4.999073699910948	9.934810384185981	2.9582773066984833	13.334347695353305	4.1327932819194775	8.400609896858699	18.441067619693793	8.923794560222124	6.102993797703463	5.882596355167564	4.538397758300719	9.108732368366475	9.565980915056546	11.349448805698366	10.648732266816879	2.792741600205685	8.32980416998263	10.078181161953838	9.118645552678453	7.213578055383913	8.708947347844488	8.365927844104034	8.708629130957583	6.517735777802589	9.005324790278742	11.416644444037916	4.20929047908729	5.667269937103042	10.710609062138882	2.8880085418799184	8.243479882895706	8.270276456051715	8.583881580976957	8.431097870338503	5.456139507092027	5.894380309599303	5.596729909028375	8.611423927480793	11.958786974119185	6.763905290087866	10.826655071893354	6.785465919938202	4.83312283306508	13.45746294489393	7.74443704132014	7.79371986695592	10.288362894103548	8.143967888407353	4.57657001480868	9.851228028758127	7.50407816640494	7.251452076337311	7.72453174107307	5.967450702888752	6.624624489032479	8.28281713660043	7.728732465348847	9.888559185639656	6.257024778523985	13.295743096363843	8.414921032676558	6.890189152568724	4.851442768863296	8.305813761693253	7.80377584905565	10.763160650556518	13.501900093167988	7.0689441575035215	8.080764939315532	5.850581299154741	8.845837340615052	6.761678167212926	9.701615794824894	5.263293247432173	8.943253374781994	9.074019627865482	4.851758376746295	5.193626901330357	13.77764368572256	9.921226784570651	5.77518865533691	7.826238549220303	10.01662431659217	5.690969134088168	6.504544134258722	10.244975380171674	7.8205328664664595	7.066733002993199	7.5359835008771885	5.146486550993273	6.642846950507437	9.424911489002632	6.860697796218255	8.74716915242345
G3	12.072913556769354	11.359861235435813	8.022012689982683	12.20016962442432	6.027068106987114	8.02288473875425	8.86432922995412	9.109019434363637	4.6149005547235955	9.683368556199268	3.809277119145868	8.13863472810251	5.891115530535818	8.151827031281236	6.7615102389441955	14.55241943441206	9.024256882928237	16.2566798132426	9.83216954641948	6.1498652801785765	10.165422258444702	10.52993696775001	15.979244725885096	15.536545048172368	11.987094651873786	10.448098351423656	12.257359607246372	9.038912307279368	3.509587262562199	6.853835599476495	11.970960783483461	8.665665092229894	4.05161263151695	9.05761444511072	6.757297369876197	3.1386547032769276	7.602697129560275	7.765230383458252	7.724784305948705	10.403944070978483	13.844718731260643	12.684301213027377	12.49853293910124	6.2451185222067975	5.876639614293132	9.248011025570746	15.583808153227926	8.612820439282931	9.838767560303124	4.968390433935473	5.9553189922804775	9.999600839416512	4.5166918367234	10.240541852242114	5.4179815971764524	8.834210105553982	7.791501493999301	7.640352734822959	6.414655229559079	9.708285914141792	9.858151876554716	9.799565321683742	7.465244080206719	8.951253011291227	11.940490355792999	9.652479514864273	10.85282388410284	8.833570064624647	9.984382255518982	6.772887011275413	12.167056573308018	12.564542602407755	3.6902338387492386	6.636850957443902	11.603005610286711	12.12469674317629	9.564468756119624	9.82430339548314	14.432420775007218	7.581857217995767	4.343486836208024	3.759395675326825	12.71134027240801	6.816725987617348	7.107104443079325	5.447360062819638	10.194998678131052	7.910821796011625	10.5989975007134	5.720175330099301	5.6484149056333015	5.682353080384849	12.06774687431172	6.229578151607104	12.858318913824315	9.371995265181598	5.763786924955459	14.533740607587635	6.868856436145522	9.6999832442546	8.839975015787603	6.953753774421709	9.85324225873162	13.875050666317925	12.15942306214849	11.638829646437756	5.426382673694104	7.644044800808127	3.5703312484376175	8.06760222590216	13.043058963859197	5.868155053993839	8.330543262179468	8.78363258053846	5.418269404612672	5.939263404542112	6.942455244811532	6.934609623851269	11.462396634814926	2.88429708939189	8.17257834172874	5.33803412968665	11.358312223705736	14.201996034835732	3.975520226877131	8.201157259227562	7.970953258123124	7.70399683754115	5.049260824187323	5.738363471300258	7.998029300594259	6.705914226874103	5.966426733681119	7.802355281271325	4.922275061095392	7.001728076067528	9.19189924173204	9.283924248136726	7.967853437391545	14.373440070640548	7.950161397874985	6.342372714769023	9.28453642851898	10.063604719078247	5.600895474809942	3.5023634254934852	6.770539717319983	5.8938434249687	10.254801959323354	4.840992099887358	3.9857318665692456	8.734111547921422	9.744713895559608	4.817328286385963	6.799876233833839	10.335163999765339	9.241235432917454	8.677614811497468	9.394449750515973	7.339567002529185	11.156455127786794	9.444453378131932	5.50605482951004	9.100243348746575	11.82956138009023	12.464504100994148	9.199756975685927	9.61326296447229	9.36250335045773	6.409927151799911	5.785435835392213	7.576171611643115	6.062630411897332	6.206699331388357	5.83193068829588	4.634059499272555	9.532795978635777	7.06522996136489	6.3763530547921325	8.078620305380154	6.878866992544684	14.36208557170949	8.026513915090325	4.798303501380282	8.627145527081929	7.503464671033048	10.191578742483502	12.58239053364053	9.74487353292963	7.90520231968203	8.115488243622298	7.568936422521384	11.386845803645468	9.482010820231556	7.953170971351095	4.782169567157743	6.339443873533024	10.181526474804615	7.819669805357261	5.734555241491902	10.13120099303862	7.820580326172637	2.9897860044455618	4.78391097361047	12.253642324670926	10.37960461436526	7.811890826378943	9.956290968428835	6.54535505088991	8.140987986484497	9.894403717409698	4.992411486172977	8.326434105617988	16.149302435202916	11.576878402948848	6.815905399693413	17.30728644146205	10.958606426633198	9.912258149040936	9.985692450052845	7.901578034282019	3.9783495599102747	6.473432929740816	9.810837416074618	17.19447197710611	7.135879066172936	10.344621454859402	11.990797903188978	8.640710373515539	9.089378081010274	11.555018834993431	11.320322480127238	13.58569133329459	10.826331842489616	9.743682935351078	12.938386247681908	7.163466695147946	8.82314876305838	4.916524850176345	6.718554471941744	13.027834658631887	7.031093391898345	7.859908278018236	9.402416229124512	13.680584842488736	9.803534848492623	7.164492443750191	7.9768056117088255	9.21831294815092	11.091056394247703	9.98180936843697	6.454243437897394	5.411878172134933	6.019173092312843	7.346289252046344	11.569116845485436	13.448147524412414	8.215592316706948	3.001879558567699	8.784626903325924	8.967669069043707	10.71179627313778	11.066760085490364	6.49524101054861	11.252912490034019	3.03930554756187	4.615293204282164	8.929011727014963	9.16124103728073	7.496587284851187	4.8145740144119085	14.034918104261303	11.696727498943304	10.94763498529988	3.994695569945652	4.946318529243328	4.787762954917332	11.353126985787544	9.479592178915325	9.074734851439434	7.073929168588611	12.659964281844424	6.597790975947064	10.577381191723155	10.11942150896459	15.14966935976806	9.434893175542838	8.12741591143477	7.822484743235036	13.64180207367913	6.866092315529316	6.419055558009842	9.57096877462517	4.371806068450302	10.568843733889219	6.143296988027298	7.780848080396815	13.939031654850226	5.9621529194051455	8.424342225984754	6.700995567928688	11.268199697617277	7.7928477884028275	11.433870583062674	8.99445429264378	5.477159333411157	8.134935279759004	6.292122316300511	6.980829142487324	9.559056099720873	8.200984639734813	10.788913391057877	8.30042332409312	6.946268463224093	7.666230042356339	12.197999328110837	10.907414338943832	8.532520481389989	7.554398283517598	6.187213030704632	7.296051158361791	8.222810875924472	10.041209714881038	4.981556343102542	6.9997483276857535	12.116422090019206	6.6822674846996595	8.77080285931639	11.590342716106246	5.250515584270294	6.747971534676104	7.1758515860512	8.092993678705835	6.101998370935702	7.782229028260566	6.16843616014539	5.884525873728843	11.060892118459973	9.076750781863698	4.462624103122874	8.733067106104114	4.684072982291282	3.8683336783566213	6.831074661405901	5.794147403685166	10.787193396208156	5.967564802027858	10.353672491613963	11.853628965485074	11.051331492931315	5.912820556662793	10.085331435861198	6.015931344633765	11.544098237981665	6.113651661189648	11.170341568942623	5.912851731052615	12.040147958656794	6.822693228432825	6.886475498448431	4.97257966220668	10.034483954411636	4.929433332750609	7.34505311152754	10.066554009614592	9.289064027695469	8.56942842008594	15.485338153950792	8.298495766032298	8.43349460895489	5.2314986265422405	5.367253359842859	5.59631774329819	6.749400714431727	9.333423344932067	6.6684620026996475	9.411239060787048	6.093763502354347	4.110157775077716	5.495620253506928	7.904798314067842	6.8224222461316915	11.41027698458989	12.510959857000163	8.151515227340719	6.579296359125285	5.6533122441642645	7.521114620572885	5.541711051225082	6.909932218465307	10.999822794048539	8.481400609851214	11.818602916273699	7.95493661225355	5.697600046118895	13.88054702144116	5.965744332115779	11.3924580394055	9.687890603793075	13.332366068611393	11.967707982801784	10.536905004072056	3.919385007382094	7.558918737983096	5.891122476214131	5.619662009779704	6.568747632909327	10.174471254245228	5.4883864737618815	7.714073266986193	8.699210616485548	13.25206597681244	8.815246154680471	6.647174321628312	14.99694112886196	5.267054602550236	9.045322682515472	4.391575835755321	9.053823900160255	8.495693515433523	5.889636465497934	6.928111719038314	4.787591434327161	7.779624484121063	4.031178355600082	13.505209976089992	5.655795814298515	14.336469646149988	2.8812986499305335	16.087611560712084	5.271622051865111	8.781899445862736	14.397074185537374	7.148214215727915	5.738640341721478	6.824508256247064	7.746345980503111	12.697698842801723	11.161190690261794	12.660945609229044	4.28958101787609	11.761109261676292	11.385856827358353	10.22156153755455	10.774666914866271	11.423584290684303	10.571148164173044	12.101323273101128	7.420947733119127	17.15101045490767	7.405076279782011	8.09656539359921	5.886657965222248	11.962183499604969	9.610399785882189	8.079555520936909	9.98977389876403	10.501823787305014	7.02454550592349	4.61510269357687	10.397252719553503	9.08028405280997	6.9136867424613575	10.402773629914824	4.908340048429193	7.091710061915276	7.122921241503287	5.16929258417417	5.542943923094733	3.9541323892392275	11.627727120862412	8.731964578548919	10.690782505231317	4.031728069148762	12.368896516461799	8.930293812885845	5.94123217311675	4.930794826011617	8.732903143609263	13.648528898556926	7.715171879303427	8.870590207398008	7.755249715645849	11.63664864792901	7.486983033680468	9.54449568581495	5.005060463822959	12.429428535738543	10.309693064019042	12.298625256868005	7.8477057456918295	4.30770802661335	4.692032593165996	5.007028614353378	6.159574426202814	5.890563309045331	11.355244525707407	5.396936318210365	8.570205314445616	7.163507634850044	11.21194071098968	5.455574252399749	8.354184615603993	5.747758469430902	7.632652119883267	7.513681302717013	7.503858096681325	9.006583766646562	10.071195194914505	5.048401786681554	6.141382535121078	9.111774839890943	6.6955651102226055	8.89422477205131	11.846835686403814	7.046582959979797	9.291994181396936	5.018956344871114	6.307336277514346	6.790315700571553	3.221898188356731	19.01104294455302	0.9809280353394295	7.789373605336343	5.636205052906609	6.238365741531718	5.821717565228222	15.469486388277152	9.622151610900408	3.930474299585446	9.531683199669065	3.882901816089379	6.683753284802289	8.940883635005347	6.730157442159735	5.020690947054675	9.819264439970977	8.614293052750076	5.974325216186329	6.947460111421966	7.784993694866604	4.160473421709819	8.829842294317025	5.353030444610301	10.25065476908807	6.847789092350934	6.268660362818419	6.217846514563324	2.9801019896033356	3.9180692030137365	4.032419326110602	7.652079899974795	5.967035717484252	2.96597434350232	8.866830358185245	14.151925199164776	5.619643762634258	8.94524140358717	4.905849909664055	7.005435166438323	7.5783939413675405	10.425698886501007	11.377548315156146	8.914835605701462	10.18900376992435	10.448796122849751	5.111279669311167	7.3094258201420335	6.734982473050719	9.540204399963251	5.937305507893787	8.216915057941442	6.523247298618116	9.34338244764996	12.574096817601857	4.998027790472469	5.45826572737347	4.8564513032253895	9.025971416345003	5.936521863938527	9.547784456337988	10.685064694055548	14.354070339817008	8.806869941752613	8.069510500223176	9.52238929591959	5.476343926109385	7.321414402799491	8.707104803771415	14.626197771412231	6.815359598834496	2.9249915044114	3.8732216980981913	9.398081912381647	7.693197240120512	6.7943080289762	8.565712233342326	8.8904428836018	4.981821609875631	11.014660333775137	9.350171517178634	4.798726281663463	10.881591878315222	9.681631240906333	9.699064375360352	8.073553004448483	7.153199547924196	8.825824067932368	7.008397304054542	8.824675062271181	11.304487248767217	8.824059758821175	3.8902587658212995	8.159082791784655	8.42620672264015	6.175780605286691	7.668966493570333	9.79855252575113	11.992314471305408	11.027436060715598	8.642426181738056	8.3542007428802	8.727204900240885	13.269265527375506	12.847710318155722	5.8532162097069005	10.921726556475091	9.613192887007889	9.46248992443134	7.771007250175171	9.917879206282779	5.765418330831843	5.815497110670738	10.249600121853398	4.1915247811120935	7.80472439990175	6.709202033741117	6.711969007001272	6.831208954378937	6.19735911075379	10.98147698795976	4.979788677294153	7.633587967460563	7.1960563647623115	10.593400327926915	18.361209390958372	3.974735859892633	11.62741610148514	7.9730661448098115	8.516865926841005	5.750055116816158	6.654723020962297	7.053133341441526	7.4628296314051195	15.274083528818949	7.118417786662165	8.7711604348896	7.380554818001284	5.058654064448554	8.485173891886854	8.502093400349658	8.2627081696606	12.686880438513274	9.230766039074252	6.894056308714654	6.247621989365814	5.946887697282089	4.000887053367861	4.706931317560504	4.99081546029974	9.58089648601403	12.55780061863985	9.071725049528897	9.180918438972935	9.284313336453462	6.8852636201420045	11.046177401733225	14.259155809111801	10.551581918262535	7.880194205156789	13.081317026202656	7.723156169129974	13.957051521256135	10.645881246884828	7.325338839638042	6.905086146816106	9.701454234091209	8.24489793774757	6.505534118922266	11.72858484478388	5.604143480446421	7.937635171560158	7.972993069892696	4.516392822371924	11.256391830708743	5.92662149396417	8.636828113443372	9.6234736562173	7.897281115342283	7.860937654334219	11.26269930408702	11.64971106984034	6.015597463699669	7.826473602703584	7.557962234352533	10.797963778160492	6.817947624619985	8.891978559585509	4.940292891752793	4.982461507576931	7.7640190846093775	5.562093269938063	8.861673905805507	7.37919086738304	5.702074034385209	2.9119148174018	7.338415045464263	13.598982241036488	9.395829082545195	10.741895373196053	6.889351899257102	10.653815949983821	5.57585021254614	10.89953681950071	6.939238509899436	7.655138210966346	9.020831146097137	4.862372609356922	4.366689933147108	12.875667477332865	5.871557337702331	13.239191720555183	5.924235894714145	11.198836248422648	10.999919718759044	9.103772243454532	6.235680126132363	5.748397123149133	6.940918508983591	7.743515171804896	5.207913328505009	9.516816080721359	12.872963753939988	6.503077833217862	8.32078622241588	12.36480387544605	5.9264425414938255	13.812078635432153	14.485930593575715	10.0206311695594	8.547400447973363	9.892872563821514	9.223352734076142	14.232217002154703	6.5604199107506025	6.172484809451384	6.710969338734232	8.35400969757222	8.802290299045112	10.55420166318525	5.963354767462819	6.305063642385324	6.9464358351674065	13.549165012842769	9.942711558408094	5.67934626433176	8.111209721465949	6.666660231948645	9.094090154739622	5.8898140733128175	9.831504605271123	9.636821876390554	2.9330110884567677	9.688066935602079	4.517788987406777	7.979618534144405	5.926927236191329	8.294691162111945	10.541100231898891	8.971039183162704	10.279878824723788	6.35070412280629	8.251230511749029	8.47716933956407	7.412722576650187	9.07480508469989	8.655148995622405	11.576373453929344	6.677154085470275	9.71715320884652	5.228307377992862	12.850163020054351	7.188057277329225	7.1534018403382404	8.84680416262398	5.372566604751189	4.976255474913417	11.170452229713154	12.03296086458463	4.971857928694818	11.968258534421928	4.585328133421707	6.709661998603547	6.2593107248853315	8.902691150746257	6.11705603330917	9.638764722087295	7.176018283506515	11.662541987483417	6.794611205724862	9.294397614369226	9.990442268190714	8.33251735558843	7.742149968447472	5.381820971280815	5.594963213456382	6.406045592312333	5.775946866849585	5.306966802868429	4.910680223077368	8.657338868554813	3.6688774462101383	5.587280352130903	9.730061543717326	6.056391755056407	7.6440289683258325	6.995768110964583	9.837905122018656	4.788145447276535	7.850578899797623	8.98671011932029	4.263716159877328	7.726155940065331	8.570432858850555	4.935921751587531	9.917554186023263	5.144200297776468	5.785422078141327	6.735560467796504	6.730586609883744	10.306315218878098	8.880596208900227	10.690148287160376	13.293536572095888	9.67055153647495	8.572862386292078	10.6447323501068	10.864313682863944	7.785794425382955	7.740967690266103	9.874522579811591	5.167176974491147	7.581897792612324	3.683685342608734	4.694590232444735	9.178817817026701	7.764572590682252	5.026684818189822	11.189558222354083	11.299068833639705	8.185849008136994	3.9748222367451915	10.183663358133732	7.3974154153201335	7.955364636969578	10.065360170408313	5.285106318629139	9.857196762125673	12.46336625790079	13.752488317596045	6.204320879288568	5.960413898074859	8.346808370642655	9.54275919561384	11.367964930554097	5.607491641455199	7.9307066832419135	10.219474914112112	10.296720316119552	8.052703556172208	6.81586332023244	9.736366647782349	5.983324318653991	5.734731581995372	15.048659113554766	8.243771836689131	6.209269312316216	10.464072591253188	5.543009700909332	13.264910846069787	7.42965279207114	5.685102584165347	9.710677582289756	11.661235150643547	9.53422858061083	7.756704968166021	8.831449457538103	6.839460517979227	7.305925480665327	9.667247451723208	4.922007762707082	10.844088902977212	11.480348453624751	8.887813126675045	10.058886425201097	9.66583143055908	7.464847599649782	6.810368063971909	8.937113572666707	7.722531269312056	4.358030941593449	7.408700570568056	6.975855299635536	4.8568896106382	9.239750806727915	7.73257192623466	6.8006518691672335	5.510637999126292	9.92139897945338	9.413686984774127	10.291230112530629	7.708445728747763	9.53498244549893	7.069567015711318	6.7656035517954844	6.552764429461287	7.279047686690761	12.659535559801538	9.201506528358456	6.630574566554933	11.589664723448788	7.401894161378627	9.66187980332235	5.675763998564425	9.388382546865047	10.5229089808033	5.821491726630095	9.597050962463147	9.826546724908233	7.588887877273043	3.864842625992976	8.580002107531067	8.324269731545664	6.432413527416318	6.549584966446507	6.1667630655755685	6.292187487725131	11.412167162513537	8.207136531614736	6.842369905491007	8.108592661445472	11.243374227282542	10.342589148336216	6.4124094949474895	1.961472438145942	7.683423952212729	5.723472715411473	6.227131557784281	9.787625540005797	5.965775201516751	6.690777807496424	7.38871683924068	11.447539229013115	6.984704221739213	9.527269937200833	8.457198585348463	10.539968892592762	9.537679745644992	6.447089224596909	6.224891952749475	7.752044167311066	10.897844649807109	9.881942447780725	8.832397830276735	8.915884247591073	11.367966576020034	12.739898699720772	10.651964323927064	9.896037844544953	5.145406578894593	9.036476384107027	3.9135019475743054	6.219884368789606	4.865223604499914	10.525848793165176	9.511890239700898	6.756888223911279	6.584526887146859	9.574339521705062	6.892592694163301	7.838969072099096	7.391782225296986	7.5442855698875855	7.043070085284386	9.696667968653548	11.956500796044875	8.462927563851933	11.614105705562379	9.667740020373142	8.004166828305895	12.920731685944478	5.91724654002546	11.705181639289066	15.703975911510682	8.192737408155619	7.753926833460348	9.082503342370739	7.982212638535264	12.34037355969765	6.514792655674861	8.714500540172168	11.574728871081662	9.370434374286893	13.717102434972405	5.538742804983719	8.725005776346972	6.920865999246354	8.699008448539852	8.317515512708628	8.746697453645188	9.655809457464612	9.779182639906935	13.4837940457251	6.58883305835358	10.561666520684081	8.291505882964156	8.235262153917242	2.9464286176379484	10.082094155909866	8.079694363457154	13.122964123705719	5.996593795950539	11.410358481284606	6.6998823089006105	15.655011394002027	8.703482393900895	8.671469207367307	4.4396078489564035	8.059363617468373	10.356125416502538	6.988722636182502	7.292521504508175	7.496674855075244	11.222775653857374	5.722952658308132	6.545647889413242	7.872372100637391	8.302831559134038	6.573151552231732	10.02349181630807	7.019559735940882	6.345702630948001	10.995572307041142	8.610975139977457	5.9817268064771385	10.200222863000477	10.000759981091749	4.878789939721884	2.9161936304000404	2.1172523734858224	2.000650697719194	10.94762705506411	2.9798292300413607	4.878591888180257	6.241408443638529	6.215617440004154	11.144442023625908	4.9960941183257095	8.711168465097593	12.070129637833244	12.440489095496432	8.844543195268534	11.052392753463552	6.199910304535747	9.08720182520671	7.79425383403252	7.042741663302877	8.94295091532696	5.42206409328615	5.916875470626991	9.69836357699325	8.139139202482571	11.165477802579938	9.714933914937232	9.485835863367235	8.885066858346066	8.169753925475407	12.593869322191745	5.43276909573902	3.950076821200092	7.594969900656604	6.520497194769512	8.279307278565419	8.346556572609893	9.549843108228107	6.915127683287225	11.964881470519197	6.245720403793078	3.9709543798494216	5.983439263687085	6.687491071256428	7.742935806586563	5.857114697345767	7.532694688094477	3.130222260949111	9.6861173204991	9.109929704474714	4.127189527544863	8.305661913751534	8.802390863815582	5.179922828247334	6.448302975298183	13.411115660740293	9.259300211267302	4.722210355629458	2.946448231093109	4.659235922236351	7.953131666622937	11.830184440948457	9.885967642132965	7.3827645287026264	7.1429063676923885	4.402248132994399	5.019809510536411	8.026389950026456	7.127458008094459	7.895266293905774	9.24289308248387	5.980538939791214	7.725931106776305	4.9381107613061515	8.932407868013469	7.56135321111977	4.848545322007368	4.803851952900416	10.0977371761926	4.089016290688229	10.446759417902433	10.921375667090151	8.94667914774537	4.4177336258819455	2.085946298419743	10.52840010571935	6.397034927096726	9.140799568294662	14.877838588184549	5.935501699609391	5.327629584632431	11.785277164512562	6.7994998117732255	6.8350225313309885	4.985272762263329	9.93149477704302	4.923320116932291	6.870326177192347	11.075190428263818	8.636934786510281	7.793325979862226	4.602716391107545	9.17046017727745	8.291882996978055	4.783854411583056	6.879924021021335	9.19392241705589	11.63300679446905	5.100951175491701	5.917975977958919	7.5300220637764586	3.2247363721484104	13.66641721601543	4.662291671338901	8.72494331019808	9.835851456438812	7.736284668506038	4.820752041436654	5.784629360126159	11.84852706154403	9.249125115671518	8.764258125816262	5.209966135297451	11.637479483067489	8.399561864283923	6.873651356553528	8.770403921498293	10.817502410700492	10.71781731621103	10.830152093450177	12.075819335613607	5.810694313586187	13.1545782822802	1.9952163705783543	11.405069340122521	9.729217117694745	10.03326274771381	4.953419609494416	9.886244856297774	5.896023973731972	10.04193894660053	9.639721766702488	5.9838103294326555	7.582281424903987	5.821673752479411	8.88470853423434	5.287937048868291	8.410845284624115	3.3047620625619554	5.497511054309091	8.206870591321053	3.8662849537755073	9.810887138988559	7.501269153713612	9.5811610945198	9.66095147575947	7.275449838266273	8.486044838490017	10.6458190985489	6.504395393699411	3.566808132236591	9.619049680199184	6.740304072789924	8.927358592455247	10.700345918615554	11.18034022482867	4.969720508255769	6.738795229980472	5.644508253457232	10.096371569245372	6.174912547922126	11.501397794683738	5.648541292817026	4.8620658539080654	11.435018641105355	8.070042335073733	8.868564233782005	9.523069960068138	10.487429920466974	4.943931353011902	3.98610511891173	5.560387674585815	6.25677003635214	10.96551792787111	9.511708025741767	11.785517986368355	8.956539727871224	10.379057893761795	10.75465935515125	7.788132758187153	4.1385170706233625	4.244551197329961	7.235603726055651	8.670990640205979	7.680993240697307	4.673082268947897	9.966605622981948	8.774751556184638	11.399116646918687	9.421995475449425	3.8488686702855865	8.775921942630545	7.657644047303754	9.464795825383474	15.282753806009698	8.103203430094222	14.407515893844279	1.9840475929049401	5.832393717352438	13.030761743203097	9.108477565700387	7.1654304454384095	10.838667756576704	6.4269083343335485	7.926925836234703	6.742903976567358	5.530248777854759	11.10812971970605	9.102946280677545	9.13670539482963	6.173953335803443	3.8655770230647786	7.683377237011247	4.9585173847926205	7.927961209820988	7.422997868687315	8.80793149853346	8.502545236250961	7.76572298577324	2.981635684802061	3.9880434493882664	6.5410215429775285	7.08397477781857	10.209452626842841	2.9973141813628215	4.9294653600512985	4.941045853900894	7.867897464632825	10.22366644156415	8.315587812907218	9.565376720580804	9.074828102784782	5.795704405464596	3.9182414911459236	15.230440580834477	7.095824763985293	15.499629941234147	4.723345699836521	10.680425603394813	10.03227088908308	5.979751491648629	8.62513100426195	7.387217619427874	7.834754403797765	10.84398671580213	10.894001170046733	7.62093821193683	12.882679878073628	12.209454659220865	10.458880062190033	5.96692734221182	6.653202418121327	5.0693456537451915	6.442635563506939	8.305170482625073	5.494094224503733	6.8333748177688864	5.955132910965589	6.674646625877056	5.404527328848645	4.205911579382735	7.133199743847097	8.690942301194342	2.909118957061664	4.924444123201187	6.793407992470475	11.063586666934583	10.698653873945698	8.620686556731698	5.979025312662217	12.241952931839892	10.514358545051051	10.899447716203166	8.102728121820885	11.410942985357616	8.514661782218987	7.08440070762718	9.094708525717934	9.200428750178506	12.181320478986546	6.421834783736517	12.819423021590438	5.934732555775435	10.088410071726768	9.9517405801646	7.13077742064419	11.98989449781099	8.701898669314563	6.150439885607417	13.296032696794297	10.598429053584907	8.89695254053784	7.749319382602968	13.311067429586497	7.861861786749047	13.578677017646974	9.756126689894101	10.569745909455797	10.316553258327458	8.09932486923599	8.855297725899527	8.697405555090373	11.123607311250897	7.977756417598931	4.916876156624653	10.410923108303068	5.973660265996022	8.031186450662664	5.691215329428583	6.583646880283157	12.68742079200539	6.037173594190147	5.002611021335777	9.833391191346639	12.329378092018482	6.6699894709069145	7.709005306990135	8.9613128895356	3.890317146357148	7.708981169958657	3.9341024446802964	7.775183070962792	3.8388418588826845	7.899864391575068	8.685093666934659	12.80117025152308	9.58741572621507	9.887659505908518	7.931410992785994	5.442581757925116	7.584829351829587	8.479013938262637	9.505800306777177	5.618973030510522	13.023417573462957	6.315781318388244	7.949802180925048	9.70651800748104	8.791341179743698	9.72117704432121	9.282511637900049	11.294811011628273	9.29837713489501	8.502091899034935	6.036665442288953	5.452696328808298	10.187342367009107	8.799728814942457	16.19651988725289	9.349602982438768	2.770681158012113	10.195221794519751	3.9647334204126574	5.772445508753286	10.603402076373321	10.059628861599457	4.21188938013423	3.9887070805217233	4.998513388937713	8.867551956239183	9.027606486033207	5.196498163134623	5.070426261818061	7.221146432964267	11.39202431198757	10.618641766885464	10.849658920426485	10.318683547313308	16.151418807063983	2.9323129437868087	8.617312722156996	9.4134126760985	8.90379477755618	5.984913879194733	2.963451017737965	5.390394736475106	6.130258734202201	9.924337606548107	7.551554950132799	6.2347992428621515	7.2823148586492685	10.084280265747699	9.624591966171465	6.684561222164087	7.247372848417507	8.572812492567747	7.323603072468819	10.633027572819044	7.722764196070988	9.226117828852802	9.830133358261593	8.037919861352652	7.240976072780038	7.905238832648228	5.905163216955372	7.665563568969016	5.810447915874759	6.195751273516288	8.79799272119827	8.878180524049847	9.536638916488318	3.300595481845368	9.388061496665355	11.392672812980546	7.685775671584735	2.9441581662209306	7.500041713856793	6.258526301702116	7.781546065967085	5.4526387206354885	5.766850165475234	9.52981392759588	6.783252895419156	6.887746702181338	5.827514688743335	7.614169686323172	9.045566333287864	6.167675055617847	6.199589638036283	8.280154696718897	8.9521598227231	11.693797504438301	8.157781045933922	6.655198584313948	5.925225967013722	7.652764938348187	5.89927187979706	11.947543708995763	8.505527341204216	10.356922351873385	12.755327932330628	6.965567297251802	9.45357489384515	7.596262518486997	4.907189955515047	7.26566481008471	7.541732650609339	8.971969119580809	4.973717911003101	5.941583494771233	7.123068378202752	4.1791957659942875	7.376549597838597	2.982540897275397	10.958564375091399	9.379850380709257	11.502808628488749	13.622599619486156	10.569815298572788	10.970358576540923	7.893785168623759	6.906423641708404	8.143291093607141	10.430140748816093	7.044190235870719	12.798161952324335	5.025889991853163	3.8534310476910534	7.434309467245374	7.76688400103668	6.364237760230043	9.81458107089881	9.763099417111345	15.861454459257295	8.917523325565307	8.87348167843905	7.9302719002809035	8.037304060370309	4.821856110608696	8.547505304624314	8.557298717943311	8.589739239245787	5.758176975128147	7.756124757617561	8.74056358493747	8.395826214428268	3.992195936829373	7.691374159346144	1.9665039792359242	11.835186167256081	9.297908877733732	4.677944005655251	12.888046630129018	12.500626639256353	3.271164261090072	6.2652986259922665	4.951416724092871	11.553045580162951	8.593749705042391	9.818861266526607	6.2907575189079585	6.9187086627633345	8.368342511030715	6.950147385703105	10.153941008054664	5.801469857625498	11.613295861068758	3.6174335125153783	4.918175302940683	6.584927096268438	8.750275261323978	5.998042805742122	10.852469562565055	4.797059522320086	9.380881690379551	10.125660592638829	8.342926178006934	5.77512638427441	8.838814245276065	7.324499064699367	5.090339031764943	9.424724270312929	10.376986107558889	6.447763780848091	8.347496775124512	9.333016155030226	7.77898867907055	2.8680086996034513	9.144936790389009	7.626215956521099	7.649468170280235	4.643675997785187	5.710638757947127	14.875137169410918	6.220568366558187	6.743709003972889	6.78276944295495	15.233983165178717	6.87971955303094	8.810641514621741	5.051483124544335	4.981891963571239	11.373271219408288	6.171804613596	9.092923818085692	5.800843956136959	6.554254698369495	7.587834505691137	8.686459500237438	7.577557634314614	7.709090917681069	4.870359451968455	5.92767140583594	6.696784656322596	8.420451044270582	13.246277552681374	3.811293684717928	7.304981355940175	8.864566277513962	6.509352869253434	8.686535162146136	10.528526614482354	6.907386095927156	14.0552752020296	4.86703283482556	9.70913711323131	8.3040492329987	9.158085233150967	3.0682904507123707	5.199289581768948	8.682371567919434	8.286305127049364	12.779350928275905	9.887205220253904	7.67880223853076	7.2085578398869306	3.994064808703867	6.228729675842369	7.143267687598501	8.904469889448144	9.648414211067866	7.349273689779656	8.25817542865182	7.4228291347508994	13.08528619253136	9.476388660965831	8.249715625652959	6.200566488804627	7.997874070890606	11.706818182211618	6.622777244602845	6.960488564135893	15.955517485557873	8.749117911989304	5.372246928856094	5.473776249031081	11.53554243997507	9.4034892299958	6.04393153733324	10.35097010922414	10.000297184358391	7.690011549909457	4.857336508523231	10.477949237437212	9.15933704213851	10.525953275779024	7.042068701786582	5.427394953377523	8.035853585477698	7.57350645280426	8.150538409204357	9.870473002246726	10.182498649847183	8.306985014824853	16.883852109195555	6.133865770488004	10.303167342548228	4.0398733412985	6.042219097393039	9.659867227417926	7.680148419376617	9.286160797789746	8.170962514625842	10.963832794580476	7.443404862589568	7.574214208177005	4.26769834248087	6.691600400465081	5.8193487928979515	6.931301309739647	6.055633672327664	6.649799718970765	9.466505354811826	5.4393976010019935	15.701673723851481	12.76156474666442	4.78217520998934	18.151531357060094	4.791247147142004	8.08522900929037	11.757376630878872	8.531000298845344	6.877802096230508	9.671209098561413	11.178924467390397	12.841256636768327	2.6404812451846182	7.195837330334437	10.686760327323329	6.586005544880908	8.013784600466243	7.746218370951959	5.677641636251775	7.652223800430073	12.909151722117585	8.929240341633166	10.085337120135751	11.111213844977517	15.7001397082893	9.853965423036852	6.877880242156794	6.93351156259535	6.102178624501783	11.83508881484775	6.727369437679188	9.421676563107813	8.45791486331628	14.985904176738739	6.8833053764326255	5.0006470543366	8.968211902568676	8.8798986802803	18.357203955516848	8.520066046707333	8.3421468249478	5.096625868912283	12.69297986468259	8.703639877572098	6.024291943850348	7.080535495625468	10.981510249942783	8.330642439397401	6.526240044431402	12.037773465404044	11.35008236201893	6.649501577398999	7.858212648822113	5.587799365858563	13.388140551620802	6.751638217502279	9.44516179144963	5.90204940024145	9.005752947058372	13.769923420582732	10.83113278460966	13.055480265069674	11.269678484230154	6.9838350911895	5.246768768067142	6.77706161885233	8.383334821312959	9.790472126736177	4.7670219664316	5.8890801025111035	6.498391016688972	5.967706546897336	8.666314949253808	6.021318907736315	5.6600494648025945	8.367768462453169	5.9108784729297135	7.424402675877256	5.634563107447049	6.110527709591083	7.687037791703239	7.272819480868711	7.245525441036598	8.359392522610834	8.435449116652183	7.288749693422278	7.8852726097201735	6.468776842375421	7.431557616309023	10.716982658372437	8.529297534850516	8.356976110663627	15.978165046381545	6.261333047209979	5.991138714955118	9.055427205540155	7.370396605773929	9.88405355298536	9.086823582128336	7.642798082971573	7.889307225949897	9.839408592862961	1.998336510551679	6.074520581618124	10.488298897693937	5.676628958419314	11.034034945214662	10.409121053601208	8.667909569491995	9.242793401023112	6.883701318339726	6.730259097064566	3.043087753570453	8.040143919496586	5.030478279234157	6.889021872112267	8.712101311007935	6.735020574026096	6.755424028810207	13.628125597379777	5.61675292604785	13.706633374419944	7.814720833542053	6.257626682836664	5.415573900127653	9.56759094592958	5.471335980779453	4.900424245675759	3.898294891278444	7.775134031543185	8.273028311964906	11.800981006469497	5.2185508960192255	6.843706179869722	8.30348764768321	7.31720367584934	7.819379693436446	12.842936180588527	7.067213612840703	9.772897272783753	9.849576874116691	8.25031448219936	8.748529074968419	10.589620600857726	4.878497944339232	8.711569723742715	7.8036494548529625	10.223734661629775	6.565464042949793	6.151210529161549	6.846774496133361	9.848812496557054	6.113324035977557	5.712307439528683	11.467537588027202	8.61060591961301	7.657614833957081	5.155442251735789	9.828058871393761	5.027542406702096	5.435237158485558	7.764239162961327	4.503688902658741	11.585697112641133	6.7911640273200415	12.29043242375797	10.427164714061565	6.076980730049064	11.525299176270694	8.871587763188566	6.430379120935632	11.547411665804162	5.851347157610176	6.672251465914047	5.578214184942664	14.440659525180214	7.754019812535859	11.575916884092242	3.385969712693532	7.3543276844179335	6.420363203511911	10.81099406793492	7.508755076452838	11.928175445240312	8.86613968406044	7.291279178145795	7.997361284733274	12.125702787497904	7.426859537929202	7.2118577480773585	12.885920001981933	6.985525161731086	10.004401381724781	8.315559918427121	7.73269655953366	10.544026887053912	6.65358227809382	7.896491867815013	8.882170417275232	12.9769362605061	7.142613363907242	6.124844822522899	4.7034444850233825	9.094986949407076	5.889275686616449	6.804956498034602	7.970069244015217	6.128139307414234	3.8497117001732026	7.127992273762275	9.050936034912478	8.103036578178196	10.837042041955971	9.79724813643083	3.963095571402408	11.00018426074909	9.090048875932691	17.07794435919861	7.3870266460777705	8.722337624633576	8.804823040324223	7.761210669839665	13.795685467275911	15.277218783857705	4.514818903668451	10.482701630161628	7.253191667601927	11.79019013658924	10.80791940974899	10.547503679126631	10.39191068629545	8.68940296898433	8.695834294884541	7.12268670300947	9.56201561471552	9.029443241354967	10.737641062395081	8.254225797539469	8.459303103027596	8.587505783679738	5.936725058593653	7.634318118879964	6.672939790785051	10.596408597415461	6.498871279686491	7.746068367442844	10.641233278699753	7.980140424416178	9.157738395901637	10.118361087584185	6.834717052889662	9.857245522132978	10.682409699658438	6.62412002549668	3.1003591346125523	6.794017201048429	7.4634293995864756	10.939813655323688	9.56227171958905	9.175891065540467	7.961086711499172	7.352077035378909	5.92185604586869	5.5308880500137585	2.9829494564310455	13.547573727051418	8.863021654605586	8.825176469864072	4.534894316236733	8.54531713403721	7.545186267764815	8.336639115230506	13.118395511138287	8.601068285314712	5.743788119568497	5.83000961551516	9.747303997448846	10.888936735998328	8.80525670552887	7.438178771062011	10.893978432131574	3.6968030256728057	5.490115535091378	7.5819246378498955	4.5871619361165825	3.1207437568395515	4.771425388316974	7.40734188869722	8.975467704762607	7.929770440156717	11.214690973025423	12.671285999576817	13.005478141302799	11.821629814998511	11.933757345553584	8.27796662955208	12.487194400621174	8.550777804809801	9.503907107026436	8.84185841711213	5.828776728148599	4.874820036016187	13.892644501341838	10.56979025615899	4.243631162040931	15.331799865462205	8.343118624944829	7.551302170326206	10.23948159284888	7.301085114704524	12.427490346710275	9.131412195944552	4.510852691182684	6.82755396030037	6.721565700158652	5.97819183510731	7.6712547054269296	9.764182798663162	7.669116895156677	8.829834166275031	5.817672659637749	5.997185604628254	10.603650402542112	6.351964735330027	13.818173135124146	10.669182676075755	4.801713060546882	3.885019187859125	5.795997815429442	10.144352471019538	3.970143863076239	6.601926027702858	5.4674353108467475	6.128120568810281	8.74543549645021	9.016040881897101	7.1219494597802555	10.26103144219758	11.558873753089747	7.98689843692839	11.661887363204753	10.286807725597594	10.744248236330906	6.688013515334327	10.551069463700808	10.271214309261817	4.9710943499095315	6.427018962989855	9.76287211346038	9.353775111984726	12.670843025077788	10.365807315227359	7.087445380029317	4.972344526215744	11.418904409722566	7.916873012486894	4.835711433269094	7.853075003329983	8.337783372822095	15.179766042002779	8.712829764819995	9.34711983021879	7.5981792476328724	5.032546057759949	6.874043313994202	8.193089547578923	2.255335095463685	8.081352834680139	3.15435582438707	9.2368660283549	8.644891287984636	5.977012526697584	6.0565289808202465	8.947170528425154	15.60681026031111	8.993608732346786	12.068434031874885	7.726546401051647	8.666582734727426	7.420623281937915	8.610277562899254	10.094776521801206	10.011493042147745	11.711407975744292	10.663789543849552	5.8799899448583535	7.414274730755985	7.785475762298122	8.39431894745281	6.337646079573881	3.8602441903323017	6.514272051327474	12.782852952056935	10.268233690973137	7.809504395385577	8.97280426740029	9.08858485700648	11.238997089519978	6.813340631677279	4.905217500163866	7.004677874563304	5.5827695447268235	9.652881555016078	7.152528385005636	9.090879616357832	10.199791883585378	9.875438225358142	5.981628785621124	9.742871160475183	6.5882392419069085	6.490914119125864	6.16957937110126	7.553402461630045	4.934972309983553	5.617604844832045	2.8219771576906796	14.705113017532517	9.80207362683187	9.461546259293636	11.143782147256815	7.987509082925955	4.8500892106296725	7.823247546601559	8.665223893438682	7.02952574320732	13.909883662880848	8.085028081039779	12.474505800810698	2.4648078382325433	12.885568535415509	15.314228911822545	13.424534430197312	9.09730257547766	15.378488451923957	6.088467972599397	9.959669514354571	8.003417344740235	1.9692532582825657	14.313516088186748	8.013198975052072	10.686869420767003	7.672699926936558	5.942235023973934	3.260727614184752	10.039359247459492	6.462877319776636	11.246230501341525	10.485416006539781	11.898610926557621	2.9852544083761225	10.247595308663563	9.534703570381655	7.017826254011706	12.153830675477803	10.998365565743658	16.959878751331306	5.723565752567518	8.89634577906519	10.516021788338806	8.561235674303694	2.977547123079998	8.890064311183053	8.76684891501634	5.528884639614013	5.838038911495262	4.4335733263918655	5.654327584046477	7.283102626106321	6.637821905426425	12.294162383128207	10.391405103711286	7.743408945763029	7.141241309629032	12.72955603083685	8.411012565481295	10.042321448222882	8.153379573857022	13.410548952302392	9.56635194895882	12.547010778312195	11.356880981323776	5.2711678276409755	6.027165166078037	7.793629278883737	7.262647425183198	12.941052583151384	8.390678963548966	3.6181023101570173	9.68411815419539	7.825996281532389	10.182342577760178	10.266424267841066	7.7560108845653115	7.078931005588431	7.882622597429521	6.919115469153402	10.81621757025294	6.743693262782939	9.472468221886206	9.752523279759851	6.8241964120260095	15.233299371518541	5.8281020121414056	4.841438793273242	12.145037657926064	5.790082328814676	7.843566634242524	5.1246990547818925	8.816490537431058	7.104099650548729	1.961084684022211	6.9889806642124075	3.8624211497167567	20.129496993244516	9.745946656306575	7.530929278894257	11.605308234153462	10.621809128312284	6.983069394973768	6.67353501773972	7.817747343246858	5.756785774813588	6.254119700122966	12.05314621749195	8.690071723689442	6.00191883984291	4.303467175227002	5.112919656761316	7.171828840720251	6.973010065528581	12.200331450738547	9.74780104715025	10.553661109746647	5.458101815817832	7.449689078087657	18.276213081727818	7.53195312752902	15.24103226712818	9.624901524704052	5.648702039672642	5.944911553404484	8.406933216314115	4.445787915425382	5.001769641302996	2.590674607382072	5.544519763135587	6.033274654963671	10.47080269382171	6.671569072376024	9.334902388735099	7.099995606451109	9.783770539973858	7.99939981608652	8.605774373385175	6.320157680147805	7.815910138292051	6.721780824331781	5.800337671374665	9.814288908229367	9.569125884591784	7.254032349602052	4.827662738236713	6.87811174592516	9.648916032449922	12.039823959086444	9.795414744929106	5.891960579286072	10.310443107240344	6.185578588078633	7.349249309669286	4.173106618176637	11.14749844643798	10.956339393307422	12.450777984312872	11.544879447181932	11.158700872949785	11.757820402270138	8.97990605878846	7.830343800207408	7.426023841402	9.71072642494913	9.77168485712753	10.818691408697902	8.784297714416754	13.791364453126164	6.444391650548106	5.901726898938212	13.753248251224653	7.938106173568158	4.940365844496328	5.475409507653285	9.64368740052505	9.807359465561582	9.101247598904159	8.447446018717121	3.187832238077353	6.35076027480759	14.449434081426835	13.481317072732669	5.514251282382681	6.589674402458448	9.987109655855111	5.169547474693866	6.926895773045233	11.92620251852504	7.78571771157107	2.9840551905196633	7.91008752102337	11.779563165594153	4.894487461014403	5.760674246142418	9.181777956210519	9.681663839922443	9.721107952110772	7.365181308581652	9.99597552048203	8.528886029648978	11.268675300607493	11.387670405272624	5.759983816096813	8.189771959476245	7.187532407149464	10.223594866913192	11.198110506004976	9.048178109504942	12.044463731818006	6.3191298563962	5.1877265578246465	5.613982433052948	4.999742419205936	8.062891013112736	11.161847868899867	11.75488522569816	8.101858949663562	7.873821994391314	9.806021588810864	6.600251138435684	5.336922318676602	9.04546426359418	7.372177425570895	11.702930872327087	9.589166354122877	4.873845388596465	4.018226766281857	7.787010166594335	12.027204058631582	10.930715779555662	7.494202056945112	8.119507567474933	6.23561824353339	8.664879036089513	8.635451716301871	7.9638422196554	4.87779115796223	9.919820064509091	11.297574617447017	8.124787130029265	9.633643959971348	6.556003384916931	6.959650430496598	12.29117357285984	10.041874097537232	7.267113061335114	6.821120674854012	2.9081804641822386	13.293413607380426	6.022713942270627	7.424896177714537	10.779984858085559	11.019454739460288	7.719689971493698	6.603495334763776	4.997741100914585	10.781499220694048	5.7643237103369005	6.380063032695147	5.751572957858503	7.00393204219805	6.461481522876237	5.914463182683041	7.365513421655941	9.704424562799192	5.815607823575983	10.318926358095732	11.967237744987937	8.688494107017165	8.772546777657263	10.967228148132877	6.36925880526689	5.558764239660337	5.605564629432849	10.877169554781975	7.724665063664448	4.881817053706392	4.761672252554037	4.949182241070087	9.220612454625746	6.872799904697486	6.761301180849025	13.170759841811025	7.959262975846387	6.353849531036259	8.949774398786502	10.222300765354888	10.552450266398765	8.321321922577086	3.9577380814368905	7.5922382492949545	8.343056883288483	5.263766089163227	8.561426822742337	8.53427738174581	3.712472365469905	10.388049391262003	7.649297797988542	11.852716291875506	5.920187119395219	6.281405435471261	10.498388871774296	7.33650264767201	6.991388796565282	6.012568296605556	5.200364148771737	7.7308241745834225	7.348306612553562	8.239428318262656	3.02739482170668	6.532622316628787	4.737113876147905	10.879483522335429	9.520591379239859	5.833535846734314	12.633345122931233	4.466920708367983	12.401959851358868	5.976060631710585	4.056679653846944	8.79474737182087	5.562509057601504	7.273935653198685	5.525655567821477	10.4870373884738	5.669364469861767	6.570012403549224	7.619836120573149	10.125180502090494	9.323282866783622	8.780117492863955	4.819890839006104	7.440210036366745	6.629985378276164	4.94509192047916	4.834091515991978	3.934452088212094	14.769279795505817	9.175848354058807	5.534639801657365	8.704716516094486	12.307378485660614	12.00522041146206	15.828018759944262	11.886939681550812	11.437869989268869	5.811445036310398	10.872091118069898	5.121656969420537	8.919172464580738	7.962954002569953	10.653451017830728	8.016035349969512	8.860846731938825	5.642453563590477	7.236362952707985	9.256080327006513	11.595405293549918	9.07397295109621	12.14240764379133	4.9188003361059405	9.649871082814894	6.895350053619835	5.755743664209782	6.072169598359311	12.568134740319104	6.667047854906471	13.86033898679835	11.332054905536886	8.731352493132196	2.9585781534315623	5.38845470423798	3.697246579626818	5.3585450900987	8.737094041989437	7.623918490641961	7.999548397113475	12.522504290777157	5.733633753847407	7.708876397315099	8.779953576403175	3.233794721413586	8.04690794402999	6.811546503818519	9.866367585898299	8.721706001880651	6.923560522697343	9.522757704591562	10.975709754884521	8.537300559619	10.332516875959017	5.882274677598125	7.150086307997063	14.554549064909574	10.308810217245615	4.182144809737009	6.8944689912942705	7.419029697504264	5.5782021390534915	11.801909052093633	6.750423611431096	8.275392739719518	5.5182826867405	6.828502665985477	7.883414226713118	7.7571857630792325	11.457291332545337	15.755848785527158	10.736184862896888	7.8505437573600325	10.60985954742797	8.394154552733923	8.488057944644632	7.831863444024378	8.9226107157908	7.884330163498155	9.496771412339694	5.754246609331485	9.793232695237894	9.33259730301762	9.547434003901639	8.246946615643619	8.610593845583692	7.347880223028427	9.2848163934617	8.648216205639331	3.877423730827326	6.287313421051459	10.017495450265422	3.739888688264984	3.2859520660535977	9.336617416582605	7.143295409315071	5.448942907966771	11.139556647630597	5.357741730388342	7.901630357467277	9.179568176568699	17.71525938188845	6.948939070162273	2.877095112744738	4.933386677701664	7.065131228487706	8.304639316172556	7.943507180127788	6.419147849269184	10.554773054788352	9.71732332718617	11.767716469051908	12.888232397893749	8.055991954438118	9.71272617686086	11.341913921583494	8.911721965622785	7.536946495095617	7.4852627546172466	1.9623218414086805	7.580017346622125	3.967008250107448	5.921973194288441	5.611022957409321	6.33967295235217	11.829441914362954	10.471664641648463	7.974181472680015	7.38254809182211	8.312276269192015	8.82561579505758	6.122112681878363	3.8180352737562773	9.809405552162026	4.473769951702074	6.584070976322833	4.996274158677896	9.814410382558092	7.092779631123635	5.826533952155699	8.911557621165711	8.67448214612625	6.73355147912576	6.706109563509607	13.129892585923937	3.001333818764956	9.714855671984024	4.763157562676716	10.750467485137074	10.777624960888101	10.98392609667425	4.940486573165387	7.769839234515078	9.724104603737985	4.388463308923046	14.158639221549704	5.947173670237147	8.91318342899472	7.3001692740320046	4.829760331760736	14.801067080171077	9.743430007555345	4.267438872499993	10.108113305618271	8.357872629064216	10.075611916573335	8.796312723349443	9.285814549289464	5.198397641710291	7.130699895339132	11.016586672342562	4.793267644431435	4.31120518901083	6.910042229355297	8.287969461078607	10.937985300251507	8.915006470062645	11.005825466636484	9.606277812689601	4.329422328243919	7.764497911889942	6.883127553886969	15.906898922819659	11.126544581380992	13.09585513425662	12.218765810733418	7.034629641276044	8.256855878014001	6.062928979074147	6.704337485390447	9.780789172295355	4.901316325200785	8.942585153852342	6.351790498554823	6.966843583409222	2.4622372799208683	4.810078513830684	6.4354460200833765	10.03921028324864	6.656367300954694	12.60076621701801	8.258722170424193	11.968170762733378	8.76226923202471	14.3442095346816	3.5730802439085303	10.87927849258094	6.440308265102989	7.372660380508156	11.015118649725936	4.062308490864047	4.918436602108139	9.875019117173116	6.823456128415148	12.748377899285796	6.942399756947666	7.675400345786322	0.9873871782643159	10.61785077582765	6.871235547075564	9.959486172119222	11.040309265583009	11.101614035206975	9.929734638143195	8.882103770174092	6.182348657901899	11.735245253108962	7.8750514250768315	11.91440245104398	6.038485637992726	7.352236490292833	8.863136288205332	7.5097889435375755	8.499120396521977	11.333572903475186	7.9610781480326755	4.787972883114413	6.97522266588204	4.97925978609205	7.935369620591392	6.939157841050707	5.498936838676269	9.789134444537797	5.045186592162433	12.593552614163853	8.923247222413094	11.342499200623061	8.238762384861136	14.408420109180065	7.358248241375856	9.117424827113835	5.344217970076998	3.900295549061229	5.805452738998091	8.998424794434696	6.8615062107770735	7.737809788946811	6.173995524067676	4.391592985080416	7.811845650515914	14.192249207828299	4.757872107699224	14.553260177338872	3.1142681129537877	8.181985750536477	7.307094414979755	9.604342661892074	8.984809885618327	7.347964280716459	4.986088237810193	11.551227733625348	3.950369713444241	8.327148688021342	8.317048173213953	9.166779072331558	7.676481983654065	10.139369772346301	13.424066373199118	7.3384470993997235	8.818011755311806	7.042551292798117	5.451191819593448	5.912218702282711	15.76529288280657	11.301347792095827	16.470414261241967	5.892210131172453	5.454417105958062	13.702334086071275	8.955545944008106	7.648450396870869	6.293842199040974	9.366368343595486	5.235206774778353	5.909271282413744	5.112257247130829	3.9116636144537393	12.127394724920881	8.345846511187961	6.0669681657353305	8.717978165772212	10.56215212509666	8.98874169036741	7.7169509296316585	10.396678271459566	9.735903347269259	8.835925450903192	5.9725923696460175	6.766366780047833	3.335611383943004	3.9788762967019875	9.386803412019358	6.1553351279587485	8.053346138941993	9.738815528457963	4.88869707576057	7.9656428810186375	11.652821957593394	9.06449874807916	9.98785166409379	10.647217986219973	7.3474325096858815	3.8464212441488383	7.8509764065412755	8.62588129649635	8.786035521076636	2.837616336728823	8.795406788537477	3.448011075563389	7.995334104870362	7.936494871810611	9.243645113343353	6.492119554312062	9.45055900196655	12.458092994228272	11.900938122631683	6.7006956727185765	6.479012915100358	7.719692379620812	8.674397705194396	8.86904069755186	7.721525110015988	3.619660340811735	9.180406497952589	5.332463186398051	5.8547533828309355	1.9292723776203466	8.775936057299024	5.341652390342356	3.949281232225961	8.975010094547342	7.169304832092151	8.069645597977074	9.480503600613606	10.75916764339732	12.249831189098952	7.2488523412160415	7.324779703161511	5.806391181890201	8.403223398915923	8.12019136060499	3.95956342483685	10.164450959118577	2.907856820083413	4.905992911066058	9.548660973168847	8.186510542637857	10.058733636611217	9.077516785347123	7.761497160524982	8.393017829505999	3.9288407904861646	8.700076201486874	8.818552840179485	5.453588225046072	6.71643285890439	3.876996297675012	13.687178068384055	7.7430538627577175	7.6589813188394835	7.62367959394917	4.639087248584367	7.023857757218856	7.032042907676339	16.063765438599923	2.5543162931038794	11.908987898131526	8.257911519808268	6.090430271036113	5.989334505946632	10.819561101624782	8.800274685025984	6.900037178004948	10.816623023302693	6.667256502590632	6.826913142492635	8.816170558862641	11.752938618917854	8.66890885285369	14.737634460867026	10.189940240808435	6.881217388289633	10.230655108613114	8.022011947902067	5.621778751139484	7.280190754401736	14.07267777805666	10.989900367794144	10.419199937385734	9.169289283426465	6.933727794973309	3.9992589599287585	8.889040870061141	7.888739484529289	13.334347695353305	8.78218572407889	12.600914845288049	11.34834930442695	10.906860018049263	4.88239503816277	6.536218172408405	8.320395890217984	9.86779339906368	5.380864264719307	7.343760991922473	4.8403328485531265	7.261128160534781	7.809191409358715	5.758960663973622	9.118645552678453	7.869357878600632	9.331015015547665	3.1372229415390125	8.708629130957583	9.776603666703883	11.578274730358382	4.892847618873392	6.313935718630936	9.067631899364867	5.8421503975302995	5.776017083759837	7.693914557369325	9.022119770238234	14.826704548960198	6.022212764527502	9.82105111276565	8.841570464398954	11.81531869683768	2.8704746424935976	10.2503888349593	5.534104328253709	6.186660041081916	9.330015639915029	9.66624566613016	14.2985543789498	7.74443704132014	11.690579800433879	9.49695036378789	7.5622558963782565	8.136124470770985	4.925614014379064	6.503534410884282	7.769412938932834	8.42676189935244	10.144666194910878	4.968468366774359	10.194236475815913	6.182985972279078	6.921991429947759	10.949793362416974	9.496959354545602	10.518651290845698	6.316006723187997	5.390491965403663	9.136395137862579	10.59083865228981	5.8708149003035555	9.001266728778658	6.564019574824698	12.929223902904852	7.150710476744683	5.897224893743369	9.659540238875609	11.641938953789873	8.421269195891476	8.943253374781994	13.960030196716126	5.3908426408292165	4.544423538664063	5.010052249353659	8.929104106113586	11.55037731067382	8.608862404142334	10.01662431659217	4.138886642973214	11.382952234952763	9.705766149636322	6.70331388554268	5.979543310225014	5.023989000584792	9.26367579178789	9.133914556947726	8.835854520939968	5.880598111044218	7.497573559220099
G4	1.6097218075692472	1.6228373193479733	1.6044025379965368	4.305942220385054	2.191661129813496	3.7028698794250383	7.6824186659602365	3.90386547187013	6.922350832085393	2.420842139049817	4.761596398932335	5.8133105200732205	2.209168323950932	3.8041859479312436	6.7615102389441955	3.638104858603015	6.941736063790952	2.43850197198639	3.4701774869715813	3.9135506328409124	2.140088896514674	4.512830129035718	10.933167444026644	1.7262827831302632	5.640985718528841	2.985170957549616	3.404822113123992	6.214252211254566	3.509587262562199	2.284611866492165	3.420274509566703	1.9257033538288653	4.05161263151695	1.6468389900201312	1.3514594739752395	6.800418523766677	4.88744815471732	3.2355126597742716	3.6048993427760623	4.895973680460463	3.2575808779436812	6.342150606513688	1.9228512214001907	7.806398152758497	3.917759742862088	3.0826703418569155	2.0326706286819034	1.913960097618429	4.3044608076326165	2.9810342603612834	0.0	5.999760503649908	2.5809667638419427	3.614308889026628	2.3219921130756225	7.227990086362349	6.817563807249389	2.728697405293914	2.672773012316283	3.2360953047139307	1.2322689845693395	4.899782660841871	4.976829386804479	1.491875501881871	5.027574886649684	2.8957438544592824	3.9464814124010323	3.926031139833176	1.9968764511037962	1.935110574650118	4.055685524436006	4.711703475902908	6.150389731248731	6.636850957443902	1.6575722300409588	4.849878697270516	3.3756948551010435	1.4034719136404485	2.5468977838248033	2.527285739331922	7.44597743349947	3.759395675326825	3.5309278534466695	5.112544490713011	5.330328332309493	4.357888050255711	1.9115622521495723	6.921969071510172	2.8263993335235735	4.680143451899428	2.8242074528166508	3.4094118482309095	2.413549374862344	3.114789075803552	4.018224660570098	1.7039991391239269	2.8818934624777297	0.9689160405058423	1.8733244825851425	7.27498743319095	4.759986546962556	2.8973974060090453	3.2844140862438738	4.625016888772642	4.053141020716163	4.849512352682399	9.224850545279978	6.370037334006772	7.650709818080609	3.1029239330392926	5.370671338059669	2.5149235945687884	5.206589538862168	3.5134530322153843	4.816239470766819	10.888649574993872	3.471227622405766	5.043352453710014	5.349118429580298	6.73002654191441	4.767337366008432	5.33803412968665	1.6226160319579626	4.733998678278577	3.975520226877131	2.52343300283925	1.992738314530781	6.16319747003292	6.171318785117839	3.13001643889105	8.569317107779563	5.747926480177803	4.972022278067599	6.827060871112409	6.891185085533549	9.002221812086823	3.6767596966928164	2.4757131328364603	6.971871757717603	5.295477920762307	3.180064559149994	6.342372714769023	3.4817011606946173	4.025441887631299	3.3605372848859654	1.4009453701973942	2.2568465724399944	2.94692171248435	2.5637004898308384	3.8727936799098863	4.555122133221995	3.8818273546317434	4.615917108422972	1.9269313145543852	4.3271939669851704	0.6079508235156081	5.198194931016068	5.52211851640748	3.5229186564434896	6.005100274796606	3.486392227433373	4.722226689065966	4.28248708961892	4.900131033940464	5.566852414160108	2.876424023306342	5.257003986106244	4.523888453869313	3.120834450152577	1.7481619504908847	2.8927179176961064	2.5253905372143715	4.041753607931555	4.137799554258905	3.711228619824651	5.6638504991109	1.9065591957271553	3.853761797108122	4.463447138354493	0.5770443075271539	1.8760546343303683	9.826690128011757	1.0033142393862906	6.717624901932394	6.710002076619278	4.823655859949817	3.821842028431313	4.194130177880177	1.624145588821605	0.9881502899602538	3.2461952974489194	3.4933552719329466	5.12408061164046	6.896007869259313	4.970731857094434	9.564339134315485	9.509165810299535	2.5453816187011538	4.887293628348288	7.8850134570513655	2.7016535981436323	5.213720217448424	3.9863813392607494	0.956782194722094	3.0634105811677315	3.193724496727772	2.9294590598921038	4.425018208190593	4.909016288167432	4.884592791890698	2.6385076579759197	3.993929188938382	5.298639885393265	1.6999265721266228	1.9294797338248082	2.55596452488503	4.120782486062393	4.214848625628153	0.0	4.608781130793621	6.321262427425615	2.983762169932706	5.034892278687301	1.9621674832149236	1.7194471977106112	2.5485282379189056	1.2170142888069884	3.996932634396326	2.8802367911718467	3.246206457503669	2.718827961174925	5.660161240063619	1.5983166274464224	2.165266368497923	3.8974731741404316	5.327570807869021	2.558380962552838	1.3574075020089817	3.6873936376322587	7.465060524379715	2.960871513325429	8.537756261590848	1.8138249872349774	4.701208114562256	3.040129964997497	3.7705903263433167	7.88094168812521	4.985503507318016	2.30457823703773	3.1688732554993435	4.728225490312249	4.033902148685871	3.7883147204944527	0.7523966365391054	9.795052336061792	4.8204653522855985	4.202546101378879	2.053898079176737	4.002506078090265	6.8324875914757195	2.989223023014569	8.764196950749094	2.2133520170980727	6.49524101054861	2.1099210918813784	10.1310184918729	7.179344984438922	4.4645058635074815	5.637686792172756	5.354705203465134	7.703318423059054	3.118870689835845	4.45589619007364	3.0410097181388553	4.660478164936594	4.328028713087912	1.0639473233149626	1.419140873223443	2.3698980447288314	3.2409767326569408	4.12645868167669	1.9989417287122775	6.597790975947064	4.230952476689262	3.113668156604489	2.1642384799668655	1.4515220270065905	2.7091386371449233	5.58748910231074	7.795315470673788	2.860871798137215	4.493338890606889	2.3927421936562925	5.464757585562877	0.81298797952994	8.935704709857887	2.3941071016605586	1.9912902364071752	3.9747686129367636	4.212171112992377	3.829140324530679	1.6097428139453254	3.8964238942014138	1.6334100832946679	7.709532250837525	6.0248752667522725	6.779112733132504	5.592997614489343	3.8782384124929576	9.559056099720873	2.562807699917129	3.1732098208993755	3.7729196927696007	2.671641716624651	6.814426704316746	4.435636119313032	3.116404096841095	9.954607228288321	2.324430241082338	0.6874681145227368	3.126879067869339	2.5300956541306068	2.9532969749650113	0.9963112686205085	3.181703785311706	4.846568836007682	3.5981440302228935	5.847201906210927	10.624480823097393	6.825670259551382	5.060978651007078	5.979876321709334	4.855796207223501	4.576498778201776	1.9455572570651416	1.850530848043617	4.903771561440703	3.2532035642529333	5.8350540740552335	5.100141832140427	9.897476053584663	9.368145964582563	3.8683336783566213	6.072066365694134	3.218970779825092	2.538163152048978	0.0	1.2942090614517454	4.5156681773276475	1.7449470778312604	4.730256445330235	6.723554290574133	4.511948508475324	1.574195214270227	4.279556162832754	1.4893788758590163	5.912851731052615	9.030110968992595	6.822693228432825	5.008345817053404	0.0	6.132184638807111	3.9435466662004868	5.341856808383666	3.355518003204864	5.001803707220637	5.45327263096378	3.36637785955452	1.915037484468992	3.513956087064537	6.975331502056321	4.830528023858573	3.9174224203087333	6.749400714431727	1.5555705574886778	6.6684620026996475	5.067590263500718	4.062509001569564	5.137697218847145	5.495620253506928	2.9642993677754412	6.8224222461316915	3.2600791384542545	4.691609946375062	3.2606060909362875	3.5887071049774284	4.111499813937646	3.1337977585720354	3.526543396234143	2.3033107394884356	1.9411451989497424	5.9369804268958495	5.9093014581368495	3.977468306126775	1.6278857274625413	1.2618679110401054	1.988581444038593	5.69622901970275	8.719101543413768	3.174372873478903	2.2439452467753345	6.4842492332751105	5.879077511073141	10.918438177086696	3.9274149841427546	3.065270187152566	6.568747632909327	2.0348942508490455	3.841870531633317	4.114172409059303	6.766052701710982	4.677199756522038	6.411088112494888	3.6257314481608978	4.165816980239433	4.740349142295212	6.460944773225337	6.5873637536329825	5.325778764800151	3.716865913002166	5.889636465497934	5.938381473461412	4.787591434327161	9.72453060515133	3.224942684480066	3.9721205812029385	5.141632558453195	5.90325220723823	11.525194599722134	0.7660767409862898	5.271622051865111	1.4636499076437894	3.1297987359863857	6.598351583748845	2.869320170860739	4.342868890339041	5.8097594853773336	3.341499695474137	4.29276565010069	2.411608687472199	8.57916203575218	2.520237698930634	4.140311573584856	1.703593589592425	4.040500093074852	3.6074476707424115	3.8440538778811066	1.512665409137641	9.070047229367823	1.715101045490767	2.468358759927337	5.566388708099457	5.232584857975332	2.5183544209694673	2.8831199357646566	2.885555543191753	0.0	1.0501823787305014	3.512272752961745	3.5895243172264544	0.6116031011502061	3.4051065198037387	4.399618836111773	3.9010401112180593	2.4541700242145965	3.545855030957638	4.155037390876918	1.550787775252251	4.927061264973096	5.9311985838588415	2.906931780215603	5.821309719032612	1.5272546436044738	4.031728069148762	0.7275821480271646	4.961274340492136	2.970616086558375	4.930794826011617	2.381700857347981	1.7060661123196157	1.9287929698258568	7.884969073242674	5.816437286734387	2.4498207679850545	9.09133654089771	4.772247842907475	1.8768976739336096	3.314514276196945	1.9330674495035702	3.0746563142170014	3.9238528728459148	7.538489046573361	4.692032593165996	3.3380190762355855	7.186170163903283	5.890563309045331	0.9462703771422839	7.555710845494511	8.570205314445616	4.7756717565666955	2.9898508562639146	6.061749169333054	4.4984071007098425	6.7928054638728845	4.906704934210672	3.415309683053188	2.5012860322271084	3.0021945888821873	2.8774843414041444	4.543561608013398	4.776630860649727	6.508410599922102	4.869501898343714	2.96474159068377	5.923417843201907	4.48418915635078	3.7167976725587746	2.2306472643871618	3.7844017665086076	3.880180400326602	5.906813345320674	3.8022085889106036	1.961856070678859	3.8946868026681716	3.5866759427587516	5.614529167378546	6.7920038260995925	5.156495462759051	1.9244303221800816	5.895711449378169	7.148762399751798	6.471503026815632	4.86091147985621	3.2512304127292175	3.8458042526627056	5.522760041760143	4.909632219985489	3.0765332331250272	3.982883477457553	6.947460111421966	4.191919681851248	6.240710132564728	1.9621871765148944	9.10015175583751	1.4643792527268673	6.847789092350934	6.895526399100261	4.52207019240969	4.966836649338893	4.897586503767171	4.5364717418744265	4.372617085699883	3.978023811656168	3.9546324580030934	4.433415179092623	4.9947971291169795	4.495715010107406	8.94524140358717	4.205014208283476	6.3685774240348385	2.755779615042742	14.435583073616778	8.939502247622686	2.7430263402158346	7.641752827443263	5.804886734916529	7.155791537035634	5.685108971221582	2.5903778742502768	5.724122639977951	4.857795415549462	6.5735320463531535	6.523247298618116	3.5936086337115234	1.9344764334772089	2.9988166742834816	5.45826572737347	4.162672545621763	5.265149992867919	5.936521863938527	2.386946114084497	6.799586623489894	0.7554773863061583	5.871246627835075	6.9935757668600855	5.441365311954051	10.95268785221877	4.880942935199661	6.772192625155545	2.5810937243668644	5.841736799000997	2.9249915044114	7.746443396196383	4.337576267253068	1.923299310030128	3.0883218313528182	7.138093527785273	4.939134935334333	4.981821609875631	5.006663788079607	3.4000623698831394	5.758471537996154	5.440795939157611	4.840815620453166	2.155347638968967	11.302974206227875	3.0656569491103696	4.412912033966184	6.424364195383331	6.618506296703386	3.229853499647776	4.152498710033494	5.835388148731949	2.1757554111425748	4.213103361320075	3.6025386864172364	1.9172416233925833	1.3997932179644472	2.5697816724225873	2.5447929370882147	3.7810614545103993	6.075782358458328	3.7402306715318074	5.805303668226784	2.704781119611731	2.3412864838827603	0.7801233254625065	5.127036206404208	3.1541633081437803	2.9141277188156893	7.4384094047120835	5.188876497748659	3.876998073780492	1.576861557208215	5.3891032900012625	3.902362199950875	4.02552122024467	4.646747774077804	1.9517739869654105	5.422689221909566	4.991580449072618	4.979788677294153	2.9359953721002165	2.767713986447043	3.5311334426423047	5.798276649776327	2.981051894919475	4.787759571199763	7.9730661448098115	3.005952680061531	0.9583425194693597	2.957654675983243	3.526566670720763	4.146016461891733	3.2155965323829365	2.966007411109235	1.9491467633087998	3.690277409000642	2.8103633691380856	3.0304192471024476	2.1255233500874144	3.30508326786424	5.550510191849558	3.2967021568122328	3.830031282619252	4.543725083175137	0.0	2.0004435266839304	4.706931317560504	6.987141644419636	4.790448243007015	3.488277949622181	2.4741068316896992	3.0603061463243115	5.157951853585256	3.9344363543668597	1.29955028255685	2.592573783474873	7.673877758736389	4.728116523094074	6.540658513101328	6.4359634742749785	3.1015670047235853	6.843780801568818	3.662669419819021	4.932204390582933	2.9850628412588334	1.3741496562912616	1.3011068237844532	2.1991096583969774	3.3624860882678527	3.968817585780079	3.986496534946348	3.2259948731228034	3.2161119516310697	6.914391742958197	4.0643897004439395	1.8044013105407437	4.9358006970889265	4.491964373905268	1.501693240544936	3.883237023280113	4.812477970959736	5.217649068469056	7.054098085395697	2.9448992122255886	1.94798503560571	5.927985706390339	4.322756280283694	5.978953809092318	5.646559334261366	3.7080621799587083	3.648924549449326	3.9734104670524064	3.628592567336042	5.8238296348036	4.193380025979579	3.999700659128379	1.3422612975064563	1.4322527164261405	4.769551314870301	5.811172336354812	2.3896500910912026	5.813086303733712	6.308398645363124	6.014751451473558	4.81110994458514	2.7784986339182414	8.733379866294216	7.242562955999737	0.9785928896170552	4.212470092903922	0.9873726491190242	3.054228067751631	0.733327981250603	3.5014508628671277	4.157120084088241	0.9580661871915221	4.6272790059890605	1.1913100264315226	4.6871219956545085	5.1244394280807315	3.218240938484997	5.419231527681552	0.6933988518679899	3.934255778551016	1.9754808471646086	2.907806028512032	3.21909568746127	2.50515779238985	2.4421144137066753	7.914298051057211	2.3058381835190356	1.5813574446838559	1.6401049776876506	5.050214844096587	3.613598874703048	4.55673256231212	2.3472774130786966	4.059308331994327	8.945032151194228	9.807876777043838	14.8852196467873	4.742207754494969	3.059295864125567	2.83967313216588	0.8111209721465948	3.8095201325420835	2.6747323984528295	2.67718821514219	6.882053223689786	6.745775313473389	7.82136290255138	7.750453548481663	3.95306536398093	2.279891009755544	7.543361936970782	3.770314164596339	4.517614385099525	2.990346394387568	5.139939412361894	3.7045774049703355	3.094211441905886	1.8165362870494433	6.589086734800166	3.7811687852916207	6.73178255215076	3.8587911513097812	3.081763424063204	7.287864906634891	4.574768955743754	2.2676758270684148	2.396019092443075	2.5547863715493713	0.9829782402915535	6.140076119715644	1.9905021899653668	3.9425125516634663	1.8049441296876945	4.971857928694818	3.989419511473976	3.9302812572186063	5.751138855945897	4.868352786021925	4.793756773478754	1.8351168099927513	0.0	5.980015236255429	6.80314949269866	4.703961603963366	4.647198807184613	3.9961769072762854	4.761438488907675	0.7038318153134066	4.612989403954985	6.612229252266634	3.494206686715818	6.738604677991183	2.122786721147371	7.857088356923789	4.617247396562567	4.717128145127321	7.4497071361745375	6.736196453342764	3.854067480490441	4.169470346359545	3.9975817776940477	3.935162048807462	10.533919984008378	2.8547559635627717	2.450920941632806	4.263716159877328	7.726155940065331	5.142259715310334	4.935921751587531	0.0	0.5144200297776468	5.785422078141327	2.8064835282485436	2.447486039957725	2.0612630437756194	0.8073269280818389	3.563382762386792	1.8990766531565555	2.5788137430599867	1.558702252053105	4.0941278269641534	1.2071459647626606	2.595264808460985	5.8057257676995775	4.557471959913042	7.234047764287606	7.581897792612324	3.683685342608734	9.38918046488947	2.2947044542566752	4.141105381697201	3.9096437474809727	1.0656722116527697	3.228305381039916	2.9235175029060696	5.962233355117787	2.6799114100351926	6.164512846100111	1.5910729273939155	5.032680085204157	8.305167072131503	6.744397784612302	0.0	3.9292823764560127	2.8201458542220763	7.947218530766479	6.955673642202213	1.1226775524251578	3.1577680362650264	7.136807543670253	1.5861413366483827	2.554868728528028	7.722540237089665	4.6015448892412625	3.0292725867699732	3.89454665911294	13.961090076859312	5.734731581995372	2.257298867033215	4.710726763822361	5.174391093596847	3.488024197084396	5.543009700909332	6.242310986385782	3.1841369108876316	4.974464761144679	4.161718963838467	2.591385589031899	4.767114290305415	3.8783524840830106	3.211436166377492	4.885328941413734	1.4611850961330655	1.208405931465401	7.656456519766572	8.872436375163174	5.402516919352824	4.999394883754713	6.190083953969905	2.8997494291677244	8.29427511072198	4.7672576447803365	9.930126191851896	3.0890125077248225	4.358030941593449	6.585511618282717	1.9931015141815818	5.828267532765841	3.5537503102799675	6.766000435455328	8.16078224300068	2.3617019996255535	6.105476295048234	1.568947830795688	5.541431599054954	4.817778580467352	6.60114169303772	1.928063731557632	7.732118344909125	5.24221154356903	4.679387798586919	4.869052138385207	3.8339610534826902	3.060265184563815	5.794832361724394	8.018718674826847	5.79712788199341	6.486587426930772	0.0	0.6576818113002062	5.821491726630095	5.1676428259416936	4.137493357856098	8.13095129707826	5.153123501323968	4.2900010537655335	4.540510762661271	7.07565488015795	7.557213422822893	5.481567169400505	4.0041193103705375	5.7060835812567685	4.7874963101085966	3.110168138859549	3.784009908674554	8.432530670461906	4.432538206429808	4.007755934342181	5.884417314437826	2.8812839820797733	2.8617363577057366	3.1135657788921405	2.9362876620017393	4.971479334597292	6.690777807496424	1.7050885013632338	0.0	2.5398924442688045	1.5878783228668054	3.9033224240069826	8.623610912121352	2.93467069096769	3.2235446122984546	5.658992684317704	2.8189251517494784	3.1136698999448877	0.7601494190600557	3.6801657626153066	5.943922831727382	0.7578644384013357	0.6369949349860387	5.325982161963532	4.948018922272476	4.116325263115674	7.3934806779057505	6.261603116118889	3.109942184394803	3.8921788835999314	1.403446505755357	4.755945119850449	3.9415181306149125	4.115329304466787	8.206576732890053	2.9539682974985575	0.0	0.6159818521080821	1.3716882854341064	7.043070085284386	11.312779296762473	5.62658860990347	7.6935705125926654	1.9356842842603965	6.767418014261199	2.182954589537971	0.7178184269969154	5.91724654002546	6.4378499016089865	1.9629969889388352	1.7555865874619183	3.876963416730174	3.0275011141235795	2.3946637915605793	2.313820042443309	4.510241069313365	7.552567134815879	4.76606482926892	1.561739062381149	3.1175232806755466	4.028176585442704	4.026925742929372	2.5166785451804925	6.022390464373744	5.82226085889604	2.9155658178817294	2.5748825219905633	2.4447956599767338	3.172657422523553	1.4641851240785733	5.280833260342041	5.74027330359057	0.0	2.9464286176379484	2.1604487476949714	3.3665393181071477	4.631634396602019	4.361159124327665	2.5356352180632458	6.6998823089006105	4.892191060625634	6.8384504523507035	5.336288742995266	5.549509811195504	5.861355358158817	1.9417735155942257	4.991944740130359	4.688049538612398	3.2128606521751046	3.206507329673536	5.202684234825575	6.0421365133045315	9.840465125796738	3.019211476048741	4.550643382314275	3.898024595230916	5.39966133533914	2.8203122804213336	6.719516409858475	6.6974251088713554	2.9908634032385693	3.642936736785885	4.0003039924367	3.903031951777507	6.804451804266761	6.351757120457467	6.001952093157581	1.1523817952699065	1.9865528200275737	5.420657653533618	2.8370038380175133	3.95539291636628	1.3930552529532385	6.994531765655993	1.340179763861168	7.543831023645778	1.6587318793995243	4.8242962883282905	3.1578265009895863	10.33318384089291	3.0290672750689036	2.922845187762195	4.024423807601644	4.47147545766348	3.0122578296034166	4.303182160455993	3.8793454307973	2.034784800620643	6.978423626612462	5.624435424437345	5.335782673144069	2.2212667145865166	4.901852355285244	4.843795893150671	7.062599824460725	5.925115231800138	2.7618072366024013	4.742179778014191	6.505170004587114	6.558008735622059	2.6527341967300293	3.841737601826236	5.234635643352148	5.551751470038291	2.978215784887066	3.9889595091247236	2.674996428502571	2.9036009274699612	2.9285573486728835	6.163113835713663	5.738740811740037	3.6322939951871627	1.5183216174124523	2.5794934547155393	2.595519348047354	3.91217371725137	5.179922828247334	7.254340847210456	4.940937348693792	2.3148250528168255	5.771590434658226	2.946448231093109	7.7653932037272515	1.5906263333245874	3.4794660120436642	4.942983821066482	2.8395248187317796	5.000034457384672	4.402248132994399	7.250835959663705	1.4593436272775375	7.127458008094459	0.526351086260385	4.349596744698292	8.698965730605401	5.943023928289465	3.950488609044921	4.872222473461892	3.4898553282091247	4.848545322007368	4.803851952900416	0.776749013553277	4.089016290688229	2.4107906349005614	2.978557000115496	1.9881509217211932	6.626600438822918	4.171892596839486	3.239507724836723	5.757331434387054	1.713899919055249	3.915220681101197	2.9677508498046956	3.0443597626471037	7.856851443008375	4.532999874515484	6.213656846664535	3.9882182098106633	3.9725979108172083	6.564426822576388	7.8518013453626825	1.845865071377303	8.636934786510281	7.793325979862226	5.260247304122908	2.2926150443193625	5.102697228909572	4.783854411583056	6.879924021021335	3.064640805685297	2.9082516986172626	3.400634116994468	8.87696396693838	6.371557130887773	6.449472744296821	0.7592454008897461	10.878680566457435	3.489977324079232	4.628635979500618	2.380395282617242	4.218158036257072	8.939881738376792	6.664796472118517	4.268826976463777	3.187002954842277	4.63108100915329	3.324994138019283	3.8767208604387338	4.582434237702351	2.192600980374573	6.262764553563442	4.168040067415401	1.3537690116812722	0.7547387084758505	5.810694313586187	3.6540495228556114	5.9856491117350625	2.4439434300262546	2.432304279423686	2.5083156869284524	3.962735687595533	3.4892628904580376	2.948011986865986	5.2852310245265945	2.2245511769313433	1.9946034431442186	3.032912569961595	6.880159889293849	3.8870599837275237	4.532517470458535	2.293866895806577	2.203174708374637	6.1083456158989895	5.050381902351417	5.799427430663261	3.679082677120709	5.000846102475742	3.83246443780792	8.050792896466225	5.092814886786392	2.2629452902640046	2.4567274842805156	5.691345969486985	8.662248321146008	9.619049680199184	4.666364358085333	0.7439465493712706	4.012629719480833	4.8913988483625435	1.9878882033023073	3.0630887409002145	4.031791609612308	5.048185784622686	6.174912547922126	4.313024173006402	4.108030031139656	6.806892195471291	0.7623345760736904	3.724634923880185	4.926980129878892	7.935891633390115	0.6169076423804102	0.9887862706023802	3.98610511891173	6.950484593232268	4.692577527264105	5.482758963935555	3.1705693419139225	1.6836454266240506	2.7558583778065304	3.277597229608988	2.93308891504125	3.8940663790935766	3.6212024367954423	5.942371676261945	7.752432563631055	4.04646229876279	5.120662160464871	5.451929313772546	4.983302811490974	4.874861975658132	4.023217640088948	2.018999030453448	9.622171675713966	2.3934332570810577	2.552548015767918	2.0281705340107443	4.8261327808451675	4.986586726211829	0.0	6.944166575167291	7.423046549357648	3.0660615866360232	6.072318377133591	2.388476815146136	6.967714986370739	5.355756945277957	9.512311003481644	5.779631979914878	4.301304604998146	0.7934378371218607	2.800906547900783	3.5141174595498574	2.245073940292161	1.9327885115323893	1.646437979359553	7.933627815668193	2.9729854536828704	3.7114989343436573	5.420265537559052	2.2673453963335897	4.659433791463944	1.9877571232013742	1.9940217246941332	4.57871508008427	3.863986242446493	3.4031508756142803	0.9991047271209405	5.477183733390332	3.294030569267263	1.9669743661582062	4.771044339396603	7.036266610921492	5.626692188576944	6.9395744315413035	5.795704405464596	4.897801863932404	2.2845660871251714	4.257494858391175	0.8157699969070604	5.77297807757797	3.8837911285072044	4.012908355633233	3.986500994432419	4.791739446812194	5.7456137039994575	5.8760658028483235	1.445864895440284	4.766125511895446	4.354821835392474	4.06821469833904	2.9070130141002064	4.022646177765398	2.98346367110591	4.15825151132583	4.506085025551281	3.2213177817534695	4.152585241312536	3.662729483002489	3.4166874088844432	3.9700886073103927	7.888218739672884	6.485432794618374	5.888276211135828	2.593890815944399	2.5561595003512774	2.909118957061664	6.894221772481663	3.774115551372486	8.460389804126445	2.8529743663855194	5.070992092195117	5.979025312662217	4.510193185414697	5.661577678104412	5.813038781975022	3.241091248728354	6.0858362588573955	3.973508831702194	3.269723403520237	1.5157847542863223	1.8400857500357013	3.8066626496832954	7.848909180122409	3.373532374102747	5.395211414341304	3.362803357242256	0.0	4.936692060445978	0.7052879116359406	1.9337552598476808	4.473047189532667	4.155010217748218	0.9634935503259006	2.9656508468459464	3.522417901183167	2.8523715920542494	1.9654654466872616	3.194982827681641	3.9024506759576405	3.019927402701656	2.3807430596140287	2.9452090433585414	7.292598127211376	3.805114930352038	5.989634706058175	2.393326925279679	3.2779174377497684	2.2309120946363716	4.344480193451653	2.920431436604605	6.208598541194818	2.9925667637650717	2.3788913985010107	7.134841520406537	3.89091968326116	6.321465765865696	3.8529306537557755	5.558324559089096	4.818128316868835	4.217088418604988	5.557595923367354	4.6253887019751945	4.91762805585037	3.628418766449303	7.677683717765369	3.949932195787534	5.790062444623106	3.012040059181901	1.2783220968286761	3.2958865019695063	0.566529356627571	4.665070078221528	7.584829351829587	6.937375040396703	4.752900153388588	6.6406044906033435	1.6279271966828697	4.210520878925496	3.669139468119253	3.4666135741003714	5.860894119829132	4.860588522160605	6.55236115616474	5.270911805426527	2.861039118429234	3.7196652058277846	3.0183327211444766	6.231652947209484	5.730380081442623	5.866485876628304	0.8098259943626446	2.921750932012115	4.156021737018169	4.797751432715177	1.9823667102063287	4.0407118561273	7.573858625980943	2.874179674742702	10.003237277818796	1.9943535402608616	4.998513388937713	4.030705434654174	1.2036808648044277	1.7321660543782076	5.070426261818061	3.2093984146507855	2.278404862397514	0.6246259862873802	3.3905184126332766	3.1749795530194795	0.0	4.887188239644681	4.595900118483731	1.344773239442643	2.4283076666062313	3.989942586129822	3.9512680236506195	8.085592104712658	1.2260517468404402	4.962168803274054	5.034369966755199	2.4939196971448605	8.010546344514195	2.1609171998030785	4.124825128359199	6.684561222164087	3.344941314654234	4.572166662702799	5.633540824976015	1.5190039389741492	6.435636830059156	1.6774759688823275	0.0	6.028439896014489	2.172292821834011	12.846013103053371	4.831497177508941	4.127611152521777	2.112890151227185	6.970220182705825	4.692262784639078	2.959393508016616	6.357759277658878	7.151290210664964	5.632836897999213	2.5317050695512324	4.483369141757762	6.869702387848838	6.346189142494209	3.75511578102127	2.7791235949882447	7.6336942088896835	4.036795115832664	2.0421029844848313	4.696098158367108	3.443873351090669	8.741272033115003	4.685642883891183	4.111621060585392	4.4855818586311615	3.71975378282177	3.8640721918021526	4.973422123735055	1.5591730005917734	4.078890522966961	4.60744517375581	6.517748563715093	5.101843292232124	5.89927187979706	4.480328890873412	2.319689274873877	2.589230587968346	4.501880446704927	5.804639414376502	4.4487411265153645	3.3761166748831095	4.907189955515047	9.687553080112947	3.4807996848966183	2.3925250985548825	7.957948657604962	5.941583494771233	1.942655012237114	3.1343968244957154	3.9719882449900137	5.965081794550794	3.4605992763446523	2.1645808570867517	4.792836928536978	1.9460856599265937	3.5232717661909296	2.1940717153081843	5.920338876467819	0.9866319488154863	5.637663064804944	0.8023185191396994	7.044190235870719	5.1192647809297345	6.5336569894091125	3.8534310476910534	3.717154733622687	4.4382194291638175	2.386589160086266	2.4536452677247027	2.4407748542778362	2.3792181688885945	4.0534196934387765	2.95782722614635	3.172108760112361	3.2149216241481233	7.714969776973914	3.1081837471361142	3.208987019228742	2.8632464130819293	5.038404853237129	4.176374869486379	1.1654084779916627	3.673173968812368	1.9960979684146865	5.768530619509607	0.0	2.4916181404749644	2.9055965242917914	4.677944005655251	2.9741646069528502	2.884759993674543	5.88809566996213	4.556580818903466	4.244071477793889	2.888261395040738	7.58272032797858	1.402694466646658	3.4313222830407044	2.96516085547	4.707192662454777	1.2636631610369282	1.9038639390102494	3.867646571750332	1.4516619826335948	7.2348670250307565	4.918175302940683	2.926634265008195	3.3654904851246066	2.4991845023925507	1.9731762841027372	5.7564714267841035	2.8864251355014003	3.7971227222395605	1.283527104308759	5.77512638427441	2.4105857032571087	4.661044859354143	2.5451695158824714	1.7671358006836744	1.7294976845931482	5.373136484040075	5.738904032898102	2.5453680422809706	2.333696603721165	4.5888139193655215	2.11037002855131	10.67670233912954	2.7816247891928128	4.643675997785187	4.568511006357701	4.958379056470306	1.1310124302833067	5.18746846459453	2.9069011898378356	0.8017885876409852	2.50171620110216	12.72648218778696	5.051483124544335	9.963783927142478	3.7910904064694293	4.488585173524363	1.3989113566285682	5.800843956136959	4.369503132246329	2.7099408948896917	2.8954865000791465	2.5258525447715376	4.955844161366401	5.682086027296531	6.915616640141931	6.696784656322596	3.6839473318683793	3.3115693881703434	7.622587369435856	4.261239124298435	5.170996995216478	2.002877805924134	6.514901371609603	5.669206638567422	2.656686959971983	2.3425458670049335	5.840439401790672	5.825482267938787	3.32161969319948	6.868563924863226	4.6024356760685565	2.599644790884474	0.8682371567919435	2.25990139828619	2.255179575578101	1.853850978797607	4.799251399081725	3.276617199948605	4.992581010879833	4.671547256881777	4.166906151099125	7.915084346176128	2.4121035527669665	1.2248789482966094	4.504459324719175	3.4259211391158	6.54264309626568	5.527893385563401	5.076748077324898	5.6838526147375745	2.4608843295048017	2.9267045455529046	4.41518482973523	0.0	3.4685907577299724	2.0586159792916012	1.6116740786568282	4.926398624127973	5.767771219987535	4.114026538123163	4.53294865299993	1.8266417839807303	9.000267465922551	7.690011549909457	5.828803810227877	3.2239843807499113	5.233906881222006	5.667820994650244	1.7605171754466455	5.970134448715275	4.017926792738849	5.680129839603195	3.49308788965901	4.935236501123363	4.072999459938873	5.750989625647976	0.0	5.111554808740003	3.170205336168686	4.8478480095581995	3.0211095486965194	1.9319734454835853	5.3170258287991965	4.333541705635215	2.7236541715419476	2.3493927416958162	4.135224923660871	2.5247380693923347	3.048355958914907	2.5736924617173385	6.789240258380943	1.7328253274349117	4.541725254245748	3.069138331832661	2.3666263387029565	7.856907645891769	2.8548497679729965	1.2153871187299448	4.250822408879413	1.5783940310487037	2.8747482882852022	2.695076336430123	2.939344157719718	4.798687668100507	5.3494016304015055	3.868483639424565	3.9924730240679986	3.951155888236408	10.033828731701549	5.139883807381741	1.2572659208615682	5.927404990392817	2.862065928737944	4.8413864818449746	5.677641636251775	8.927594433835084	0.6147215105770278	5.208723532619347	5.883113320079188	0.0	3.4130738496281086	4.926982711518426	3.1744062656108283	3.2000822596593923	3.0510893122508915	3.9450296049492506	3.6224296972118704	6.52269915907464	1.6915829726632559	5.994361670695495	8.849964055413375	5.625727936128675	2.9894039675228923	3.9466216356801334	3.1925572096551043	3.408026418682933	4.1710734124739	5.096625868912283	6.834681465598318	3.626516615655041	6.024291943850348	4.046020283214553	1.2919423823462097	3.2040932459220772	3.263120022215701	8.025182310269363	3.5842365353743992	0.7388335085998887	2.245203613949175	2.5399088026629832	1.275061004916267	4.29649704750145	5.037419622106469	5.246266133547955	4.502876473529186	5.633150490238391	3.3847289951905184	4.8958050994011275	2.4149311037636045	9.311780121586	2.331897230252063	7.745213278688377	3.0484853895683486	4.895236063368088	6.673830753004241	7.852106803348138	5.776347570390198	1.9892355156324455	0.962923883250423	2.7369631398801433	2.058199805382762	1.568956586709969	2.1494103537926232	5.939522140701805	0.0	2.2914478910966563	5.124691861135493	1.038974211552673	1.9760523930099814	1.1941989318015478	5.06126946999131	2.8033652667008764	2.956977228645065	5.821899158137879	3.1849532641324383	0.7144655105581625	5.330810959281572	4.558350605816524	2.178840688142938	5.739555293275814	4.357191792694631	1.293632457934308	2.2111189817321786	2.82401530085296	8.260748711025759	3.2754848927021025	1.9723268064874742	3.0275103362655265	4.995841276379198	7.593150727022655	3.8139268718887043	2.838314479209657	2.452007765603258	3.717543233429003	1.9262021265537768	1.8485586802046223	1.7209253295849316	0.5608549247553805	5.578994214879164	3.71083565515227	5.5894203102601745	6.889021872112267	4.691131475158119	5.238349335353631	0.9650605755443153	4.088437679213933	4.49340234083828	0.7614796319122191	5.861040625156539	5.119876376866361	4.212113033432619	5.887748274418202	3.282801588467672	5.444915828528621	9.74573722819611	4.85945876971449	6.363867932280697	0.0	5.740405985621148	2.2812353932899074	1.3839146079472018	0.7317203675849341	2.3458139080309337	4.816101067720697	2.9446723386836267	3.2576324242612515	5.909746124470015	2.06257862054984	7.776470288860817	1.925385563792314	3.902798355471386	5.807713149161809	3.9018247274264812	4.08949386465191	4.924098032212345	3.0756052645807745	5.793424573651306	0.9848812496557054	3.6679944215865343	3.5701921497054268	1.7201306382040804	4.783669955340561	3.8288074169785404	4.296201876446491	2.9484176614181283	4.468926583735197	3.8823122560611125	4.777993331053124	3.7530740855489513	4.7396033642622815	8.358355725932359	0.0	6.703177316182435	4.861584584039251	1.6464713108958133	2.4195239354150635	4.822784340701723	1.5396548887738883	1.9504490525367253	3.3361257329570235	0.6198015761047404	4.011294312550059	3.8770099062679293	4.409873098701807	1.692984856346766	3.3428762201899698	2.5681452814047647	1.544427723990703	8.045094724770898	0.7952116963493541	3.799774150311617	5.670994916335619	2.4607265491486996	1.515712848437238	1.3503380978053094	4.1210615703299185	5.154368000792773	4.298784714911437	4.119459392474909	4.157779959213561	4.16375968590274	9.790882109407203	3.8020470160536113	3.9482459339075064	3.229880151736448	1.5266983835889532	6.043749769459974	2.4499379290091596	3.6582345994626304	8.559987717089012	7.8523675821552645	6.804956498034602	3.0654112476981603	6.809043674904704	3.8497117001732026	5.345994205321706	5.324080020536751	4.419838133551743	3.4222238027229386	3.265749378810277	0.990773892850602	1.2941393247940107	0.6992345289178993	1.6264708913522488	5.276447604341265	4.906314913856387	3.201753832845172	5.820908002379749	1.3138748064072296	0.0	4.514818903668451	4.89192742740876	6.695253847017163	6.288101406180928	3.325513664538151	4.520358719625699	2.3981332352989497	3.620584570410138	6.020192973381605	5.8276527570077485	2.812357533739859	6.945725570273051	3.904596749961848	6.706558460500818	5.921512172119318	4.830472003319853	4.317618224431747	2.776115679592714	4.766385564846465	4.816549362461574	8.123589099608113	4.131236462636184	2.9021545305544776	3.990070212208089	3.5222070753467833	3.1619878398700583	6.308969587282765	1.9714491044265956	2.3738688221463193	2.9440533446651913	6.200718269225105	3.882295543456245	4.3536671497587776	3.9781140564813406	1.91245434391781	7.13680416208703	5.307391140999448	4.28871160397103	5.92185604586869	2.7654440250068792	7.954531883816122	3.763214924180949	5.3178129927633515	4.412588234932036	6.235479684825509	0.0	6.964787324090598	5.771519387467274	5.401692269292235	4.587236418834513	5.221625563244088	4.858341346262633	5.733708233793439	3.2026284517642143	3.9134474246794984	4.462907262637207	11.8843401077799	5.28114717953258	5.490115535091378	1.5163849275699792	4.01376669410201	5.721363554205844	4.771425388316974	3.70367094434861	6.980919325926473	2.973663915058769	2.2429381946050846	6.8230001536182865	1.9508217211954197	1.9702716358330852	4.262056194840566	2.3651333227291658	2.837998727413903	3.8867171840044548	3.167969035675479	7.234247795819016	4.663021382518878	3.8998560288129496	1.8944515229102505	5.637221469951461	9.017716219336977	1.6138736700486531	1.0428898281181036	4.027361157507309	2.194174627039046	3.244926717646455	2.3301544400081764	4.214497936589794	4.510852691182684	3.9014594058859258	3.360782850079326	7.970922446809746	2.8767205145350987	1.830784274749343	8.52124099461853	3.784214642689299	4.848060549698124	5.397467044165428	1.1781833780602347	11.292381751697825	8.128337138308321	5.334591338037877	9.003211988525404	5.827528781788687	2.897998907714721	5.917538941428064	5.955215794614359	2.934189345645715	2.429971249265221	3.8300753555064255	2.385118771759148	3.6064163527588406	2.5897998035564567	7.329308172998272	4.2585324353488545	1.8431304085219362	3.887295787734918	3.1651716078761827	4.700608603394771	3.715563064074626	6.029182550686175	5.530653858833285	1.9884377399638127	6.427018962989855	4.88143605673019	5.456368815324423	3.8987209307931656	1.94358887160513	5.0624609857352265	1.9889378104862978	6.090082351852035	3.6539413903785665	3.8685691466152754	2.0941533342213288	3.7899015331009522	4.216601678334105	5.544528032158178	5.25775490449807	3.7990896238164362	4.529291451983954	3.9280247508538295	2.9261034098496155	4.51067019092737	2.4244058504040416	2.1029038829247133	4.61843301417745	10.56597824087011	7.969350035596779	2.0188429936067487	11.929560704566873	2.926276923808333	5.995739154897857	4.022811343958295	5.94349723157819	4.8147681859596805	3.7103116409689574	5.535178433292378	2.329563812723355	6.006895825288647	1.9519013292907152	5.331894771924776	8.81998491728753	4.044149853139628	1.9463689405745306	3.597565263194061	4.75323455968041	3.8602441903323017	4.008782800816907	3.1957132380142337	3.1594565202994267	2.6031681317951927	1.993956503866731	4.27698110917952	4.91706122666499	1.1355567719462132	3.924174000131093	3.8914877080907244	5.5827695447268235	5.197705452700966	2.2007779646171186	2.7971937281101025	5.439889004578869	2.9626314676074426	4.984690654684271	4.871435580237591	7.411769147145272	9.375764838737359	6.16957937110126	3.7767012308150223	5.921966771980263	6.638987543892417	7.0549428942266985	1.9606817356710022	3.920829450732748	3.784618503717454	2.026142208592148	3.9937545414629776	1.940035684251869	1.5646495093203117	4.7264857600574635	8.110991242162292	4.636627887626949	1.6170056162079556	4.1581686002702325	3.081009797790679	1.5159492394606482	2.9169959832042944	4.027360329059193	6.498073268198328	4.8057776412262365	4.566350979449548	7.303757643860019	1.0004271680925294	5.907759774847697	1.4313516088186748	6.556253706860787	3.8861343348243644	7.672699926936558	4.861828655978673	4.347636818913003	3.1703239728819446	5.655017654804556	2.8115576253353813	8.872275082456738	3.3051697018215616	3.9803392111681632	3.941382811024447	3.926054411333623	3.7788295213909184	0.7596144172173627	1.1577226911309115	4.625421477635811	3.815710501711679	1.976965728681153	3.5053405961129354	0.5350772296439809	4.962578538466664	6.275339513776273	3.371864967313977	7.740438495459618	1.9460129704984208	4.4335733263918655	5.654327584046477	5.664635375860472	5.31025752434114	4.781063148994303	1.833777371243168	3.8717044728815146	2.746631272934243	3.394548274889827	6.4700096657548425	1.7721743732158026	4.586276010294575	3.9442791036183507	4.78317597447941	3.962213929993325	2.704019281267566	0.6588959784551219	3.2875446360425657	3.8968146394418683	3.0261030938263325	4.567430323465194	3.813944983431348	4.6518458273447365	7.101686646409953	3.0099985698201497	3.593767968621239	5.7748636506606	3.8780054422826558	10.225122563627734	0.9853278246786902	4.843380828407382	0.6760135981408087	6.743693262782939	3.643257008417772	4.8762616398799254	5.686830343355008	2.284994905727781	2.1193098225968745	2.9048632759639452	3.5423026502284354	7.720109771752901	1.1205095191775034	9.395281600433469	6.297493241022185	3.5520498252743646	4.902711710055527	7.765534071347119	7.081105441147387	5.2187584797300595	5.847567993783945	6.52680537504169	3.868436078051154	5.623310714988857	0.9975813421391098	4.10679078014752	5.685634431452261	2.558571455472706	5.117007027373336	3.0132865543729874	2.8966905745631477	5.001599033202425	6.024854045317803	5.112919656761316	2.2067165663754618	4.648673377019054	1.626710860098473	3.8991204188601	0.7538329364104748	2.1832407263271327	3.192723890608996	2.811725089496587	4.841969867697228	3.810258066782045	3.2083005082346845	3.3892212238035855	4.954092961170403	4.203466608157058	2.222893957712691	4.001415713042397	7.772023822146216	3.9603712593825624	4.524955991222754	1.9037823079675837	5.003676804282018	2.0003362261575215	1.9363624381230296	5.268184136909	6.999474839075705	5.163464624031105	3.792094608088683	5.861932603719039	9.410493154064493	3.866891780916444	1.5098906012660562	1.5948543140986307	6.138027372740198	4.827662738236713	0.9825873922750229	5.789349619469953	2.2932998017307513	5.274454093423365	2.618649146349365	2.8640119742334287	6.701043470418519	4.899499539779524	7.824574909081194	1.238610938493109	4.869484174803298	2.6212164177500785	1.9241465745303221	0.0	2.3515640804540276	3.207109306710164	6.625675523252422	6.365163292630286	4.046136010395471	7.7144880451006825	5.124643298856901	4.684958781022269	7.880779687500666	6.981424288093781	5.901726898938212	2.2922080418707758	1.9845265433920396	6.916512182294859	3.9110067911809177	5.625484316972946	4.358826429138481	1.1376559498630199	1.9494106197039514	3.7191376110902454	5.196076588478937	5.2543396659733945	1.9259024389618098	4.010364569005586	4.792490474515235	3.5668248770911113	5.169547474693866	1.9791130780129236	2.8061652984764796	5.390112261856895	3.978740254026218	4.746052512614022	1.6827947379420218	7.8311799376230455	3.142185952441319	4.017027855842102	0.5095612547327601	0.694364853722198	2.209554392574496	9.371227050451903	2.3260598262679033	3.756225100202497	0.7591780270181749	6.719981118779615	3.583025232270857	3.920472222081526	6.572310985872766	5.039149727702239	4.176082204386896	2.6765474959595568	7.468062557559145	3.112635934694788	5.613982433052948	6.666323225607915	3.1011119281202832	6.20102659383326	0.0	3.4722252641415268	3.936910997195657	3.9224086355243455	5.2802009107485475	10.080853268611358	3.1925167989155927	4.5367245695820895	3.6571658976022148	2.2562744362642064	3.2492302590643103	4.018226766281857	2.9201288124728757	5.064085919423825	1.561530825650809	3.4064554804295963	5.582161452639016	4.15707882902226	3.8510573493731166	5.181271029781123	5.309228146436934	9.75558231592446	5.579898786286364	1.506343282326269	6.874819879255533	3.853457583988539	6.009669769507187	2.982707327355685	1.6388231430479787	6.179614829253681	3.0279637755562976	2.923337432080291	3.8775739522429844	5.317365442952171	4.5170354567029705	3.7124480888572684	3.971573368768364	3.3906014582954733	6.0654706918879056	6.095534155166563	3.748305825685939	3.8052350190684874	1.9214412367789668	4.253375355130098	4.1829621511698205	4.20235922531883	3.2307407614381183	4.928719318902534	5.2610810154685295	2.911327368839758	3.2308932353199906	2.7517136954921955	1.595631699331725	4.826941170565092	2.193136694414316	4.177991675479191	5.661563382459458	3.1764367083773353	4.359883600669994	4.35086782191279	6.320180506634548	5.8581804644476705	6.122150038998048	6.928855137498123	4.0340179488987635	1.963657115627853	4.82950084346359	2.7727915456444263	3.061254990710149	6.353849531036259	2.4408475633054096	1.9166813935040414	4.52247868559947	5.2953866780036005	0.9894345203592226	4.049193732957309	5.735851607260831	5.921736850308631	3.7456242349497724	3.7337463545137917	6.364238340805551	4.155219756504801	2.7318920707101935	5.926358145937753	2.690994145179645	7.537686522565513	4.037841873759344	1.6930390725396947	6.991388796565282	4.208797807623889	6.760473393403258	2.8990590654687836	6.123588843794634	4.119714159131328	3.5319606253244604	8.492409011617424	4.737113876147905	5.934263739455688	1.9041182758479716	3.1819286436732623	3.368892032781662	3.1906576488342737	8.267973234239244	3.7350378948191154	3.5495946971160754	3.1980899533894074	1.2361131239114453	3.6369678265993426	6.139617297579419	0.8066951837287538	2.5769838499371667	2.190004134516408	4.354192068898943	0.5955988530641467	5.085427018245611	1.9511372206364341	7.711825342409766	1.1446476979025761	5.099988752520126	2.967055152287496	1.9336366063967914	0.9836130220530235	1.846159974438227	2.698778927664355	5.534639801657365	4.017561468966686	2.895853761331909	3.001305102865515	3.0148607161798595	5.943469840775406	2.450972140557615	9.685741727183997	2.861076610018394	1.1381459932045639	3.2433354416657227	0.9953692503212441	2.905486641226562	3.6997086230628513	4.771225163351675	3.2242591791945583	5.566433040544604	4.31950415260304	0.9662837744624933	1.395995838630186	1.3491564048657032	7.993050546172153	3.7114888780057287	6.268500048745305	5.0362757061835595	3.0360847991796556	3.8671183816366477	3.077099009956833	4.891884348281771	3.7773516351789618	5.820901662088131	7.692303198922062	2.993585946798878	5.809958910842142	4.82269058108883	3.883152907550861	5.08261232709464	3.3331451654639483	3.853078243316048	4.169915457343569	4.405072227037199	8.779953576403175	6.467589442827172	2.6823026480099967	5.239651156783476	1.5179027055228151	0.7928823638073319	3.4617802613486717	7.142068278443672	1.2195233060982802	3.515359053960765	7.153280914125474	5.882274677598125	4.290051784798238	3.8301444907656776	3.9649270066329287	4.182144809737009	6.8944689912942705	3.709514848752132	3.0426557122109954	6.884446947054618	1.9286924604088844	7.723699890404884	4.514958561878591	3.6768860509152566	2.956280335017419	3.8785928815396162	1.8090459998755795	3.9389621963817896	3.3034414962759655	2.2430125021028666	4.822663430649077	6.155713338671544	3.8582081566566506	5.221242296016252	1.9828023812868445	5.913247622623616	3.652604389361421	2.092453312484176	5.875939617142736	2.333149325754405	5.024965265211389	3.8485750873003557	4.592316717644636	4.72363728623256	4.64240819673085	4.3241081028196655	10.662915259775147	4.715485065788594	2.0034990900530842	2.671349063046417	3.8336107437291975	4.001407464249688	3.5716477046575354	5.448942907966771	4.455822659052239	2.381218546839263	2.963111384050229	4.319796788973505	1.417220750551076	10.919761395969285	6.905028270587371	4.933386677701664	1.570029161886157	4.471728862554453	1.985876795031947	8.023934811586479	3.247622478396416	6.478215551457447	4.954827986969224	2.713312083767105	2.6853306514793727	0.8093938480717383	2.668685628607881	5.941147977081857	3.7684732475478087	2.1386465013192133	1.9623218414086805	5.306012142635487	1.983504125053724	3.9479821295256268	5.611022957409321	2.1132243174507233	1.391699048748583	8.055126647421893	2.990318052255006	5.167783664275476	6.531074211508011	7.8449918178289595	6.122112681878363	5.999769715902722	2.802687300617722	3.355327463776556	3.9504425857936996	7.994038653884634	9.814410382558092	1.576173251360808	4.078573766508989	1.2730796601665302	4.8191567478479165	2.885807776768183	2.874046955789831	1.0941577154936615	3.001333818764956	4.5335993135925445	4.233917833490415	4.30018699405483	4.898920436767319	3.922830748812232	0.9880973146330775	3.2374330143812826	3.0707698748646264	4.388463308923046	4.924744077060766	14.867934175592866	2.742517978152222	6.489039354695115	6.037200414700919	2.018327329114238	6.820401005288742	4.267438872499993	3.537839656966395	1.044734078633027	3.5264641708006668	0.7996647930317675	1.2381086065719287	4.678557877539261	6.417629905805219	3.4426833351070507	3.8346141155451474	4.850105837637184	3.189250259702445	6.027614153511714	4.166851542952955	5.571879043789154	1.2948029960748804	3.842511125075841	6.494133492365879	3.583614420872281	5.899823617617402	7.574713772771267	7.947531843843565	0.0	2.291018589512516	7.034629641276044	6.8807132316783335	5.305062856689879	7.220055753497404	3.2602630574317852	4.901316325200785	4.208275366518749	5.081432398843858	5.805702986174351	6.7711525197823885	3.7411721774238647	2.1451486733611254	3.08898777946112	4.437578200636463	2.9078691270041563	1.6517444340848386	4.986737817805574	4.867927351124838	3.7747919828109473	5.614840383284833	7.978137561226023	1.431179614467331	2.6809674110938753	5.507559324862968	7.109039859012082	5.902123922529768	6.076934841337302	4.873897234582248	0.8498918599523865	5.950628363098	1.9188500864465805	6.911710247850211	1.5926776163741474	2.944815234460956	3.3198287240397404	1.226701029509223	4.3172943470249345	2.0904704501354097	2.9607012567246973	3.4346381432788333	4.889685522128734	2.625017141692277	4.765760980417592	5.434637074193453	7.352236490292833	3.4088985723866663	1.7330282177394405	4.249560198260989	1.4166966129343983	3.9805390740163378	6.915960831165262	1.9929207616805829	5.97511174331046	4.761221772354835	4.95654131503622	4.499130140735129	5.152176023440946	7.063261229027407	1.937469632948285	5.948831481608729	3.0246664534994827	3.5308981649404867	4.002338919216685	5.1507737689630995	3.9888733618623022	3.7409525790538987	5.850443323591843	5.805452738998091	2.076559567946468	4.990186335110598	1.4068745070812383	5.144996270056397	6.038440354485571	4.687107390309548	4.174190943478911	4.757872107699224	4.851086725779624	6.747580911399874	3.818260016917023	2.4356981383265848	5.171569125634194	3.99324883805259	2.4493214269054864	5.983305885372231	2.100223224295518	6.913146998527421	2.5621995963142594	4.158524086606977	6.302160612227946	6.716921735697307	3.119806083798862	7.551037334924504	5.337052435927072	2.351469801416482	3.5212756463990584	9.26702609330886	3.941479134855141	0.0	2.260269558419165	2.994620774771267	5.892210131172453	6.818021382447578	2.163526434642833	4.741171382121938	2.1852715419631052	4.195894799360649	4.958665593668198	7.478866821111933	5.31834415417237	2.5561286235654146	5.8674954216806094	6.063697362460441	3.3383386044751844	1.5167420414338326	1.9373284812827138	6.3372912750579955	4.840091679428606	7.7169509296316585	0.7426198765328261	6.8151323430884805	4.0163297504105415	4.977160308038348	6.766366780047833	3.335611383943004	2.9841572225264907	5.736379862900718	4.616501345969062	6.589101386407085	2.4347038821144906	1.2221742689401425	3.9828214405093187	1.6646888510847706	4.53224937403958	1.5365925637067372	2.8018994700578874	0.6122860424738235	7.692842488297677	4.996075895071721	3.9208551347710685	4.881130845042575	5.675232673457646	2.931802262845826	5.172016613345084	3.1981336419481448	3.7036976068449516	3.0812150377811176	6.492119554312062	2.6251552783240415	4.671784872835602	3.4002680350376235	2.680278269087431	3.239506457550179	2.7570329927217188	4.003568171628182	4.927244831973256	3.309225047149709	5.688037678418441	3.2787166064116393	3.999347389798539	4.878961152359112	6.752453321671213	3.2909760214871344	3.5611015935615704	3.949281232225961	3.9888933753543743	3.9105299084139005	4.034822798988537	5.056268586993923	1.5370239490567599	4.083277063032984	5.637996265390254	2.817222962754427	3.483834709134121	3.601381456678253	6.766826133837491	7.9191268496737	4.279768824892032	6.784999246861297	4.905992911066058	4.407074295308698	6.432258283501173	3.7720251137292062	2.669857878043272	3.1045988642099926	5.164934048926768	6.173892670763973	2.0470767532910292	0.9798392044643873	2.726794112523036	2.878471225244738	4.846245372093765	3.2205124866786012	2.903645198534144	3.5741912821250925	9.656660819002282	4.059201342511321	2.809543102887542	6.491116530162774	1.2356742645076864	3.192895366379849	2.507155346975058	5.255034603514352	4.4294038334808095	4.192534154162642	4.327824440649913	5.866849790017323	0.9857195968578496	3.3281916994777516	4.848913820065914	9.102550856656846	3.1486323424509433	4.4073519820941955	1.23841555040767	3.2750298801926725	6.368712650505271	3.1759464869029075	5.508814289253215	4.936622737170503	4.088566364465079	3.2356403352896606	2.1109016667084988	1.292929455034605	3.205907673041764	3.8205372014276935	3.9621301685561763	3.9992589599287585	4.70596281356178	6.902647048963128	5.490613756910185	4.1327932819194775	1.4001016494764498	2.1278154945800534	3.9661309156542774	4.88239503816277	5.228974537926724	3.7819981319172657	3.036244122788825	4.782990457528273	6.676146356293157	6.776465987974378	2.792741600205685	3.6442893243674006	2.879480331986811	2.486903332548669	2.6231192928668774	3.732406006219066	4.182963922052017	7.257190942464653	3.9106414666815534	0.6432374850199101	8.154746031455653	3.6831291692013792	1.7001809811309128	8.763225596295449	6.738686597719809	7.144349231842945	7.518433141865196	1.5607057419958104	4.817770211622002	1.6368418521276082	3.929586873066202	2.4874355151237224	4.784124404155996	5.12519441747965	3.6894028855024725	7.217770047928902	4.240916199961377	11.599494799356194	4.205457170279353	6.776382411155122	1.94842996673898	4.748475181893945	4.0719839442036765	4.57657001480868	5.910736817254876	5.502990655363623	2.589804312977611	11.93791269074929	2.983725351444376	3.3123122445162396	4.459978458169462	3.606741817162795	3.9554236742558624	3.1285123892619926	4.431914365454614	3.506217096948566	3.445094576284362	1.6171475896210987	3.322325504677301	0.5574125606468321	2.9354074501517777	5.250738925120884	2.524622913394115	3.232305975726213	1.9501937663849136	4.128057425620358	4.829770119437804	2.5870975452866385	2.105317298972869	1.7886506749563988	4.1880090590148376	5.929926904912138	6.492033626662947	3.1312826558460367	2.976368035371195	1.2833752567415357	3.9131192746101515	6.8534797955630635	8.795134116318078	0.0	7.548929227494917	5.586094904618899	7.066733002993199	3.7679917504385942	2.5732432754966363	2.491067606440289	2.356227872250658	2.940299055522109	4.373584576211725
G5	7.243748134061612	9.73702391608784	14.43962284196883	8.611884440770108	9.862475084160732	9.874319678466769	5.3185975379724715	8.458375189051948	6.922350832085393	8.876421176515995	3.809277119145868	9.882627884124476	8.836673295803728	3.8041859479312436	5.201161722264766	7.27620971720603	7.635909670170047	10.56684187860769	7.5187178884384265	9.504337251185072	6.95528891367269	15.04276709678573	7.5691159227876765	5.1788483493907895	8.46147857779326	5.224049175711828	7.490608648872782	7.909048268869448	7.721091977636838	5.711529666230413	8.550686273916758	7.702813415315461	5.570967368335808	13.998131415171114	7.4330271068638165	6.277309406553855	7.602697129560275	3.882615191729126	7.2097986855521246	6.731963810633136	13.030323511774725	8.720457083956322	8.652830496300858	11.709597229137746	13.712159100017308	14.642684123820347	10.840910019636818	4.784900244046073	7.993998642746288	7.949424694296756	5.9553189922804775	17.99928151094972	8.388141982486314	9.035772222566571	9.28796845230249	15.259090182320517	12.661189927748865	4.365915848470262	4.81099142216931	5.932841391975539	14.171093322547405	11.432826208631031	8.087347753557278	9.697190762232163	8.798256051636947	7.721983611891419	5.919722118601548	5.889046709749764	7.987505804415185	8.707997585925531	11.355919468420817	12.564542602407755	7.99550665062335	13.273701914887804	9.945433380245753	9.699757394541033	7.314005519385595	11.929511265943813	12.734488919124015	12.63642869665961	6.825479314041181	7.51879135065365	11.298969131029342	11.07717972987819	11.25291536820893	8.715776100511421	10.194998678131052	7.910821796011625	8.47919800057072	4.680143451899428	7.76657049524579	7.955294312538789	8.045164582874479	7.2678411768749545	5.625514524798138	5.963996986933744	9.606311541592433	7.751328324046739	8.117739424535618	8.891651307233383	11.559967328337637	5.7947948120180905	22.990898603707116	13.104214518189151	8.106282041432326	7.759219764291838	6.511659208432925	12.103070934612868	7.650709818080609	13.03228051876503	13.043058963859197	7.544770783706365	7.289225354407035	6.441330559061538	9.030449007687785	7.919017872722816	6.942455244811532	6.934609623851269	10.698236859160597	10.57575599443693	10.896771122304987	4.804230716717985	5.679156111852868	5.522998457991673	6.957160397034978	8.832015509937376	7.970953258123124	11.555995256311725	6.171318785117839	6.781702284263941	12.568331758076692	11.495852960355606	5.966426733681119	7.802355281271325	7.875640097752627	5.001234340048234	6.740726110603497	16.09213536343699	4.979908398369716	6.051974766585494	8.745177537662483	6.342372714769023	12.766237589213597	12.076325662893897	6.160985022290936	8.405672221184364	9.027386289759978	7.367304281210875	8.972951714407934	7.745587359819773	7.971463733138491	8.734111547921422	8.206074859418617	8.671190915494734	6.799876233833839	6.079508235156081	5.775772145573409	9.466488885269966	6.458684203479731	7.339567002529185	10.45917668230012	8.095245752684514	8.56497417923784	9.800262067880928	14.612987587170284	6.711656054381464	9.199756975685927	8.482290851004961	12.483337800610308	8.158089102290795	10.124512711936372	5.682128708732336	8.08350721586311	6.72392427567072	6.892281722531495	7.208536998868419	8.261756514817673	6.422936328513537	10.839800193146624	6.347487382798693	8.754921626875053	6.803093165546601	9.029828154476617	7.677285602208451	3.834286900925302	7.503464671033048	11.46552608529394	6.990216963133627	14.617310299394445	7.90520231968203	5.410325495748199	5.822258786554911	10.817503513463194	7.758008852916728	2.9824391142566604	7.771025546631332	8.716735326107909	12.72690809350577	4.887293628348288	7.1681940518648775	7.429547394894988	10.427440434896848	2.9897860044455618	7.654257557776752	9.80291385973674	3.992155620909715	6.835404473081575	10.50941824445266	6.54535505088991	12.211481979726747	11.213657546397659	9.984822972345954	12.111176880898892	11.89948600488636	4.82369933456202	4.259940874808383	11.5381909609747	6.743757801005044	11.894709778849123	9.217562261587242	5.531104623997413	5.967524339865412	10.78905488290136	6.867586191252233	6.018065191987139	4.5873508282540305	10.953128599262895	9.32617614692476	9.3607695713085	9.089378081010274	9.515897864112238	11.949229284578752	10.389058078401746	8.661065473991693	3.8974731741404316	9.894060071756753	8.186819080169082	6.787037510044908	11.062180912896777	9.70457868169363	13.620008961296973	5.524430522205843	4.836866632626607	6.464161157523102	14.44061733373811	17.34471550117926	12.896086398750343	8.97390631317243	6.145541965433948	9.50661976649803	10.50716775624944	10.488145586583265	10.823756344269865	11.285949548086581	6.12190771003862	9.640930704571197	6.724073762206207	10.269490395883684	7.004385636657964	6.8324875914757195	2.989223023014569	5.842797967166062	8.115624062692934	4.723811644035353	9.14299139815264	5.572060170530095	7.179344984438922	6.377865519296402	15.503638678475081	8.567528325544213	9.629148028823817	8.576894397048575	6.126857261351255	11.55583692892765	10.652521519855071	8.656057426175824	8.5115785865197	7.8052748027289365	8.29464315655091	11.019320891033598	9.431905558118148	11.993650372273665	5.3981926166839616	10.577381191723155	10.897838548115713	8.656953919867462	10.88641520254943	7.043760456576801	6.146238012541814	10.71855877217646	8.582615394411645	12.1962055602187	7.975807312187642	5.464757585562877	10.568843733889219	5.58481544366118	7.182321304981675	3.9825804728143503	8.943229379107718	6.017387304274825	9.572850811326697	9.658456883671953	8.44225177076973	8.983755458120672	10.279376334450035	7.120307133434505	5.423290186506003	9.088621123545183	7.756476824985915	11.470867319665047	5.125615399834258	10.154271426878003	9.809591201200961	8.014925149873953	12.777050070593898	7.762363208797805	5.194006828068492	8.532520481389989	6.392183162976429	7.562149259750106	5.2114651131155645	5.692715221793866	6.497253344923024	3.985245074482034	6.9997483276857535	14.539706508023048	2.5701028787306384	4.872668255175773	8.692757037079685	8.9258764932595	8.99729537956814	7.1758515860512	9.17205950253328	9.915747352770515	4.863893142662854	12.33687232029078	9.807543122881405	8.458329267057627	9.72509012342539	8.925248206245747	6.986453684883292	10.539164210155384	3.8683336783566213	9.108099548541201	7.081735715615203	7.614489456146934	3.9783765346852387	6.471045307258727	5.080126699493603	8.7247353891563	12.416923168991866	5.042665717930599	6.7679227627129865	4.722585642810681	7.947747159546543	8.19158381722459	5.912851731052615	8.277601721576547	8.187231874119389	10.642734861238484	7.956127459530689	7.80459863120905	8.872979998951095	10.015981515719373	9.227674508813376	15.005411121661911	7.011350525524859	9.425858006752655	10.21353325050129	8.43349460895489	6.975331502056321	4.293802687874288	12.871530809585838	7.713600816493401	8.814899825769174	6.6684620026996475	7.963356128358271	4.570322626765759	5.65146694073186	7.144306329559006	6.916698524809362	7.797053995579076	4.890118707681381	9.383219892750123	10.325252621298244	9.569885613273142	5.6533122441642645	5.640835965429664	6.045502964972816	8.445472711457597	12.293919593348368	7.633260548866092	7.597673303318806	6.960569535721857	8.139428637312706	10.094943288320843	4.971453610096482	11.3924580394055	13.563046845310305	5.713871172262025	11.219726233876672	8.105311541593888	3.919385007382094	8.398798597758995	4.909268730178443	7.663175467881414	9.554542011504475	5.087235627122614	6.03722512113807	5.656987062456541	5.799473744323699	8.574866220290403	8.815246154680471	9.668617195095727	8.331633960478866	7.900581903825354	11.629700591805607	8.051222365551423	5.325778764800151	1.5929425341437855	9.423418344796694	5.938381473461412	10.532701155519753	6.807171423605931	13.70600640904028	7.14981704616529	14.910734419514267	10.963182670585285	9.604328833101778	10.725074373808056	6.325946462238133	12.441024214972211	9.389396207959157	7.148214215727915	7.1733004271518475	7.44491809772407	9.68293247562889	6.682999390948274	7.7269781701812414	6.631923890548547	7.721245832176962	10.080950795722536	8.280623147169711	10.789426067418692	7.407583503970561	9.01861917685603	8.64912122523249	6.806994341119385	2.4736492443730422	11.148156795689985	4.319627829872839	5.566388708099457	9.15702350145683	5.666297447181301	4.805199892941094	8.656666629575259	7.9918191190112235	8.40145902984401	7.60992429808378	7.179048634452909	9.17404651725309	4.540142026404985	11.31330557857313	5.851560166827089	8.998623422120188	6.078608624498808	4.155037390876918	5.686221842591587	8.006474555581281	8.896797875788263	7.751818080574941	9.702182865054354	7.636273218022369	11.423229529254824	10.91373222040747	9.922548680984272	9.654502281314718	5.916953791213941	11.114604000957245	10.236396673917694	3.8575859396517136	7.884969073242674	9.694062144557313	7.961917495951427	5.347845024057477	10.226245377658875	3.128162789889349	10.77217139764007	8.376625614515472	12.298625256868005	10.202017469399378	4.846171529940018	4.692032593165996	6.11970163976524	6.672872295053048	10.710115107355147	4.73135188571142	7.016017213673474	7.791095740405105	8.357425573991717	5.979701712527829	5.455574252399749	12.209962130498143	5.747758469430902	5.99708380847971	7.513681302717013	7.503858096681325	7.805705931093687	13.668050621669686	5.048401786681554	12.282765070242156	7.810092719906522	7.912940584808534	10.87071916584049	10.365981225603337	8.327779861794305	9.291994181396936	8.922589057548647	10.722471671774388	9.700451000816505	6.443796376713462	10.64618404894969	5.885568212036577	9.347248326403612	3.5866759427587516	5.614529167378546	15.524580173941924	5.89313767172463	8.659936449810367	9.826185748963615	4.765841599834532	10.35440484290501	10.329436894694446	12.192114047734565	6.730157442159735	4.518621852349208	3.2730881466569928	9.22959969937508	6.970046085550717	10.917437317948805	8.383839363702496	10.401183554274548	7.8487487060595775	6.958939577993391	9.518465142724637	6.27714000132169	11.910454689354996	9.609399158870593	3.973469319471114	5.877103804520605	7.5607862364573775	10.931542714249707	4.9725297645702105	3.9546324580030934	9.500175383769905	10.822060446420123	7.305536891424535	7.3188338756622295	4.905849909664055	12.100297105666193	10.334173556410283	7.217791536808389	8.939502247622686	9.600592190755421	7.641752827443263	6.385375408408182	6.133535603173401	7.3094258201420335	4.144604598800442	10.176218026627469	11.874611015787574	9.86029806952973	17.938930071199817	9.34338244764996	3.8689528669544178	4.998027790472469	8.187398591060205	9.019123848847151	9.778135701040421	2.9682609319692634	7.9564870469483235	10.685064694055548	5.288341704143108	3.9141644185567164	5.917641033496996	10.882730623908103	7.823348465870549	8.541650136599406	4.837280446539675	6.882916598311638	4.868113999167497	8.7749745132342	10.651359669770025	11.566870046008182	7.05209747011047	12.970951691681837	11.420949644456435	4.939134935334333	5.535357344306256	6.50866292450349	10.200187109649418	12.476688332325002	10.104335315578421	6.777141868634433	8.621390555875868	9.688263605338179	7.153199547924196	8.825824067932368	9.928562847410602	10.29545423931638	8.882097124031384	9.343122097575362	9.725646914553248	4.895449675070793	7.724022829086803	6.690428989060582	7.668966493570333	11.898242352697801	11.992314471305408	12.723964685441075	5.941667999944913	9.113673537687491	6.233717785886346	8.293290954609692	8.790538638738125	7.023859451648281	14.042219858325117	7.690554309606312	3.1541633081437803	9.713759062718964	9.09138927242588	7.495043830081396	6.784746629115861	8.672738564645183	7.7842603077796015	12.357480299844438	5.367361626992893	5.679358390539538	6.831208954378937	6.19735911075379	6.988212628701665	5.975746412752984	4.697592595360346	6.0889707701834945	7.062266885284609	10.630173857923268	8.943155684758425	12.311381754513677	3.9865330724049057	8.015873813497416	8.625082675224236	8.87296402794973	9.4041777885887	10.779642800918506	10.450688730244543	7.118417786662165	10.7203071981984	8.96210227900156	5.058654064448554	7.273006193045875	5.668062266899772	11.56779143752484	11.893950411106195	5.934063882262019	12.256100104381607	9.087450166350274	3.9645917981880596	12.002661160103582	6.798900792031839	4.99081546029974	5.389254273382892	11.16248943879098	12.370534158448496	8.415841902391856	5.673747038943782	4.918045442958575	7.797301695341099	11.01843857976821	3.8369388793681947	9.981579326531934	9.447617852257475	8.366752516557472	10.080092765351653	12.166721425011232	4.185907908364595	1.972881756233173	9.701454234091209	7.557823109601939	5.854980707030039	8.063402080788917	8.406215220669631	11.906452757340237	5.315328713261797	8.387586670119289	14.472503782339814	6.914391742958197	7.620730688332387	4.81173682810865	5.922960836506712	7.860937654334219	6.757619582452212	12.620520325660367	10.226515688289439	6.7829437890097735	7.054098085395697	8.834697636676767	8.765932660225696	7.903980941853785	6.175366114690991	3.985969206061545	10.587298751740061	8.65214508657032	6.776574163263034	6.811560800661268	5.702074034385209	6.7944679072708665	9.435105058454052	9.599281581908109	12.080351677558108	12.890274447835264	5.829451607063701	4.84264361362901	11.948250455456012	8.719629455600568	5.6775587808268115	8.748729383961537	5.412498687658283	7.640871243275163	7.485754171109328	8.852021390666344	6.850150227319386	6.619595860277592	6.911608543833169	7.635570169379077	6.599951831255426	7.002901725734255	9.007093515524524	5.748397123149133	8.67614813622949	6.552205145373374	8.332661325608015	8.784753305281255	16.895764927046233	4.335385222145241	9.01418507428387	4.496292318344018	5.9264425414938255	13.812078635432153	7.242965296787857	7.51547337716955	6.105286034266688	6.925010794675059	6.917514550557106	10.278823390445064	8.74722654766747	6.733619792128783	5.16228410671864	8.35400969757222	8.802290299045112	9.742339996786384	10.435870843059934	12.610127284770648	5.95408785871492	10.839332010274216	8.413063626345311	7.383150143631288	8.922330693612544	5.714280198813125	4.279571837524528	5.8898140733128175	5.898902763162674	5.782093125834333	9.776703628189226	7.750453548481663	6.2119598576843185	6.839673029266632	7.543361936970782	9.802816827950481	12.799907424448653	6.977474920237659	11.01415588363263	6.879929466373481	8.766932418733344	8.47716933956407	9.059994260350228	9.831038841758213	10.578515439094051	7.7175823026195625	6.677154085470275	5.6683393718271375	6.535384222491077	8.314811365917521	11.381090689104607	6.131487291718492	10.812760643207088	11.512642724466833	5.9715065698961	6.5708542527724445	9.024720648438473	7.954972685911709	3.989419511473976	9.825703143046516	6.709661998603547	4.868352786021925	7.533046358323756	6.11705603330917	5.783258833252377	5.980015236255429	12.63442048644037	7.317273606165236	6.196265076246151	7.992353814552571	7.737337544474972	9.149813599074285	14.607799779190785	10.172660388102514	9.317884497908848	8.663920300274377	6.368360163442114	4.910680223077368	4.617247396562567	6.813629542961686	10.55375177624726	5.987730180749124	7.708134960980882	10.423675865898863	3.9975817776940477	6.886533585413059	10.533919984008378	5.7095119271255435	15.522499297007773	12.080529119652429	12.01846479565718	8.570432858850555	6.910290452222545	5.950532511613958	7.201880416887056	9.256675325026123	7.296857173446213	10.401815669820332	11.680490581395178	12.917230849309423	8.90845690596698	10.761434367887148	5.157627486119973	4.6761067561593155	4.912953392356984	7.242875788575963	8.65088269486995	5.8057257676995775	5.317050619898549	7.750765461736721	4.874077152393637	8.84084482226096	8.867559327951167	12.238423756035601	6.7292962452579514	6.702246424253096	7.992541587395774	5.6495344168198525	9.355256009299422	12.918172269421872	12.327592486161887	10.479671838370189	13.524119882848282	12.222223064067238	7.5501518837559125	6.744397784612302	6.598252724771006	12.770167723482041	6.204320879288568	6.953816214420669	9.737943099083099	5.05204898591321	6.947089679783058	5.607491641455199	8.459420462124708	7.664606185584083	14.587020447836034	6.327124222706735	10.602454053694906	10.710003312560584	7.977765758205321	9.384106225083336	8.276762512455122	7.654930991211336	6.209269312316216	12.556887109503826	4.434407760727466	6.242310986385782	6.898963306923202	13.5021186373927	9.017057754983346	7.126310369837723	10.130117866899006	8.726293089186774	10.437167540726849	4.885328941413734	5.11414783646573	5.437826691594304	6.015787265530879	8.872436375163174	10.129719223786546	7.221348165423474	16.248970379171002	8.699248287503172	9.123702621794179	12.258662515149435	4.965063095925948	9.781872941128604	5.447538676991811	13.171023236565434	1.9931015141815818	6.79964545489348	7.107500620559935	7.73257192623466	9.520912616834128	9.446807998502214	12.210952590096468	4.706843492387064	11.874496283689188	5.781334296560822	7.334601881153023	7.712254926230528	7.732118344909125	9.173870201245801	5.7192517538284555	9.738104276770414	6.901129896268842	4.0803535794184205	3.8632215744829295	9.869192215171504	10.628067783654584	11.35152799712885	9.388382546865047	8.54986354690268	5.821491726630095	5.905877515361936	10.860920064372257	10.29920497629913	9.017966127316944	9.295002283158656	13.621532287983815	5.789172174674687	7.0533991946347	13.0187220273262	5.1481533990478345	7.13260447657096	6.839280443012281	9.330504416578647	7.027446973252743	6.324398002846429	6.648807309644711	11.221716616158107	9.80736219072971	9.60427994026591	5.008038625985039	14.789437449737667	8.808862986005217	7.954366935355667	7.248342624787792	5.683628337877447	6.677731216924317	6.984704221739213	14.29090490580125	6.505537373344971	14.372684853535585	12.472350436612683	12.088292296119205	7.922589758044786	7.047312879373696	15.56834949972444	11.402241285900836	12.512563592892041	7.925230442303176	8.336508822414691	3.821969609916232	9.891109729360846	9.896037844544953	4.6308659210051335	10.679472090308305	10.957805453208055	10.57380342694233	8.757402488099846	5.613786023021428	7.473628045479278	9.572258317207645	12.34598791340036	7.522695338482548	8.861904892495673	8.818840206111483	4.927854816864657	9.601817998038745	16.4338301989969	7.272500976490162	10.549853643569007	10.001641666370466	12.581947847692577	4.833870010186571	10.187121417843866	7.1781842699691545	8.875869810038191	8.7788862294668	12.75948042810243	7.022346349847673	9.969334500163304	12.866879735025213	8.78043390238879	6.941460127329927	5.512516862494113	9.876433945528458	13.617328083625486	8.58956484309632	4.364532592945765	4.531698658623043	8.725005776346972	8.1792052718366	6.022390464373744	10.812770166521217	8.746697453645188	8.36836819646933	11.409046413224758	8.72480791193977	13.17766611670716	9.901562363141325	11.48054660718114	6.862718461597702	4.910714362729914	10.082094155909866	5.386462908971436	13.894903189806056	13.083477372982994	10.142540872252983	10.528386485415245	9.784382121251268	6.21677313850064	9.338505300241716	6.104460792315055	5.861355358158817	7.119836223845494	3.9935557921042872	6.771627111329019	3.2128606521751046	11.222775653857374	8.324294775720919	7.552670641630665	12.79260466353576	14.34125451123152	3.5393892973555476	7.796049190461832	4.859695201805225	7.050780701053335	9.162976922534284	9.567750155530508	14.954317016192846	11.657397557714832	7.000531986764225	7.806063903555014	7.776516347733442	7.763258702781348	8.002602790876775	8.642863464524298	6.952934870096508	9.215118011007151	8.51101151405254	9.040898094551498	11.144442023625908	5.995312941990851	9.381258347028178	6.7894479212812	6.634927517598097	9.648592576656581	11.052392753463552	7.233228688625037	8.329935006439484	10.717099021794715	7.042741663302877	4.47147545766348	12.049031318413666	8.068466550854987	1.93967271539865	6.1043544018619285	9.0719507145962	5.624435424437345	10.671565346288139	6.66380014375955	5.446502616983604	11.62511014356161	3.8029383670173136	6.912634437100161	5.523614473204803	4.742179778014191	7.096549095913216	7.750373960280616	4.774921554114053	5.378432642556731	9.721466194796847	7.63365827130265	4.963692974811777	5.983439263687085	9.362487499758998	8.710802782409884	9.761857828909612	6.163113835713663	7.825555652372778	8.475352655436714	8.350768895768487	6.190784291317295	6.22924643531365	8.802390863815582	5.179922828247334	12.896605950596365	8.470178312046501	8.48769186032836	8.919730671744531	4.910747051821848	10.095011164845427	6.892714111073212	9.74250483372226	8.650221686866344	7.3827645287026264	11.428650188307822	6.603372199491598	6.6930793473818815	5.83737450911015	11.08715690148027	5.789861948864234	7.068094710134725	9.24265108876824	5.943023928289465	6.913355065828612	13.80463034147536	5.234782992313686	5.818254386408841	7.686163124640666	7.76749013553277	7.6669055450404295	8.839565661302059	2.978557000115496	3.9763018434423865	11.044334064704865	7.3008120444691	10.52840010571935	9.59555239064509	9.712099541313078	16.443926860625027	4.946251416341159	10.655259169264863	7.856851443008375	5.666249843144355	10.56321663932971	8.973490972073993	7.9451958216344165	14.769960350796874	10.796226849873689	5.537595214131909	11.721554353121096	10.131323773820894	10.520494608245816	12.227280236369932	10.205394457819144	11.481250587799336	12.230976037371262	6.129281611370594	6.785920630106946	7.934812939653758	4.9316466482990995	8.688486996665144	6.449472744296821	12.907171815125684	10.101631954567617	7.561617535505002	4.628635979500618	6.546087027197416	10.846692093232472	7.362255549251476	8.14586235481152	7.826182790183592	7.170756648395123	11.577702522883225	7.481236810543386	8.399561864283923	8.401129435787645	6.5778029411237195	6.832106785705574	10.122383020865973	8.799498575928268	9.811603210186057	7.747592418114917	11.692958473137956	2.9928245558675313	10.590421530113769	11.350753303977202	6.270789217321131	9.906839218988832	8.141613411068754	4.91335331144331	7.399323434337233	6.67365353079403	6.981112051004765	17.43924727727917	6.880159889293849	8.88470853423434	6.798776205687803	10.704712180430692	7.71111147931123	9.162518423848484	6.312977377939272	6.765998669107138	11.037248031362127	9.376586442142015	6.70681276616386	9.66095147575947	10.185629773572783	9.61751748362202	10.6458190985489	11.38269193897397	6.114528226691299	5.771429808119511	5.18484928676148	5.951572394970165	10.031574298702083	10.48156896077688	9.939441016511537	12.252354963600858	10.482658184992001	6.730914379496915	10.034232890373456	4.313024173006402	10.783578831741595	8.751718537034517	7.623345760736903	7.44926984776037	7.883168207806227	12.697426613424184	9.253614635706153	3.955145082409521	5.979157678367595	10.425726889848402	12.51354007270428	3.4267243524597215	12.048163499272905	2.2448605688320677	11.712398105677755	6.555194459217976	7.82157044011	3.8940663790935766	6.207775605935044	7.640192155193929	6.718774888480248	7.514858554845182	11.948211707751366	7.009623403421846	10.963266185280144	7.799779161053011	12.069652920266845	8.075996121813793	6.7355201729997765	7.978110856936858	4.466959027593856	5.408454757361985	12.869687415587114	6.856556748541265	2.8815031787688556	5.952142778714821	7.423046549357648	9.964700156567075	12.144636754267182	9.553907260584545	10.838667756576704	5.891332639805753	10.305003587105114	6.742903976567358	10.446025469281212	15.075318905315353	15.404986013454305	9.13670539482963	8.980295761168644	3.8655770230647786	8.232189896797765	6.9419243387096685	1.981990302455247	12.371663114478856	6.7753319219488155	10.769890632584552	10.872012180082535	11.926542739208244	7.976086898776533	8.503328005870786	7.08397477781857	8.848192276597128	7.992837816967524	5.477183733390332	9.882091707801788	6.884410281553722	7.497355390480377	4.477624206950041	8.440038282865416	12.81152202746087	3.863802936976397	13.713845219010732	8.376742319458963	10.643737145977939	8.973469965977664	5.248161888707245	11.651373385521612	11.035497977991389	5.979751491648629	4.791739446812194	5.7456137039994575	5.8760658028483235	13.012784058962556	10.213126096918813	10.342701859057126	8.814465179734587	7.558233836660536	10.458880062190033	5.96692734221182	7.484852720386493	7.322388166520832	7.731162676208327	6.747951017132872	6.7150040521712295	6.150037335991998	4.962610759137991	9.708576910366627	5.944980061733509	10.93537010639511	3.890836223916599	7.668478501053832	7.757650552164437	8.863999421762138	14.341639095215447	6.507992157020342	7.845679507560178	6.592289719853651	8.968537968993326	12.886266244041993	11.323155356208824	7.266298477468778	13.774637807095504	13.693131582429139	5.108797069331392	7.629354608213887	18.189417051435868	4.29353341674997	3.8066626496832954	9.275983576508303	8.096477697846593	8.092817121511956	8.743288728829866	5.9710443480987605	6.582256080594637	7.0528791163594065	8.701898669314563	6.709570784299	8.310020435496437	7.7079484026072045	9.885502822819822	10.567253703549502	7.606324245477999	6.879129063405416	10.383694189965333	13.658577365851741	6.7948366560787266	5.555067139099401	11.044533912594531	7.292598127211376	7.066642013510928	14.54625571471271	11.168858984638502	8.19479359437442	12.64183520293944	8.145900362721848	15.332265042174178	9.830281023558461	5.3866201747771285	10.30852939350438	4.390671704865562	7.78183936652232	11.238161361539015	13.870550353520793	3.890827191362367	12.527133623858969	6.325632627907482	8.892153477387767	5.653252857969682	10.818781722870815	6.73849199483442	11.516525576648053	2.9624491468406506	7.527081178010038	10.542140207136654	11.504898871458085	8.239716254923765	4.532234853020568	11.66267519555382	10.618761092561423	12.333111182927473	4.752900153388588	6.6406044906033435	17.093235565170133	10.52630219731374	6.726755691551964	6.933227148200743	7.81452549310551	4.860588522160605	6.006331059817678	11.294811011628273	10.013636914502317	4.251045949517468	9.05499816343343	8.56852280241304	8.913924571132968	6.844233522733021	3.2393039774505783	7.596552423231499	5.541362316024226	10.79494072360915	12.885383616341137	6.349690059628615	10.603402076373321	6.4669042681710796	11.582695795369133	8.974590931173879	2.999108033362628	10.479834130100851	12.036808648044277	5.773886847927359	6.519119479480365	4.814097621976178	9.873087737055894	12.492519725747604	4.746725777686587	10.318683547313308	12.921135045651187	7.81950118343149	9.191800236967461	7.3962528169345365	10.522666555293668	10.97234211185701	8.890353053213895	10.780789472950213	12.873543341824622	7.939470085238486	7.04811795345728	8.728718940007012	8.010546344514195	7.203057332676928	10.312062820898	7.427290246848986	5.0174119719813515	6.858249994054198	6.760248989971217	3.0380078779482984	12.227709977112397	7.548641859970474	10.813146694087752	8.540289852687193	8.689171287336045	6.9170839785672	4.831497177508941	5.8965873607453965	7.395115529295148	7.744689091895361	4.692262784639078	9.864645026722052	5.827946004520638	6.051091716716508	10.63980302955407	10.12682027820493	10.247700895446313	5.888316332441861	10.384673142263251	5.632673671531905	6.114071908974138	10.360013569207428	9.226960264760375	10.891215917252435	6.261464211156143	9.642845383053874	10.68377692936278	7.028464325836774	9.045566333287864	9.531861449591219	10.539302384661681	4.416082504916745	5.968106548482067	11.693797504438301	6.118335784450442	4.60744517375581	8.887838950520582	7.652764938348187	4.916059899830883	13.440986672620234	6.185838066330338	8.803383999092377	12.005014524546473	5.224175472938851	7.7852969714018885	13.504466699532438	8.178649925858412	7.871136877591769	8.121865931425443	9.57010039421953	8.952692239805582	6.931847410566439	7.770620048948456	5.746394178242145	10.78111095068718	8.94762269182619	8.074731644804189	6.493742571260255	11.502808628488749	7.784342639706375	9.865160945334603	5.850857907488492	6.907062022545789	5.919791692892917	8.769698100807691	8.825503710536694	7.044190235870719	9.385318765037846	5.025889991853163	8.67021985730487	9.91241262299383	9.431216286973111	10.341886360373818	7.974347120105285	8.13591618092612	7.137654506665783	10.538891202940817	5.324089007063431	8.458956693632963	14.467147308666556	7.714969776973914	8.547505304624314	5.883142868586027	12.1687972555982	14.395442437820368	5.96624981355197	4.661633911966651	5.7721305224194355	4.990244921036716	8.652795929264412	13.765527854651468	9.966472561899858	7.554550963158658	13.254174682689875	5.9483292139057005	5.769519987349086	3.9253971133080867	5.1261534212664	9.902833448185742	4.813768991734563	6.571690950914769	13.325597433143253	6.862644566081409	5.93032171094	5.753235476333617	8.845642127258499	14.59629019907858	5.801469857625498	8.70997189580157	6.718090808957131	5.90181036352882	5.85326853001639	5.38478477619937	8.497227308134674	6.90611699435958	8.634707140176156	7.937669122628851	5.062830296319414	7.701162625852555	6.352639022701851	10.445871380780805	6.658635513363062	8.271800926618031	5.8904526689455805	6.917990738372593	8.59701837446412	10.43437096890564	9.333016155030226	6.22319094325644	7.456822618968973	11.25530681894032	4.5757295739126596	9.04028056487664	5.675603997293006	3.9974471305629886	6.611172075293741	5.655062151416534	4.149974771675624	6.78276944295495	11.225040226973793	8.75600670385756	6.852721178039133	5.556631436998768	10.960162319856726	9.09861697552663	5.610731466905454	9.092923818085692	12.568495238296745	11.65200835265688	10.297775400580829	6.756135166851341	8.082728143268922	8.259740268944002	11.364172054593062	4.9397261715299505	10.603242372510778	3.157669141601468	15.729954593809131	12.386704475333268	11.566220480238611	12.558135559811445	4.005755611848268	6.514901371609603	4.859319975914933	9.564073055899138	7.0276376010148	7.787252535720897	6.796395979261917	9.13445415629857	7.631737694292473	5.6251991596393465	7.798934372653421	11.287083038295265	9.792906059240156	8.268991777119703	12.35900652531738	6.718951958714414	9.174528159856093	6.989613415231767	5.709668869522172	8.33381230219825	9.89385543272016	12.060517763834833	8.574152638076265	10.510405091011407	7.4228291347508994	6.54264309626568	13.42488393636826	6.980528606321735	4.133710992536418	4.306547576633403	16.8285511369292	6.070879140885941	5.694945188838458	11.099490424735912	7.205155927520604	6.983921007512922	10.400174873159054	9.372628232479745	12.929797691244227	9.569558267444297	9.742089514563895	2.000059436871678	3.8450057749547284	6.800271111932523	12.089941427812168	4.579668521069255	12.955019416343415	6.455229643304367	5.427394953377523	9.643024302573238	5.680129839603195	6.98617577931802	12.338091252808407	10.861331893170329	8.306985014824853	10.451908448549629	8.178487693984005	9.510616008506057	14.5435440286746	6.545737355509125	3.8639468909671706	7.089367771732262	8.048006024751112	6.128221885969381	9.397570966783265	8.270449847321743	7.574214208177005	6.706383109612796	9.780031354525887	6.789240258380943	7.50890975221795	13.625175762737245	7.672845829581653	12.622007139749101	9.065662668336657	9.991974187905488	9.115403390474587	9.56435041997868	12.62715224838963	10.540743723712408	7.4114599251828395	5.878688315439436	8.531000298845344	16.048204891204517	13.539692737985979	12.775913677017597	7.902311776472816	9.505732482664625	4.6258954266435675	10.058127366892545	13.172011089761815	7.441371414718655	7.746218370951959	8.922008285538503	5.739167850322555	10.450265679809474	8.929240341633166	9.244892360124439	6.5360081441044215	4.778303389479352	5.912379253822111	8.994151085897347	5.333470432765654	8.390495608689951	5.523041446928951	8.279839307912846	10.8711652651244	5.920540404321396	11.239428132554053	6.8833053764326255	5.625727936128675	10.462913886330123	6.906587862440234	13.568368141034194	8.520066046707333	9.906299354625514	10.193251737824566	4.881915332570227	7.97833655444109	7.530364929812935	9.609298172634563	9.689567867596573	9.612279737766231	9.136736062203962	12.840291696430981	8.363218582540265	14.037836663397885	8.9808144557967	8.127708168521545	8.287896531955735	9.820564680003315	10.074839244212939	2.6231330667739776	6.75431471029378	6.884961710291366	11.508078583647762	12.23951274850282	10.464701449642286	8.14780760638775	9.910563228571267	8.713364938524425	9.145456168705046	17.62284982812512	4.7670219664316	8.833620153766654	7.942477909286522	6.630785052108152	8.666314949253808	2.7369631398801433	9.261899124222428	6.275826346839876	6.44823106137787	9.651723478640433	11.973446603324978	12.221055419182166	10.249383722270986	6.2338452693160376	9.22157783404658	10.150690920313156	9.2789940283174	5.046057480061577	8.870931685935195	9.05628757932559	5.308255440220731	7.144655105581625	12.793946302275772	12.915326716480152	7.262802293809793	7.826666309012473	8.714383585389262	6.46816228967154	8.844475926928714	7.766042077345641	13.217197937641215	7.642798082971573	11.176518570095688	6.811898256597435	7.993346042206716	8.099360775490831	6.674372025805233	8.51494343762897	5.517017472607331	6.6915778201722045	5.77860637966133	8.010420947553364	9.178268424452968	6.169404172309186	6.086175507140906	6.803198701112495	9.502014527442297	8.857313835572915	9.382262950316237	12.72170552871596	7.720484604354523	8.858281638296853	7.301778803862205	4.568877791473315	9.768401041927566	4.55100122388121	4.813843466780136	12.51146508313868	3.282801588467672	6.533898994234344	7.796589782556888	6.803242277600287	13.364122657789464	12.53854231937384	5.2185508960192255	8.554632724837152	8.30348764768321	8.780644411019209	11.729069540154669	7.224151601581046	10.01188595152433	9.121370787931504	5.909746124470015	6.703380516786981	8.748529074968419	3.850771127584628	10.732695477546311	10.64747410679665	10.730018000422824	15.676393147832323	13.130928085899585	4.100807019441032	4.213399689928222	6.894168747589938	6.724656439575313	10.71057644911628	4.5870150352108805	5.740403946408673	8.614816688201715	6.873923002314386	6.879641209975633	6.1447740526358965	7.764624512122225	8.958737495724607	11.259222256646854	8.95258413249542	7.313561260190815	14.594888503212589	12.661557152789044	6.68467880305397	9.330004095076276	8.871587763188566	11.253163461637355	13.087066554578051	6.501496841789084	6.672251465914047	7.437618913256885	9.627106350120142	11.631029718803788	7.1660437853904355	11.850893994427361	10.02862866056991	6.420363203511911	8.494352481948866	8.581434373088957	8.747328659842895	4.43306984203022	9.721705570861062	9.842906196594798	13.641415635935141	8.102028586831857	9.787521229533558	5.798664000891869	6.448177072367156	8.238918784949819	9.978671902112545	5.9482281227181995	9.790882109407203	9.505117540134028	4.935307417384383	9.689640455209343	12.213587068711625	6.593181566683608	10.412236198288928	8.361679084486013	8.02498848477095	7.8523675821552645	5.83281985545823	10.422398242173745	9.532661144866585	14.757228183997277	5.345994205321706	6.921304026697777	11.04959533387936	8.555559506807345	10.6136854811334	6.935417249954214	5.823626961573048	11.886986991604289	9.758825348113492	5.804092364775391	8.177191523093978	12.006576873169395	5.820908002379749	9.854061048054222	10.912299131326932	11.287047259171128	8.386161304129303	8.927005129356218	10.218164785044008	4.9882704968072265	6.780538079438549	6.3950219607972	10.137636797148385	8.026923964508807	9.065237622012052	8.999544107967548	6.251153013245746	4.88074593745231	4.1271128987697345	8.459303103027596	3.7570337803598854	4.317618224431747	8.328347038778142	4.766385564846465	12.52302834240009	10.560665829490548	2.5820227891476146	8.706463591663434	9.975175530520223	11.271062641109706	6.9563732477141285	7.886211984103456	11.828694626559574	9.495475288585277	9.56817337016187	12.40143653845021	3.882295543456245	6.841476949620936	4.972642570601676	7.012332594365303	4.587945532770234	6.368869369199338	10.415442466786788	10.8567360840926	7.190154465017885	7.954531883816122	15.805502681559988	4.726944882456312	6.303697478474337	9.069788632473466	15.118638006373525	6.3843883804163815	7.05407925134889	10.031714214399866	7.454259180606083	6.788113232217315	10.688350961777793	6.880449880552126	10.888936735998328	6.848532993189123	5.950543016849609	4.9518083782416245	6.865491333392353	7.137150195618791	9.098309565419875	9.174323872233165	10.92260314893843	5.964281735396217	9.629544455306386	9.972741894180675	10.903434355215484	8.224106713551976	4.873571538298776	5.852465163586259	6.895950725415799	8.524112389681132	8.27796662955208	6.243597200310587	8.550777804809801	11.087891624864175	9.645663727758688	6.994532073778318	5.849784043219424	4.420386886790585	9.160484888671125	7.426354533571629	5.648557845170286	5.214449140590518	7.551302170326206	12.433656219887927	8.112316794116138	6.213745173355138	3.512081613824828	5.638565863978355	9.753648514714815	9.522218075224757	6.974557140958528	9.589068381783662	7.323137098997372	11.077613293004088	14.50615613030898	12.604957429215123	5.997185604628254	8.83637533545176	9.175060173254483	7.315503424477489	13.71752058352597	6.602355458251963	6.7987835787534685	9.273596504687108	7.608264353264653	5.955215794614359	11.73675738258286	10.934870621693495	13.788271279823132	9.540475087036592	5.409624529138261	7.7693994106693705	11.726893076797234	6.691979541262485	8.601275239769036	13.216805678298721	13.451979333473776	8.05818617724818	14.862252256298504	6.782830369521947	4.74056045042853	4.9710943499095315	5.712905744879872	3.905148845384152	12.47170014931297	3.8987209307931656	7.12649252921881	4.049968788588181	4.972344526215744	11.418904409722566	4.871921853838089	11.605707439845826	6.805998336219319	8.337783372822095	10.119844028001854	10.296980631150902	6.426144883275418	10.637450946686021	8.555328298191913	8.838055689421116	6.437427501669154	6.202171512525133	4.0406764173400695	5.782985678042962	12.535746752767364	8.644891287984636	6.973181281147181	10.094214968033745	4.97065029356953	5.852553847616666	2.2484021830866965	7.375154130590207	4.754797785262552	3.8518145487677447	9.540801362491605	5.535178433292378	13.200861605432346	5.005746521073872	9.759506646453577	14.472285809510106	4.899991620715294	10.110374632849071	5.190317174865415	8.993913157985153	7.393920426169528	9.650610475830755	4.50988065091902	12.782852952056935	8.688505430823422	4.555544230641587	5.981869511600193	7.484716941064159	4.91706122666499	5.677783859731066	6.867304500229413	6.226380332945158	6.090294048792899	11.137940255787782	4.951750420388517	10.489476480412884	6.119875130151227	3.9501752901432567	1.9938762618737083	4.871435580237591	14.00000838905218	12.260615558348855	7.711974213876575	7.013873714370756	10.856939081963816	8.171061592482975	7.760437183649369	11.764090414026013	7.841658901465496	10.723085760532786	5.06535552148037	6.275899993727536	8.73016057913341	7.040922791941402	7.089728640086195	7.02952574320732	5.96137871266322	11.31903931345569	9.979604640648558	9.243029393372037	11.36961929595486	8.750987949612883	9.397174101138118	7.147880595018161	8.650399754207227	7.610584965749247	9.959669514354571	6.002563008555176	7.877013033130263	10.019461261730724	12.384034779625932	7.772268669648729	11.509049890404839	7.562844575966825	4.891091421277128	5.283873288136575	15.34933363446951	11.949119907675371	9.678845544498259	11.237576986193309	2.9852544083761225	7.094489059844005	4.486919327238426	4.3186623101610495	9.115373006608353	10.998365565743658	8.479939375665653	10.175228004564477	7.907862914724612	7.711749311448457	9.631390133591655	11.910188492319993	9.935954230145764	10.11559490194193	5.528884639614013	9.730064852492104	13.934087597231578	4.112238242942893	10.52003712659802	5.974039714883783	8.879117276703704	4.890072989981781	4.977905750847662	6.591915055042183	8.486370687224566	10.352015465207748	5.9072479107193425	7.6437933504909585	7.099702386513031	4.78317597447941	6.6036898833222075	9.734469412563238	13.17791956910244	3.83546874204966	9.74203659860467	6.657426806417932	8.37362225968619	9.916256956921504	10.337435171877193	7.101686646409953	6.62199685360433	11.979226562070796	4.4915606171804665	10.664514966277304	7.078931005588431	8.867950422108212	9.686761656814763	6.760135981408087	13.487386525565878	6.557862615151989	7.314392459819889	7.961562480697011	12.186639497214832	6.357929467790624	8.714589827891835	7.084605300456871	6.755096050283788	5.042292836298765	10.249398109563785	10.075989185635494	4.736066433699153	10.78596576212216	7.765534071347119	5.793631724575135	13.41966466216301	9.745946656306575	8.535053182746825	10.638199214640673	6.872935318319713	1.9951626842782195	6.67353501773972	13.503381774699118	8.315357230286294	4.5484506909985205	12.806467856085197	15.062790987728368	7.002238646483395	12.910401525681007	6.13550358811358	10.481903690283444	11.621683442547635	10.573620590640074	11.04750785343695	11.307494046157123	7.0955323605631815	6.917568429652824	9.138106540863909	9.145943083428095	8.573080650259602	15.23942741411475	10.167663671410756	6.935730145638565	10.208418905524283	8.891575830850764	8.002831426084795	8.419692473991734	9.50489102251815	7.03882043079095	5.7113469239027514	7.505515206423027	6.667787420525071	6.454541460410098	8.278575072285571	6.999474839075705	8.605774373385175	5.0561261441182435	6.838921371005545	8.066136989198137	7.733783561832888	9.059343607596338	11.96140735573973	5.580024884309271	3.754848796406332	8.843286530475206	5.789349619469953	9.746524157355692	9.795414744929106	7.855947439048095	5.728023948466857	7.216508352758405	5.511936982251965	8.346213236353274	6.1930546924655445	10.347653871457009	7.863649253250235	11.544879447181932	11.856119677509147	8.622401628331435	5.772796752078295	7.830343800207408	9.017314664559573	9.71072642494913	6.685889639087258	9.679881786729702	6.44181832390562	4.925487304687916	8.592522200730809	4.82868564458581	12.225109556644137	6.945842901872139	12.844951195690452	8.60421494059802	7.232765550393787	7.083092947350032	9.670075573835668	11.04666017832239	5.844359103141815	6.928102117971917	8.538301957206766	8.666560975328144	6.015546853508379	11.382164876973684	10.700474631273334	9.477503703605421	5.937339234038771	9.120037220048559	9.582421798856702	3.978740254026218	10.546783361364493	7.292110531082094	4.894487461014403	5.236976587402199	8.034055711684204	8.662541330456921	9.721107952110772	12.52080822458881	7.496981640361524	12.405652406762151	6.886412683704578	4.55506816210905	2.8799919080484067	9.725354201878039	13.068240740271753	7.302567762080852	12.317921556605473	11.83223291242954	6.022231865909003	3.4467981034888364	5.1877265578246465	6.861534084842493	7.777377096542567	6.822446241864623	8.681437231366564	11.75488522569816	5.20833789621229	3.936910997195657	5.8836129532865185	9.900376707653527	5.929913687418447	6.385033597831185	9.64053971036194	7.3143317952044296	7.332891917858672	19.49538155438586	9.04101022413418	9.733762708242919	11.394193318703605	8.58841954107945	6.812910960859193	5.074692229671832	5.196348536277824	4.813821686716396	6.332664591954706	9.025687848942788	10.731140547516906	8.059853802413636	6.77854477046821	8.749770755416133	9.633643959971348	7.102337000326675	6.959650430496598	9.832938858287873	9.269422243880522	5.450334796001336	7.795566485547443	15.510295808971938	6.646706803690213	5.018928285225523	14.849792355429074	10.212617233975793	10.17180437488642	4.962657838817377	6.603495334763776	9.99548220182917	4.439440855579902	10.567926802284317	7.088958925216829	3.6600918822735933	14.708257288615906	10.499907474673885	2.9572315913415204	6.839405320109089	5.822654737679516	10.985037000087967	12.38271162971488	10.371606045656213	5.792329404678111	10.965683472071579	4.70024063491409	14.153908456148644	11.117528479320674	7.474086172577132	9.789452599303777	10.533634177724247	8.787270696671506	11.56406118477409	8.908528033926157	9.220612454625746	6.872799904697486	14.488502530390768	12.477561955399919	8.571513973988417	13.343084015176144	8.949774398786502	3.1944689891734024	8.29121092359903	10.590773356007201	4.9471726017961135	7.08608903267529	5.735851607260831	6.579707611454034	7.491248469899545	6.93410037266847	7.42494473093981	6.9253662608413356	7.102919383846503	4.9386317882814605	5.920187119395219	10.050248696754018	7.26811537276682	6.772156290158779	7.69052767622181	7.215081955926667	6.240436978526084	11.596236261875134	7.960665496933025	7.72446404837124	8.57761866150226	7.839146779954545	7.368843807341186	8.901395609183533	6.664413965467901	6.894178727958734	3.368892032781662	9.571972946502822	4.960783940543547	9.7110985265297	5.070849567308679	7.195702395126167	9.27084842933584	4.84929043546579	12.279234595158838	9.680342204745045	6.700158009836634	8.21251550443653	6.531288103348414	7.742785089833908	9.323282866783622	4.8778430515910856	4.819890839006104	9.15718158322061	4.589989877268113	5.934110304574992	7.734546425587165	8.852517198477212	11.076959846629363	5.937313640861581	11.622743583480467	10.043903672416713	7.9635978436627495	12.00522041146206	12.813158043764403	5.943469840775406	12.254860702788074	8.717167554465597	9.155445152058862	7.9670219524319466	6.4866708833314455	5.972215501927465	7.747964376604165	4.932944830750468	12.26886470576145	12.090971921979595	3.8965031283812226	4.31950415260304	5.797702646774959	6.97997919315093	11.467829441358477	15.986101092344306	9.649871082814894	7.522200058494366	7.914147538288451	5.46495263852338	11.601355144909943	3.077099009956833	10.599082754610503	12.84299555960847	13.824641447459312	5.9171563068631245	9.57947502975641	8.450849324861299	3.21512705405922	5.824729361326291	8.25924503152879	10.666064529484634	6.742886925803084	6.254873186015353	7.158242368935449	7.804403179025043	8.084486803533965	11.265671121641986	11.0032674292453	9.107416233136892	11.893235457109979	5.769633768914453	7.737240634980644	7.926901489638821	8.035106409053176	8.742898895042245	4.901895564665105	7.865094938796769	10.724404574143897	10.308810217245615	6.79598531582264	3.939696566453869	8.478891082862017	7.606639280527488	4.9174621050390135	7.714769841635538	6.6203141917756145	6.019944749171454	9.45484984521066	8.868841005052257	7.7571857630792325	6.633168666210459	10.503899190351438	14.865486733241845	6.729037506308599	10.60985954742797	7.834544249218328	8.488057944644632	14.358416314044693	8.9226107157908	8.869871433935424	11.688334045956546	8.89292657805775	7.834586156190314	8.166022640140417	5.024965265211389	6.047760851471987	6.314435486761374	8.922425985105948	7.221523861581323	7.567189179934414	6.785491528947821	6.287313421051459	10.685328480283117	8.548317001748535	10.405514875836392	8.66971617254099	10.714943113972607	10.897885815933542	7.797689653341418	5.953046367098158	5.926222768100458	7.559644380703635	11.337766004408609	5.956233488710519	8.631285338234214	10.85345069094366	10.20518955226002	10.221094542981609	6.950568782611814	10.431115255062423	8.11905619599104	12.146654158982713	9.909655973938449	11.531576356010195	5.370661302958745	9.71272617686086	10.674742514431523	6.9313393065955	10.049261993460822	8.01992437994705	5.886965524226041	8.338019081284337	7.934016500214896	8.882959791432661	9.181673930306161	7.748489163985986	6.262645719368623	7.249613982679705	4.98386342042501	11.812076946915376	7.124808230736013	4.9031198861431	6.7343239500662	9.272371379122388	4.204030950926583	5.592212439627594	11.8513277573811	8.993293485620214	9.814410382558092	6.304693005443232	7.574494137802408	10.184637281332241	8.67448214612625	7.695487404715155	7.66412521543955	8.753261723949292	8.003556850039882	8.419541582386154	5.292397291863018	4.837710368311684	5.878704524120783	5.491963048337125	5.928583887798465	6.474866028762565	6.653334728873357	8.150003287999942	12.311860192651917	2.9735868351185735	9.598812923532776	4.055649596684447	10.263240704991563	10.091636645571189	6.820401005288742	9.601737463124985	7.07567931393279	8.88023966838073	8.060489533258668	7.196983137285907	9.285814549289464	8.317436226736465	14.261399790678263	11.705123339363972	8.627881759976582	6.466807783516245	7.441583939305705	12.808680076212394	5.208564428691194	5.014691139410238	6.474014980374402	15.370044500303363	7.035311283396369	7.764497911889942	7.866431490156536	9.08965652732552	7.947531843843565	10.185665104421815	10.69142008439174	7.674141426846593	6.8807132316783335	9.094393468611221	5.157182681069575	10.595854936653302	9.189968109751472	7.890516312222654	12.703580997109645	8.708554479261528	6.155593199802171	10.689063364068184	6.9717331884236575	12.35595111784448	7.765761851113811	6.785027963009698	7.157559214367634	3.989390254244459	1.9471709404499356	9.059500758746273	7.146160487817061	8.703422794064751	12.880616530205979	6.702418527734688	4.819114409255097	5.077885613580059	3.9347492816865115	6.076934841337302	9.747794469164496	9.348810459476251	7.934171150797333	5.7565502593397415	6.911710247850211	4.24714031033106	8.834445703382869	8.299571810099351	7.360206177055338	8.634588694049869	4.703558512804672	11.84280502689879	7.556203915213433	3.9117484177029875	7.8750514250768315	9.531521960835184	5.434637074193453	7.917793143392282	9.544916002682665	6.932112870957762	10.320360481490972	2.8333932258687966	12.936751990553098	4.787972883114413	4.982301904201457	3.98340782887364	3.7031724896093166	3.965233052028976	6.498743536617409	6.182611228129136	7.063261229027407	6.781143715318997	9.914719136014549	9.830165973873319	11.181177522311541	8.805145622276706	13.24484683447654	9.117424827113835	5.878639767084698	8.775664985387765	6.860989600634108	10.38279783973234	7.485279502665898	9.848121549568669	2.5724981350281984	6.038440354485571	9.374214780619097	9.183220075653605	5.815177020521273	8.731956106403324	7.266625596892172	4.909191450321886	12.178490691632923	6.649160304386821	1.996624419026295	6.531523805081298	4.986088237810193	8.400892897182072	2.9627772850831806	4.483849293549953	6.930873477678294	9.166779072331558	2.8786807438702744	14.039127377094879	12.585062224874173	8.672710208381492	5.290807053187084	5.868792743998431	9.26702609330886	7.882958269710282	10.24744037382427	7.534231861397218	5.989241549542534	3.213932798821338	12.27243848840564	9.37528121678561	7.375155483300793	10.926357709815527	9.091105398614738	6.06059128115002	10.470413549556707	8.272979795379241	9.202063044835493	9.779159036134349	9.853508213998216	5.007507906712776	9.858823269319911	10.655306647054926	11.970439075109546	8.98874169036741	11.575426394447488	9.65405839492674	7.788722677815406	4.0163297504105415	7.963456492861357	6.766366780047833	11.341078705406215	5.9683144450529815	7.822336176682798	5.129445939965624	10.981835644011808	10.95616746951521	4.88869707576057	4.978526800636648	10.820477532051008	6.79837406105937	7.682962818533686	8.405698410173663	9.796576679581175	15.385684976595353	5.70980102293911	11.762565404313206	6.833583183059606	4.540186138766117	5.863604525691652	6.896022151126778	10.660445473160483	6.878295555569196	7.703037594452794	9.197169368608753	12.075714280290592	7.78630812139267	7.933958748421122	9.380973941806008	6.479012915100358	7.719692379620812	10.676181791008487	7.8835917311572095	4.412300062866279	7.23932068162347	6.557433212823279	7.998694779597078	9.757922304718225	7.717089510481387	11.51841607520497	9.496270916164187	8.885882772508413	3.9888933753543743	8.472814801563452	6.052234198482805	7.5844028804908845	11.527679617925699	7.349898713459372	11.275992530780508	7.324779703161511	6.967669418268242	8.403223398915923	10.150239200756237	5.656519178338357	6.954624340449552	9.69285606694471	6.8683900754924805	11.752198120823197	8.186510542637857	9.430062784323015	9.077516785347123	8.79636344859498	10.329868097853536	10.102733461250137	4.0941535065820585	4.899196022321936	7.498683809438349	6.71643285890439	1.938498148837506	8.856409338366154	6.7751721299130025	6.637783809660886	6.098943675159336	8.698288591095688	9.131015084384513	8.654822040217033	13.59241690958455	7.662948879311638	10.028621387900232	6.75647306166131	5.536754791851012	7.786134857730621	4.327824440649913	5.866849790017323	4.928597984289248	17.473006422258194	11.516170322656547	7.395822571033688	8.186444090372452	10.283821291553123	7.43049330244602	6.550059760385345	8.279326445656853	11.645137118643994	9.443681638719797	9.873245474341006	6.132849546697619	10.515831089691396	4.925437222319831	9.050506185242236	12.022153773906615	11.46161160428308	7.924260337112353	5.998888439893138	6.797501841811461	2.9582773066984833	8.628107332287433	7.232388243359086	4.200304948429349	8.511261978320213	8.923794560222124	9.76479007632554	7.843461806890086	10.589594769368345	9.108732368366475	7.772359493483443	4.005687813775894	5.808399418263752	5.026934880370233	4.685514845615229	8.638440995960432	12.434516662743345	7.869357878600632	8.08687968014131	8.888798334360535	6.531471848218187	7.821282933363107	9.648562275298652	8.970220634601219	6.840097028516847	11.334539874206085	4.868458664608583	2.8880085418799184	6.5947839063165645	9.022119770238234	5.462470096985336	8.431097870338503	7.638595309928839	9.823967182665506	9.94974206049489	4.784124404155996	7.687791626219476	6.763905290087866	6.702215044505409	12.72274859988413	6.766371966291112	4.205457170279353	6.776382411155122	7.79371986695592	9.49695036378789	5.2354079282618695	7.119108911924613	9.851228028758127	5.502990655363623	6.215530351146267	9.83122221591118	9.547921124622002	9.936936733548718	6.3713977973849465	6.182985972279078	8.89970326707569	15.642561946309963	11.396351225454723	9.116164452066272	6.316006723187997	7.546688751565128	9.136395137862579	8.361188409702482	10.763160650556518	5.250738925120884	6.059094992145876	10.504994421110192	9.100904243129596	6.486947383117705	6.761678167212926	10.348390181146554	5.263293247432173	7.750819591477729	10.470022647537094	9.164432489409668	9.088847077328126	6.88882184286128	4.9606133922853255	4.491813398595375	8.608862404142334	4.217526028038808	8.277773285946427	8.943748184605742	5.931301535888863	7.261923376004569	7.066733002993199	10.047978001169584	9.778324446887218	9.964270425761155	10.603025425127962	6.860697796218255	9.371966949025124
G6	8.853469941630859	3.2456746386959465	3.2088050759930735	4.305942220385054	3.2874916947202437	4.937159839233384	5.909552819969413	3.2532212265584417	4.6149005547235955	3.2277895187330894	6.666234958505269	6.975972624087865	3.6819472065848866	4.891096218768742	7.801742583397148	1.455241943441206	4.859215244653666	4.06416995331065	4.6269033159621085	5.031707956509744	8.560355586058696	1.504276709678573	1.6820257606194837	1.7262827831302632	4.23073928889663	2.985170957549616	5.447715380998387	4.519456153639684	3.509587262562199	5.140376699607371	4.275343136958379	12.517071799887624	5.0645157893961885	5.763936465070459	4.054378421925718	2.6155455860641066	6.516597539623093	3.882615191729126	4.119884963172643	4.895973680460463	0.8143952194859203	3.171075303256844	7.691404885600763	3.1225592611033988	0.979439935715522	3.853337927321144	2.7102275049092044	4.784900244046073	3.074614862594726	1.987356173574189	3.970212661520318	4.999800419708256	4.5166918367234	2.4095392593510856	3.8699868551260375	5.621770067170717	6.817563807249389	2.728697405293914	3.2073276147795395	2.6967460872616087	1.2322689845693395	6.533043547789161	4.976829386804479	8.205315260350291	6.912915469143315	4.826239757432137	2.959861059300774	3.926031139833176	3.9937529022075924	1.935110574650118	3.244548419548805	0.7852839126504847	2.4601558924994924	1.6592127393609755	4.143930575102397	4.849878697270516	1.1252316183670146	2.806943827280897	7.640693351474409	3.3697143191092294	1.8614943583748675	2.6852826252334463	3.5309278534466695	0.0	2.9612935179497186	9.260512106793385	4.460311921682335	7.910821796011625	3.532999166904467	4.680143451899428	0.7060518632041627	5.114117772346364	1.609032916574896	3.114789075803552	8.036449321140196	3.4079982782478537	5.763786924955459	3.8756641620233694	3.746648965170285	4.041659685106083	2.719992312550032	5.215315330816281	4.105517607804842	6.166689185030188	4.863769224859396	3.879609882145919	3.798467871585873	3.185018667003386	2.5502366060268695	1.8617543598235755	3.068955050319811	6.706462918850103	5.727248492748385	2.927877526846154	4.816239470766819	3.959508936361408	8.099531118946787	2.521676226855007	0.0	5.76859417878378	4.767337366008432	4.27042730374932	4.056540079894906	6.31199823770477	3.975520226877131	3.154291253549063	6.974584100857734	6.933597153787035	6.171318785117839	4.173355251854733	6.284165879038346	2.8739632400889015	3.977617822454079	3.9011776406356624	2.9533650366572353	2.000493736019294	1.8383798483464082	3.094641416045575	2.9879450390218296	2.26949053746956	3.180064559149994	2.882896688531374	4.64226821425949	6.709069812718832	6.160985022290936	5.603781480789577	4.513693144879989	5.8938434249687	1.2818502449154192	2.9045952599324147	3.416341599916496	6.7931978706055505	5.641676465850299	1.9269313145543852	5.563535100409505	4.255655764609257	4.620617716458727	4.733244442634983	3.5229186564434896	1.334466727732579	1.3945568909733492	2.698415250894838	6.1178386994556	5.600149753074816	2.0875696553100407	1.9176160155375612	1.9713764947898416	1.6964581702009924	2.3406258376144327	2.330882600654513	3.615897397120133	6.313476343035929	5.5574112109058875	4.655024498541268	3.181053102706844	8.238327998706763	5.719677587181466	3.853761797108122	1.2752706109584264	5.770443075271539	3.126757723883947	6.047193924930312	6.019885436317744	4.798303501380282	2.8757151756939767	3.215770573299878	3.1848683570260943	3.4951084815668136	6.49658235528642	7.90520231968203	4.869292946173379	6.4044846652104015	1.7080268705468202	1.7240019673148284	3.9765854856755474	6.575483154841896	3.169721936766512	3.1817270233764425	4.887293628348288	5.017735836305414	3.37706699767954	3.2585751359052653	0.0	4.78391097361047	4.288774813634824	1.596862248363886	5.8589181197842075	4.9781454842144175	3.8181237796857808	4.884592791890698	2.6385076579759197	3.993929188938382	1.5138971101123615	5.099779716379868	2.894219600737212	11.075846274501798	4.944938983274872	7.586727526130675	10.903483963945028	7.681301884656035	2.3704734102846055	2.983762169932706	5.034892278687301	4.905418708037309	6.877788790842445	3.567939533086468	1.8255214332104825	5.329243512528435	0.7200591977929617	2.5969651660029354	0.6797069902937313	3.1445340222575666	2.3974749411696337	4.330532736995846	1.9487365870702158	8.371896983794176	7.163466695147946	6.787037510044908	5.531090456448388	2.2395181573139142	1.1843486053301715	4.01776765251334	3.023041645391629	7.639463186163666	6.080259929994994	9.04941678322396	1.4328984887500382	2.9913021043908095	3.072770982716974	3.1688732554993435	3.1521503268748323	3.227121718948697	4.870690354921439	6.019173092312843	1.836572313011586	7.712744563656957	1.6810184405515518	6.161694237530211	4.002506078090265	3.904278623700411	0.9964076743381897	9.737996611943437	8.85340806839229	4.723811644035353	5.6264562450170095	5.06550924593645	3.589672492219461	7.015652071226042	2.114132547064784	1.60641156103954	1.9258296057647635	0.7797176724589613	4.45589619007364	5.47381749264994	3.994695569945652	6.801187977709576	3.1918419699448877	3.5478521830586076	2.962372555911039	5.185562772251105	2.357976389529537	1.9989417287122775	4.198594257420859	2.115476238344631	2.335251117453367	0.7214128266556219	4.3545660810197715	4.334621819431877	5.028740192079666	4.872072169171118	4.577394877019544	5.777150002208858	1.5951614624375283	4.91828182700659	7.31689181576946	3.9093708105628258	4.1896874279059775	1.9912902364071752	2.9810764597025727	1.8052161912824474	7.658280649061358	3.2194856278906507	1.9482119471007069	4.0835252082366695	1.9273830627093813	4.929443400070041	3.389556366566252	1.3982494036223359	2.3269430474957744	3.823622439888349	4.100492319867406	3.807851785079251	5.282087569877441	6.411940119899162	3.407213352158373	3.326727089484774	6.23280819368219	2.1331301203474973	1.162215120541169	0.6874681145227368	2.6057325565577822	1.897571740597955	1.7719781849790066	5.977867611723051	1.2726815141246826	1.6155229453358941	4.112164605969022	3.898134604140618	0.0	5.250515584270294	6.747971534676104	5.979876321709334	4.316263295309779	2.288249389100888	3.891114514130283	4.934748928116312	1.961508624576281	5.85576641565528	3.241696707808463	2.5500709160702133	2.328817894961097	1.7565273683592308	7.736667356713243	3.036033182847067	0.0	5.710867092110201	8.951347203041788	1.9413135921776181	5.080126699493603	3.4898941556625207	4.730256445330235	4.202221431608833	3.0079656723168826	7.346244333261059	3.668190996713789	4.468136627577049	9.854752885087692	3.0100369896641985	4.0936159370596945	3.756259362790053	5.967095594648017	5.574713308006464	5.91531999930073	2.670928404191833	3.355518003204864	3.5727169337290268	0.77903894728054	2.019826715732712	2.5533833126253227	2.81116486965163	2.3251105006854402	4.293802687874288	5.59631774329819	2.8926003061850256	3.1111411149773556	6.6684620026996475	1.4478829324287765	4.570322626765759	3.5963880531930017	4.946058228156235	6.916698524809362	2.9238952483421534	3.8034256615299635	3.1277399642500407	5.434343484893812	9.569885613273142	4.111499813937646	3.1337977585720354	9.57204636120696	3.838851232480726	8.411629195448883	9.329540670836336	0.0	5.966202459190162	4.069714318656353	3.1546697776002635	3.977162888077186	3.797486013135167	8.719101543413768	3.174372873478903	2.2439452467753345	6.4842492332751105	4.8992312592276175	0.8398798597758996	5.891122476214131	4.087026916203421	2.9857943785951484	4.5785120644103525	5.4883864737618815	4.114172409059303	1.9331579147745663	3.1181331710146916	0.0	3.6257314481608978	4.165816980239433	4.740349142295212	4.522661341257736	2.1957879178776607	5.325778764800151	2.654904223572976	3.53378187929876	5.938381473461412	3.8300731474617282	6.807171423605931	5.643649697840115	4.766544697443527	1.5424897675359586	5.90325220723823	6.723030183171245	1.5321534819725795	1.5814866155595333	3.6591247691094737	5.633637724775494	6.598351583748845	4.3039802562911085	6.204098414770058	5.8097594853773336	2.0048998172844823	6.868425040161104	6.0290217186804975	4.28958101787609	2.520237698930634	7.245545253773497	2.271458119456567	4.713916775253994	4.20868894919948	5.76608081682166	3.025330818275282	2.4736492443730422	2.5726515682361506	3.7025381398910056	5.566388708099457	3.2703655362345825	1.8887658157271003	1.9220799571764378	0.5771111086383507	4.994886949382015	5.250911893652507	2.926893960801454	5.640681069927286	1.2232062023004122	3.972624273104362	5.028135812699169	3.9010401112180593	3.2722266989527955	4.052405749665873	4.748614161002192	7.753938876261255	6.1588265812163705	1.9770661946196137	7.751818080574941	2.910654859516306	6.109018574417895	2.687818712765841	3.637910740135823	3.969019472393709	5.94123217311675	4.930794826011617	4.763401714695962	1.7060661123196157	2.8931894547387853	0.9856211341553343	4.847031072278656	4.899641535970109	5.882629526463225	0.681749691843925	2.5025302319114795	5.800399983344653	1.9330674495035702	3.843320392771252	6.278164596553464	3.7692445232866807	5.213369547962217	4.450692101647447	4.106382950801875	3.213034532206544	6.623892639995987	3.238161790926219	2.3373287221215313	2.3878358782833478	2.242388142197936	3.6370495015998325	5.141036686525534	1.5675704916629734	1.6355683114035573	2.0491858098319127	10.63046563696521	4.203072424435062	8.632453024212433	3.5338812506770876	4.776630860649727	1.9525231799766305	1.2173754745859284	9.8824719689459	1.4808544608004768	3.2029922545362712	8.053061623877344	5.018956344871114	2.5229345110057384	6.790315700571553	3.221898188356731	6.083533742256966	7.847424282715436	4.673624163201806	5.123822775369645	1.2476731483063437	6.7920038260995925	4.419853253793472	4.811075805450204	9.826185748963615	1.5886138666115106	5.177202421452505	3.038069674910131	7.3152684286407395	0.9614510631656764	3.5144836629382725	2.4548161099927444	1.8459199398750163	3.982883477457553	3.969977206526838	6.587302357194819	3.6404142439960916	1.9621871765148944	8.56484871137648	5.125327384544035	1.1412981820584889	5.641794326536577	6.783105288614536	1.986734659735557	4.897586503767171	9.576995899512678	4.372617085699883	6.961541670398294	0.9886581145007733	4.433415179092623	6.659729505489306	7.305536891424535	4.06601881981235	7.008357013805793	5.731719681631355	4.822614326324799	4.811861024538926	4.876092135066919	7.543322435593545	4.2454182374684795	1.1609773469833058	3.0667678015867006	1.624316848920452	3.108453449100332	3.8160817599853005	3.2385302770329747	0.8216915057941442	4.077029561636322	2.156165180226914	11.606858600863253	3.9984222323779752	7.095745445585512	5.5502300608290165	5.265149992867919	3.957681242625685	4.773892228168994	8.742325658772721	6.799296476755425	6.849787732474254	3.2278042000892704	6.121535975948308	3.12933938634822	1.8303536006998729	4.837280446539675	6.0225520235226835	4.868113999167497	3.8999886725485333	5.809832547147287	5.060505645128579	5.7698979300903845	3.705986197623382	2.1414280583355816	4.939134935334333	2.767678672153128	3.5046646516557254	5.100093554824709	9.597452563326925	6.995309064631215	2.9044893722719	5.927206007164659	3.229421201779393	5.109428248517283	2.206456016983092	5.840331086712118	3.6769479426129923	3.229853499647776	1.5571870162625603	0.9725646914553249	6.527266233427724	1.4043677871066915	4.117187070191127	8.627587305266625	2.099689826946671	6.852751126460232	9.330907435990122	3.7810614545103993	8.3542007428802	3.7402306715318074	4.146645477304846	4.057171679417596	2.3412864838827603	5.460863278237546	5.127036206404208	5.677493954658805	3.8855036250875856	6.611919470855185	3.459250998499106	5.815497110670738	8.672738564645183	1.1975785088891695	1.300787399983625	2.6836808134964465	2.5815265411543353	1.9517739869654105	3.098679555376895	4.991580449072618	1.9919154709176614	5.28479166978039	4.428342378315269	3.5311334426423047	5.798276649776327	1.9873679299463165	4.787759571199763	3.9865330724049057	2.003968453374354	2.875027558408079	1.4788273379916215	4.70208889429435	3.3168131695133867	8.03899133095734	4.745611857774776	1.9491467633087998	3.16309492200055	3.93450871679332	6.6669223436253855	2.1255233500874144	3.30508326786424	8.722230301477875	2.6373617254497863	2.2980187695715513	3.9757594477782447	5.946887697282089	5.001108816709826	0.5229923686178338	4.99081546029974	3.5928361822552612	1.3953111798488724	4.9482136633793985	6.120612292648623	3.6105662975096795	9.83609088591715	3.8986508476705497	1.944430337606155	2.877704159526146	4.728116523094074	5.0871788435232554	5.792367126847481	4.652350507085378	6.083360712505616	5.232384885455745	0.9864408781165865	1.4925314206294167	4.809523797019415	3.9033204713533594	1.466073105597985	3.922900436312495	2.6458783905200525	6.644160891577247	2.5807958984982426	0.0	5.92662149396417	6.096584550665909	3.007335517567906	1.9743202788355707	3.3689732804289507	0.750846620272468	9.708092558200283	2.406238985479868	4.174119254775245	6.046369787482026	2.9448992122255886	3.89597007121142	3.9519904709268925	2.4701464458763964	4.982461507576931	2.823279667130683	3.7080621799587083	5.21274935635618	5.676300667217723	7.257185134672084	5.8238296348036	3.145035019484684	5.59958092277973	2.6845225950129126	2.1483790746392106	3.179700876580201	5.811172336354812	1.5931000607274683	4.359814727800284	5.046718916290499	1.6403867594927883	1.8041662292194276	1.3892493169591207	3.742877085554664	2.414187651999912	16.63607912348994	7.2213773021210095	2.9621179473570725	2.5451900564596928	4.3999678875036174	5.602321380587405	2.771413389392161	3.8322647487660886	4.6272790059890605	2.3826200528630452	8.853452658458515	3.660313877200523	4.022801173106246	3.251538916608931	4.853791963075929	4.496292318344018	8.88966381224074	2.180854521384024	5.6334174530572225	1.6701051949265666	6.105286034266688	7.914298051057211	3.458757275278553	1.5813574446838559	2.1868066369168675	7.294754774806181	5.16228410671864	4.55673256231212	4.694554826157393	4.871169998393192	4.472516075597114	1.4011252538634054	3.9693919058099465	4.0647495038528305	7.648239660313918	3.407607758599056	3.2444838885863794	2.8571400994065623	4.814518317215094	7.496127002398132	2.949451381581337	9.636821876390554	4.888351814094613	3.8752267742408315	2.2588944937033886	5.6997275243888605	4.310492535411875	0.7540628329192678	2.2588071925497624	5.980692788775136	4.405662353453052	3.7045774049703355	4.641317162858829	1.8165362870494433	1.6472716837000414	3.0249350282332963	6.73178255215076	2.315274690785869	3.5953906614070714	1.6195255348077535	5.88184580024197	5.291243596492968	4.193033411775382	3.5767009201691202	1.965956480583107	4.605057089786733	3.9810043799307335	5.256683402217956	5.414832389063084	2.983114757216891	6.981484145079458	5.8954218858279095	3.8340925706305984	4.868352786021925	4.793756773478754	4.281939223316419	1.927752944417459	0.5980015236255429	4.859392494784757	4.181299203522992	4.1308433841641	2.6641179381841904	3.5710788666807565	4.926822707193846	2.3064947019774924	5.594963213456382	4.658942248954424	1.925315622283195	1.0613933605736856	6.874952312308316	5.194403321132888	0.5241253494585912	1.8624267840436344	5.2392639081554835	1.6517432059244748	1.389823448786515	5.996372666541071	3.935162048807462	2.872887268365921	4.995822936234851	3.2678945888437414	5.684954879836437	5.15077062671022	1.7140865717701113	3.948737401270025	4.958777093011632	4.629780267998822	1.7356266234423978	5.612967056497087	4.2831005699260185	0.6870876812585398	3.2293077123273557	3.563382762386792	4.431178857365296	5.157627486119973	5.455457882185868	3.2753022615713228	4.2250108766693115	6.92070615589596	0.9676209612832629	2.278735979956521	5.167176974491147	4.874077152393637	5.157159479652227	3.651347958568127	3.8245074237611254	3.623467208985051	6.143725888898671	3.1970166349583096	3.228305381039916	2.9235175029060696	2.9811166775588935	0.5359822820070386	8.630317984540156	3.182145854787831	3.594771489431541	5.285106318629139	3.1127989775133704	8.064531108053451	4.911602970570016	2.256116683377661	1.9868046326916198	3.4778368211011066	2.2453551048503155	1.894660821759016	2.5488598370250903	6.344565346593531	2.554868728528028	5.148360158059776	2.875965555775789	3.0292725867699732	7.78909331822588	1.9944414395513304	3.1280354083611117	0.0	4.1218859183445655	5.691830202956531	2.0928145182506377	5.543009700909332	5.462022113087559	4.776205366331447	4.974464761144679	3.4680991365320564	1.9435391917739244	7.150671435458121	2.9087643630622577	5.620013291160611	3.908263153130987	3.6529627403326637	6.646232623059705	7.109566768354674	5.914957583442116	2.701258459676412	4.999394883754713	5.416323459723667	0.0	8.29427511072198	2.0431104191915725	3.9720504767407583	4.118683343633097	2.7237693384959054	4.115944761426698	1.9931015141815818	5.828267532765841	4.975250434391954	5.799428944675995	3.4003259345836168	4.723403999251107	2.289553610643088	5.752808712917522	1.5832661711585583	9.635557160934704	3.6673009405765113	5.141503284153686	2.899544379340922	5.24221154356903	2.5996598881038433	4.869052138385207	4.600753264179228	4.590397776845722	5.794832361724394	3.084122567241095	4.830939901661175	2.4324702850990394	3.610916364178865	5.26145449040165	3.880994484420063	5.1676428259416936	3.1031200183920737	3.252380518831304	3.864842625992976	5.720001405020712	1.5135035875537572	5.145930821933055	2.0152569127527715	5.481567169400505	2.8600852216932413	4.992823133599672	4.103568265807368	4.976269022175278	3.243437064578189	3.513554446025794	2.216269103214904	2.4046535606053085	3.922944876291884	6.722995958186138	0.7154340894264342	6.227131557784281	7.830100432004637	2.9828876007583753	3.9029537210395806	1.7050885013632338	5.7237696145065575	4.444811777470408	0.7939391614334027	3.9033224240069826	2.8745369707071173	2.93467069096769	3.2235446122984546	3.961294879022393	4.228387727624217	3.1136698999448877	6.081195352480446	1.4720663050461225	6.9345766370152795	3.7893221920066784	6.369949349860386	0.7608545945662188	8.246698203787462	6.174487894673511	2.464493559301917	5.478902726604027	8.085849679426488	8.757402488099846	2.806893011510714	4.755945119850449	3.3784441119556394	7.407592748040217	4.103288366445026	5.907936594997115	3.919484536049548	1.8479455563242464	2.7433765708682127	4.695380056856258	3.2322226562178495	2.813294304951735	2.3080711537778	5.807052852781189	3.8670960081492565	2.182954589537971	2.871273707987662	3.550347924015276	2.3410363278578132	4.907492472347088	2.925977645769864	4.4308153334059135	5.298126949716265	3.1928850554141057	4.627640084886618	1.5034136897711219	6.971600432137734	1.3617328083625486	3.123478124762298	9.35256984202664	3.0211324390820287	4.026925742929372	5.662526726656108	2.007463488124581	7.485763961437765	5.831131635763459	1.9311618914929223	3.2597275466356455	5.552150489416218	5.856740496314293	1.9803124726282653	3.189040724216983	0.6862718461597702	4.910714362729914	4.320897495389943	3.3665393181071477	3.8596953305016823	2.1805795621638326	3.169544022579057	5.742756264771952	1.9568764242502534	3.730063883100384	0.6670360928744082	4.994558830075953	5.128685938388965	5.825320546782677	4.991944740130359	5.208943931791553	4.819290978262657	4.809760994510303	3.641878964377902	3.524579632760977	7.872372100637391	4.528817214073111	8.595659722149188	3.341163938769357	6.479593602406967	1.4101561402106668	3.6651907690137135	2.8703250466591523	5.234010955667496	2.1857620420715307	3.0002279943275245	2.92727396383313	6.804451804266761	2.823003164647763	7.002277442017178	0.5761908976349532	5.959658460082721	2.710328826766809	2.8370038380175133	5.650561309094686	4.179165758859715	8.992969412986277	5.360719055444672	2.2631493070937334	7.46429345729786	0.0	1.5789132504947931	4.133273536357164	3.0290672750689036	2.922845187762195	7.545794639253082	2.794672161039675	1.8073546977620498	2.1515910802279965	5.81901814619595	4.069569601241286	2.7913694506449844	3.5791861791874013	2.964323707302261	6.10848346511292	2.723251308491802	0.9687591786301342	2.173107638295608	2.962557615900069	3.452259045753002	10.66990450053193	4.1396536392827095	5.365643510963503	4.244374714768047	0.7683475203652472	2.9912203676297993	4.857782536283505	0.9927385949623554	2.9917196318435426	4.012494642753857	9.678669758233204	7.809486263127689	3.423952130952035	2.608518550790926	1.2107646650623876	2.2774824261186786	5.6748856003741865	3.114623217656825	4.890217146564212	3.625945979773134	2.4181136157368184	6.3526337340348755	3.0864334037557675	4.197520316115074	4.910747051821848	4.659235922236351	3.1812526666491747	4.1753592144523966	3.089364888166551	2.8395248187317796	5.000034457384672	4.402248132994399	5.577566122818235	5.83737450911015	3.1677591147086486	2.10540434504154	3.805897151611006	7.611595014279727	10.697443070921038	5.925732913567382	3.248148315641261	2.326570218806083	6.787963450810315	4.803851952900416	4.660494081319662	3.5778892543522005	1.6071937566003742	3.971409333487328	4.970377304302983	1.6566501097057296	8.343785193678972	4.049384656045904	1.2794069854193453	2.856499865092082	3.1321765448809575	4.946251416341159	3.8054497033088794	4.9105321518802345	3.9663748902010485	3.728194107998721	6.9793818671686605	5.958896866225812	10.667193586686631	11.777702018044025	2.4611534285030707	4.935391306577303	7.793325979862226	1.315061826030727	3.821025073865604	2.551348614454786	8.610937940849501	3.0577440093428154	5.5163534502335345	3.8776689314896835	2.8338617641620565	6.90430530761874	4.054627265110401	3.869683646578092	3.0369816035589845	6.216388895118534	2.9083144367326934	2.892897487187886	1.190197641308621	1.2051880103591635	5.258753963751054	2.9621317653860073	2.1344134882318886	2.390252216131708	4.63108100915329	4.987491207028924	0.6461201434064556	3.0549561584682343	6.5778029411237195	2.8467111607106554	5.954342953450572	6.091960552565725	3.7736935423792524	3.8737962090574585	3.6540495228556114	3.9904327411567087	4.887886860052509	7.296912838271059	3.1353946086605653	3.962735687595533	5.233894335687056	5.896023973731972	4.756707922073935	0.7415170589771145	8.975715494148984	6.824053282413588	3.704701478850534	3.3317657003378773	3.0216783136390233	2.293866895806577	4.406349416749274	4.886676492719191	3.7877864267635633	3.8662849537755073	4.905443569494279	6.251057628094677	5.74869665671188	4.025396448233113	5.820359870613019	5.657363225660012	3.275636645707354	4.065247121062132	1.0190880377818832	6.733334776139429	4.147879429409184	5.207625845598894	2.6750864796538885	1.3975425281035838	1.9878882033023073	3.675706489080257	2.419074965767385	4.206821487185572	5.4030484794318605	0.7188373621677336	5.648541292817026	7.779305366252904	2.287003728221071	7.44926984776037	4.926980129878892	7.142302470051104	3.7014458542824613	11.865435247228563	1.993052559455865	2.7801938372929076	5.474673781808122	4.112069222951666	5.7070248154450605	5.612151422080169	2.7558583778065304	4.370129639478651	0.0	7.788132758187153	3.103887802967522	2.5467307183979764	4.651459538178633	5.780660426803986	6.8275495472864955	3.8942352241232476	5.979963373789169	3.8998895805265055	2.011608820044474	3.36499838408908	5.77330300542838	7.180299771243173	1.9144110118259385	3.3802842233512407	1.6087109269483892	1.869970022329436	0.0	0.9920237964524701	2.120870442673614	3.0660615866360232	3.7951989857084945	0.7961589383820454	3.0967622161647728	4.820181250750161	3.170770334493881	4.816359983262399	1.8434162592849197	2.380313511365582	4.90158645882637	2.811293967639886	3.9288793955112817	4.831971278830974	6.036939257651694	5.950220861751144	1.981990302455247	4.948665245791543	3.3876659609744078	4.534690792667179	3.88286149288662	3.9755142464027484	6.979076036429467	1.9623064628932585	0.6439977070744155	3.4031508756142803	2.9973141813628215	4.9294653600512985	0.0	0.9834871830791031	5.452622102167546	1.2793212019857259	5.626692188576944	2.135253671243478	4.829753671220496	4.897801863932404	3.0460881161668953	2.8383299055941174	4.8946199814423625	8.921875210802318	8.73853003914121	3.009681266724924	0.9966252486081048	9.583478893624388	4.104009788571041	0.9793443004747207	3.61466223860071	3.4043753656396043	5.987880023664652	3.3901789152825335	3.4884156169202476	5.6317046488715565	7.955903122949094	6.653202418121327	5.632606281939101	2.5770542254027755	5.7098047068047375	4.883639310669985	3.4166874088844432	5.955132910965589	2.427144227591657	4.86407459596378	3.3647292635061876	8.430145151819296	5.62355090077281	3.8788252760822184	9.848888246402375	3.774115551372486	4.55559450991424	4.279461549578279	5.070992092195117	0.9965042187770361	3.865879873212598	4.043984055788866	1.4532596954937556	1.620545624364177	3.0429181294286978	2.270576475258397	7.629354608213887	3.0315695085726446	4.29353341674997	2.283997589809977	4.994760387350624	4.0482388489232966	3.7766479900389127	4.707924700139158	0.0	2.1940853601982124	4.2317274698156435	3.8675105196953616	6.150439885607417	3.3240081741985743	2.8904806509777017	6.919851975973875	6.3403522221297015	3.8031621227389993	3.9309308933745233	5.5912199484428715	1.9512253379788203	2.264945552026242	3.967905099356715	5.154115825877448	7.81349799344076	5.979466319124631	0.8556621008654536	3.191102567039572	4.916876156624653	4.461824189272743	3.2583601450887394	1.4602157183023026	6.208598541194818	1.7955400582590428	1.5859275990006738	4.390671704865562	2.7792283451865427	3.511925425480942	3.8529306537557755	8.337486838633643	3.8545026534950675	7.37990473255873	1.6672787770102064	4.6253887019751945	4.91762805585037	6.220146456770234	7.677683717765369	1.974966097893767	2.895031222311553	2.2590300443864257	5.113288387314705	4.394515335959341	6.798352279530852	1.555023359407176	8.343312287012546	0.770819448932967	3.168600102259059	2.043262920185644	3.2558543933657393	2.105260439462748	1.8345697340596265	4.159936288920446	5.860894119829132	4.860588522160605	2.1841203853882467	3.764937003876091	5.722078236858468	2.125522974758734	7.847665074975639	2.3368698552035565	1.9101266938142076	4.888738230523587	5.668781960538512	2.921750932012115	4.8486920265211975	7.196627149072766	7.929466840825315	5.195200957877957	4.544315175588566	2.1556347560570264	3.158917035100673	4.985883850652154	3.9988107111501705	4.030705434654174	6.018404324022138	4.619109478341887	10.140852523636122	2.407048810988089	3.7973414373291896	3.123129931436901	5.4248294602132425	3.9687244412743494	3.230283761412797	0.0	3.4469250888627982	2.689546478885286	1.6188717777374875	1.994971293064911	4.939085029563275	2.695197368237553	3.0651293671011004	4.962168803274054	1.5103109900265599	1.2469598485724303	2.9129259434597072	0.7203057332676928	3.4373542736326663	0.7427290246848985	2.2299608764361563	2.2860833313513993	2.8167704124880073	2.2785059084612236	3.217818415029578	3.354951937764655	1.9660266716523187	3.5165899393417854	7.240976072780038	12.846013103053371	4.831497177508941	6.4862460968199365	2.6411126890339816	5.4212823643267525	3.519197088479308	2.959393508016616	6.357759277658878	6.601190963690736	5.006966131554856	3.797557604326849	3.8428878357923675	3.9255442216279075	5.769262856812917	5.006821041361693	7.2257213469694355	2.7263193603177442	4.613480132380188	10.891215917252435	10.435773685260239	3.443873351090669	1.9425048962477784	3.514232162918387	4.111621060585392	1.1213954646577904	3.0997948190181415	2.760051565572966	7.957475397976089	1.5591730005917734	4.078890522966961	4.095506821116276	1.1850451934027442	0.0	1.9664239599323532	11.200822227183528	2.319689274873877	2.589230587968346	6.0025072622732365	6.385103355814152	1.6682779224432618	1.6880583374415548	7.360784933272571	3.632832405042355	2.9006664040805155	1.7943938239161616	4.973717911003101	2.9707917473856167	6.4755167074570466	2.0895978829971438	7.943976489980027	2.982540897275397	5.190898914516978	2.8861078094490025	1.9171347714147915	1.9460856599265937	4.227926119429116	5.119500669052431	3.9468925843118794	9.866319488154863	1.879221021601648	6.418548153117595	0.6403809305337017	2.5596323904648672	5.025889991853163	0.9633577619227633	0.6195257889371144	1.1095548572909544	4.773178320172532	7.974347120105285	4.06795809046306	4.758436337777189	4.0534196934387765	6.507219897521971	2.643423966760301	3.2149216241481233	1.9287424442434784	3.8852296839201426	3.208987019228742	5.726492826163859	3.598860609455092	4.176374869486379	2.913521194979157	4.722652245615901	7.984391873658746	6.729952389427876	8.849267906561659	4.360331745831188	1.7433579145750748	3.1186293371035	2.9741646069528502	2.884759993674543	4.579629965526101	5.1261534212664	2.829380985195926	4.813768991734563	4.549632196787148	6.312125099909961	4.575096377387606	6.9187086627633345	4.707192662454777	5.054652644147713	1.269242626006833	8.702204786438246	5.806647930534379	3.100657296441753	4.918175302940683	1.4633171325040975	2.692392388099685	4.9983690047851015	2.959764426154106	5.7564714267841035	5.772850271002801	5.695684083359341	6.4176355215437955	1.7325379152823228	4.017642838761848	7.990362616035673	1.9088771369118536	4.123316868261907	4.035494597384012	4.29850918723206	3.652029839116974	0.8484560140936568	1.55579773581411	7.456822618968973	0.70345667618377	3.8131079782605495	5.5632495783856255	8.255423996062556	3.9974471305629886	3.3055860376468704	1.1310124302833067	4.149974771675624	4.844835316396392	3.2071543505639406	6.2542905027554	1.9579203365826092	4.546334812089901	10.960162319856726	4.549308487763315	6.732877760286545	3.4972783915714203	7.734458608182613	1.45650104408211	4.877893610801445	0.9651621666930488	1.0103410179086152	2.753246756314667	8.117265753280758	3.95178093722396	4.464523104215064	6.315338283202936	1.6557846940851717	7.622587369435856	3.0437422316417395	2.2161415693784905	4.005755611848268	5.791023441430758	3.239546650609955	4.782036527949569	2.3425458670049335	7.787252535720897	1.9418274226462622	4.98242953979922	0.7631737694292473	3.579672192497766	5.199289581768948	3.472948627167774	4.51980279657238	4.510359151156202	6.797453588924559	2.879550839449035	5.242587519917768	6.989613415231767	6.228729675842369	6.547995380298626	4.94692771636008	3.2161380703559557	8.574152638076265	2.2522296623595874	4.567894852154399	4.9069823221992594	7.107291495724374	4.442154567659285	3.616997118469366	1.8456632471286014	7.316761363882261	5.518981037169037	4.429401813541023	2.0811544546379834	3.602577963760302	3.2233481573136564	4.926398624127973	2.8838856099937673	5.877180768747375	3.02196576866662	1.217761189320487	6.000178310615034	11.535017324864185	0.9714673017046462	3.2239843807499113	3.271191800763754	6.4775097081717075	9.976263994197659	2.7136974766887616	4.017926792738849	1.2622510754673766	1.746543944829505	3.7014273758425222	4.072999459938873	3.8339930837653173	7.235936618226667	3.5780883661180023	1.585102668084343	4.8478480095581995	5.035182581160866	2.897960168225378	3.544683885866131	3.0953869325965817	3.404567714427434	0.7831309138986055	3.308179938928697	2.5247380693923347	3.6580271506978885	3.6031694464042743	4.849457327414959	5.776084424783039	4.541725254245748	3.580661387138105	7.099879016108869	3.626265067334663	7.1371244199324915	2.4307742374598895	2.656764005549633	7.102773139719167	4.791247147142004	6.063921756967778	5.143852276009507	6.398250224134008	0.0	3.868483639424565	1.5969892096271996	3.951155888236408	4.752866241332312	1.5419651422145224	3.7717977625847046	3.293002772440454	3.434479114485533	5.809663778213969	0.8110916623216822	3.1884265835125305	4.917772084616223	2.9764134472110557	3.3617790400452505	3.921604886462653	2.730459079702487	2.9561896269110557	3.1744062656108283	3.2000822596593923	6.864950952564506	7.101053288908651	3.6224296972118704	4.34846610604976	3.3831659453265117	0.7492952088369369	9.83329339490375	3.125404408960375	5.978807935045785	0.9866554089200333	3.9906965120688804	3.9760308217967557	2.08553670623695	3.3977505792748555	7.811064532112363	4.351819938786049	9.036437915775522	4.046020283214553	2.5838847646924195	2.563274596737662	2.6104960177725607	8.827700541296299	3.5842365353743992	0.7388335085998887	7.296911745334819	3.5558723237281766	1.275061004916267	2.4551411700008288	1.2593549055266173	5.90204940024145	1.1257191183822965	3.755433660158927	2.707783196152415	3.2638700662674185	0.8049770345878682	3.49191754559475	4.08082015294111	3.8726066393441885	1.5242426947841743	2.937141638020853	5.72042635971792	5.8890801025111035	2.888173785195099	2.6523140208432605	8.666314949253808	3.831748395832201	4.116399610765524	4.706869760129908	4.2988207075852465	5.1970818731140795	4.930242719016167	5.346711745892198	7.687037791703239	6.753332375092374	3.9521047860199627	4.776795727206191	3.374179646660873	2.242692213360701	2.956977228645065	5.821899158137879	2.123302176088292	4.286793063348975	6.930054247066043	3.7986255048471036	2.178840688142938	3.1306665236049893	3.267893844520973	3.23408114483577	3.6851983028869646	7.766042077345641	1.6521497422051519	3.8213990414857864	2.6297690753166325	5.298143088464672	2.9975047658275185	5.568310533149947	4.767408589860881	2.1287358594072425	4.291013589805702	2.974034586743202	0.9631010632768884	2.4647449069394964	8.030984871396347	5.047694322798424	7.10053809166439	4.3293082643443155	2.7947101551300872	4.920729908651619	3.3508081965415135	2.9933424773449318	9.650605755443154	5.451250238951911	2.808376463023925	4.568877791473315	1.9536802083855132	5.119876376866361	3.008652166737585	5.151779740115927	4.377068784623562	4.355932662822896	6.822016059737277	4.85945876971449	2.5455471729122787	2.2126839387130306	3.1311305376115355	3.992161938257338	3.459786519868005	9.512364778604143	5.473565785405512	5.61878457900748	3.5336068064203516	0.6515264848522503	2.9548730622350075	4.12515724109968	8.748529074968419	1.925385563792314	5.854197533207079	0.9679521915269682	6.828193272996343	2.044746932325955	1.6413660107374481	3.5882061420109035	1.5800248837230833	4.924406248278527	4.890659228782046	2.8561537197643414	6.307145673414961	8.61060591961301	2.8716055627339054	10.310884503471579	0.9828058871393761	1.675847468900699	2.3293873536366676	2.9862458319082026	0.0	5.792848556320567	4.1791778629661795	3.8407601324243656	1.4895949591516522	6.68467880305397	7.134709013881858	2.4195239354150635	3.215189560467816	6.158619555095553	3.9008981050734506	4.448167643942698	6.817817337152144	2.4067765875300355	2.907757429700947	2.756170686688629	5.9254469972136805	10.02862866056991	6.420363203511911	1.544427723990703	2.145358593272239	3.1808467853974163	1.8998870751558086	10.53184770176615	5.536634735584574	3.789282121093095	2.025507146707964	2.5756634814561994	3.2214800004954833	5.910828983003227	4.707953591399897	4.9893359510562725	5.9482281227181995	3.76572388823354	5.703070524080418	3.9482459339075064	8.882170417275232	0.7633491917944766	2.197727188894536	5.512360340270609	6.271259313364509	3.744994626226443	3.9261837910776323	4.860683212881859	3.6784934972377927	4.766330572433293	3.2080930834776686	2.375997424587425	8.518528032858802	5.893117511402325	1.7111119013614693	6.531498757620554	2.9723216785518063	3.235348311985027	2.0977035867536977	2.439706337028373	4.221158083473012	2.7257305076979925	6.403507665690344	1.9403026674599162	3.284687016018074	0.7274866087551288	1.1287047259171128	4.193080652064651	4.463502564678109	0.786012675772616	4.156892080672689	4.520358719625699	4.7962664705978995	0.7241169140820275	1.337820660751468	0.6475169730008609	1.6874145202439153	2.7782902281092205	0.976149187490462	2.0635564493848673	3.3837212412110387	2.683595557399918	1.0794045561079368	4.85820243928725	2.859831338907879	8.669788852430832	5.68651236972568	2.5820227891476146	5.804309061108955	5.985105318312134	2.11332424520807	3.1619878398700583	3.6802322592482795	5.914347313279787	2.3738688221463193	7.360133361662978	2.325269350959414	4.8528694293203065	3.109762249827698	4.972642570601676	3.82490868783562	5.097717258633593	3.7151737986996136	3.063365431407879	1.9739520152895635	4.977799245012382	3.977265941908061	5.268500893853329	4.726944882456312	3.1518487392371686	2.2674471581183666	1.9719962617008946	2.321595774696866	1.9238397958224245	4.6300219451076305	4.587236418834513	3.1329753379464527	1.9433365385050534	2.8668541168967194	8.326833974586958	2.9350855685096238	2.2314536313186033	6.932531729538275	7.393606051345611	4.9411039815822395	4.5491547827099375	2.2935809680582913	4.681115635259327	4.174997214777352	4.444405133218332	2.9918225682542023	10.903434355215484	3.7382303243418074	8.772428768937797	1.9508217211954197	3.9405432716661704	8.524112389681132	2.3651333227291658	2.837998727413903	2.332030310402673	3.9599612945943483	2.411415931939672	3.497266036889159	0.9749640072032374	3.1574192048504175	7.75117952118326	4.774085057296047	9.68324202029192	2.607224570295259	9.061562604391447	5.851132338770789	4.8673900764696825	5.437027026685746	4.916914259354759	1.6915697591935066	3.9014594058859258	6.721565700158652	0.9963653058512183	4.794534190891831	4.271829974415134	3.408496397847412	2.522809761792866	3.878448439758499	4.797748483702603	1.7672750670903519	5.646190875848912	4.877002282984993	5.334591338037877	5.401927193115243	9.712547969647812	4.05719847080061	5.072176235509769	4.962679828845299	5.134831354880001	3.6449568738978315	6.128120568810281	3.9751979529319135	3.6064163527588406	3.2372497544455707	3.664654086499136	3.0418088823920386	1.8431304085219362	1.5549183150939672	4.747757411814274	3.3575775738534084	5.201788289704476	1.5072956376715438	5.530653858833285	3.9768754799276254	2.1423396543299518	2.9288616340381144	6.235850074656485	4.873401163491457	9.07008140082394	2.5312304928676133	1.9889378104862978	6.090082351852035	7.307882780757133	4.835711433269094	2.0941533342213288	3.7899015331009522	1.6866406713336421	7.920754331654541	3.5051699363320465	5.318725473343011	4.529291451983954	0.9820061877134574	5.266986137729307	2.819168869329606	4.0406764173400695	4.731533736580605	4.61843301417745	7.684347811541898	5.977012526697584	3.0282644904101232	0.994130058713906	6.827979488886111	5.246271760535625	5.3637484586110595	2.377398892631276	3.8518145487677447	5.830489721522647	3.0750991296068766	4.65912762544671	3.0034479126443236	8.4582390935931	1.5233985062642217	7.839986593144471	4.044149853139628	1.2975792937163537	2.398376842129374	4.75323455968041	5.790366285498453	7.015369901429587	8.788211404539142	2.36959239022457	3.2539601647439906	6.978847763533559	5.880849025121839	8.429247817139984	3.4066703158386393	9.810435000327733	5.448082791327014	6.597818552858974	2.970117401543409	4.401555929234237	2.7971937281101025	3.399930627861793	9.875438225358142	5.981628785621124	1.9485742320950366	4.941179431430181	2.884850719611495	6.683710985359698	1.6185862417778667	5.921966771980263	4.596222145771673	2.1164828682680095	6.862386074848508	1.960414725366374	1.2615395012391513	5.06535552148037	3.9937545414629776	4.8500892106296725	3.9116237733007795	6.301981013409951	3.7851292463424033	2.6495016500725423	0.8085028081039778	0.8316337200540466	4.929615676465087	6.063796957842593	2.1877469874032207	2.6849068860394625	7.147880595018161	9.611555282452473	5.073723310499497	3.9838678057418284	8.003417344740235	5.907759774847697	2.8627032176373497	4.370835804573858	3.8861343348243644	2.8772624726012097	5.402031839976304	2.1738184094565014	5.8122606169502316	9.694315979664953	4.2173364380030725	8.872275082456738	1.983101821092937	4.975424013960204	3.941382811024447	5.047784243143229	5.938160676471443	3.0384576688694507	4.630890764523646	3.0836143184238742	5.723565752567518	5.93089718604346	2.804272476890348	4.280617837151847	6.947609953853329	3.6606147163694924	4.0462379607767724	3.317330783768408	3.8920259409968416	2.5334704722239234	7.1964169251500625	2.4277008753687737	2.65512876217057	3.4150451064245018	1.833777371243168	8.296509584746103	4.943936291281637	0.8486370687224567	1.9410028997264528	3.5443487464316052	4.076689786928511	0.7888558207236701	5.846103968808168	0.6603689883322208	5.9488424187886455	1.976687935365366	4.383392848056754	3.8968146394418683	3.0261030938263325	7.612383872441991	0.0	5.685589344532456	1.2912157538927187	2.40799885585612	4.791690624828319	4.4915606171804665	6.786509523994647	1.5730957790196514	3.9413112987147607	4.151469281492041	2.704054392563235	2.8901542554784023	5.100559811784881	4.063551366566605	1.7060491030065024	5.3316547800314895	2.6491372782460934	2.9048632759639452	6.578562064709952	7.720109771752901	2.8012737979437587	7.687048582172839	5.6677439169199655	2.960041521061971	2.9416270260333164	0.776553407134712	1.2874737165722523	2.982147702702891	7.7967573250452595	3.012371711557703	5.802654117076731	2.499249206661714	2.9927440264173293	5.1334884751844	4.264225823589196	1.9189285916045293	5.685563363748151	3.7666081929662343	2.8966905745631477	5.001599033202425	3.4427737401816016	3.5790437597329214	3.310074849563193	1.5495577923396846	4.066777150246183	5.1988272251468	3.769164682052374	4.3664814526542655	6.385447781217992	3.514656361870734	4.841969867697228	5.715387100173068	3.2083005082346845	3.9540914277708494	8.917367330106726	4.80396183789378	5.001511404853555	4.001415713042397	1.295337303691036	7.920742518765125	5.5305017670500325	8.567020385854127	7.505515206423027	4.000672452315043	1.9363624381230296	3.0103909353765714	3.99969990804326	2.5817323120155526	5.688141912133024	3.9079550691460256	4.0330684945990685	10.63395239752022	5.284617104431197	6.379417256394523	6.138027372740198	1.6092209127455708	9.82587392275023	3.859566412979969	2.866624752163439	0.7534934419176236	3.273311432936706	4.0096167639268	6.185578588078633	9.186561637086609	2.0865533090883184	9.289582038698317	6.695540740354535	1.9659123133125587	4.489675340570751	4.184512827356169	3.1354187739387034	5.131374890736263	4.818673107819944	2.652151371929286	7.283044818711847	6.685889639087258	2.8470240549205004	2.3424793905111345	4.925487304687916	2.6851631877283775	6.974768153290614	6.112554778322068	8.930369445264178	9.880731688992656	3.128805432944734	5.625484316972946	8.172799554634652	3.9817958245205696	3.8988212394079027	6.375664476154706	3.4640510589859583	1.3135849164933486	18.296073170137195	4.010364569005586	1.7971839279432131	0.7133649754182222	5.169547474693866	1.9791130780129236	3.5077066230955998	4.791210899428351	2.9840551905196633	3.164035008409348	2.804657896570036	5.873384953217284	5.236976587402199	9.181777956210519	2.0382450189310406	2.777459414888792	5.8921450468653225	1.874245410090381	6.2028262033810755	5.634337650303746	5.314246189127225	2.8799919080484067	6.654189717074448	1.960236111040763	4.381540657248511	4.47924420240199	4.176082204386896	2.6765474959595568	2.8723317529073635	5.706499213607111	1.2475516517895442	2.222107741869305	2.4808895424962265	4.340718615683282	4.701954090279264	1.157408421380509	3.936910997195657	4.903010794405432	5.2802009107485475	1.778974106225534	5.320861331525988	2.2683622847910447	5.120032256643101	5.0766174815944645	6.498460518128621	7.534175186778483	4.8668813541214595	5.064085919423825	3.123061651301618	2.7251643843436772	6.089630675606199	4.15707882902226	7.702114698746233	3.4541806865207483	3.18553688786216	3.9022329263697837	4.339921278222728	4.519029846978807	3.7499017523211995	4.816821979985674	4.370668923277954	7.953886206281826	0.8194115715239894	2.3173555609701304	7.267113061335114	4.8722290534671515	6.785754416425223	3.988024082214128	3.0113569711353136	4.3311894370001465	2.269470496439065	6.781202916590947	5.5140642653526415	5.5875729755693495	3.748305825685939	7.610470038136975	4.803603091947417	4.96227124765178	3.1372216133773656	1.40078640843961	2.4230555710785886	3.942975455122027	5.2610810154685295	3.881769825119677	0.6461786470639981	0.6879284238730489	1.595631699331725	0.9653882341130184	1.4620911296095438	5.744738553783888	5.661563382459458	3.9705458854716693	2.4913620575257105	3.807009344173691	3.511211392574749	4.881817053706392	2.720955572888021	0.9898364482140175	1.7288648352423273	1.963657115627853	4.82950084346359	6.931978864111066	5.510258983278268	4.447694671725381	5.695310981045956	3.833362787008083	6.783718028399205	9.077805733720458	2.968303561077668	6.073790599435963	5.214410552055302	1.3159415222908069	6.421070117056752	1.6001770090773393	5.833885145738423	8.310439513009602	1.639135242426116	4.9386317882814605	4.843789461323362	1.2562810870942522	3.2302734990074753	3.950424502592621	1.3982777593130564	6.613825126266112	2.6001820743858683	13.528942305520989	3.674153306276781	4.119714159131328	3.5319606253244604	3.2663111583143936	5.263459862386561	5.934263739455688	4.760295689619929	5.303214406122104	5.8955610573679085	1.9143945893005643	2.4803919702717736	3.7350378948191154	2.5354247836543395	3.1980899533894074	2.4722262478228907	1.8184839132996713	3.0698086487897096	3.2267807349150153	2.0615870799497333	4.927509302661918	2.1770960344494714	2.9779942653207336	1.6951423394152039	5.853411661909303	0.9639781678012207	2.86161924475644	3.569992126764088	3.956073536383328	2.900454909595187	2.9508390661590704	3.076933290730379	4.857802069795839	2.7673199008286824	2.008780734483343	2.895853761331909	6.00261020573103	3.0148607161798595	6.934048147571307	8.986897848711255	3.8742966908735985	4.577722576029431	5.690729966022819	4.865003162498584	5.972215501927465	3.8739821883020826	6.7827991422818945	3.408017973822625	4.030323973993198	5.009789736490143	0.6170720218004342	0.9662837744624933	5.583983354520744	2.6983128097314064	9.222750630198638	2.969191102404583	3.761100029247183	5.755743664209782	4.857735678687448	3.8671183816366477	5.641348184920861	3.261256232187847	4.532821962214754	0.7276127077610164	5.9171563068631245	1.1974343787195512	3.697246579626818	4.28683607207896	3.883152907550861	5.08261232709464	1.9998870992783688	4.81634780414506	4.691154889511514	3.3038041702778997	5.853302384268782	4.311726295218115	3.7552237072139953	4.715686041105129	2.276854058284223	0.0	5.769633768914453	5.356551208832753	4.878093224393121	7.532912258487353	3.9740449522919294	3.9215164517320837	2.8600345231988253	0.0	6.3438832106126855	4.704912910954135	0.9849241416134672	7.9489603901831405	3.0426557122109954	7.867939368062421	4.821731151022211	1.6550785479439036	3.511634437016682	5.252694358450367	6.897987448373978	5.817889322309425	3.618091999751159	5.251949595175719	3.3034414962759655	1.1215062510514333	7.716261489038524	3.3576618210935694	4.629849787987981	5.221242296016252	5.948407143860533	5.913247622623616	4.383125267233705	4.708019953089397	0.9793232695237892	2.9164366571930063	3.5174756856479723	4.398371528343263	3.4442375382334767	3.14909152415504	2.063292531880378	3.783594589967207	8.724203394361485	3.1436567105257294	7.346163330194643	4.274158500874267	6.024245454431596	6.669012440416147	4.285977245589042	4.086707180975078	5.5697783238152985	3.5718278202588944	5.926222768100458	3.7798221903518177	4.2516622516532285	5.956233488710519	2.3016760901957904	7.893418684322662	3.9250729047153925	0.6388184089363506	2.9788151925479203	4.011967405793239	1.623811239198208	4.858661663593085	4.954827986969224	4.748296146592433	3.759462912071122	6.4751507845739065	1.3343428143039404	7.921530636109143	1.2561577491826028	4.81195462796823	5.886965524226041	1.5160034693244249	1.983504125053724	7.8959642590512535	4.080743969024961	4.2264486349014465	4.87094667062004	0.8055126647421894	2.990318052255006	4.429528855093266	2.968670096140005	1.9612479544572399	0.6122112681878363	4.9089024948294995	4.904702776081013	2.236884975851037	1.3168141952645664	4.996274158677896	0.9814410382558093	6.304693005443232	2.3306135808622797	3.8192389804995908	2.8914940487087497	2.885807776768183	1.9160313038598875	4.376630861974646	5.0022230312749265	2.5906281791957397	7.409356208608226	4.30018699405483	5.878704524120783	5.491963048337125	4.940486573165387	1.294973205752513	10.235899582882087	3.1346166492307472	4.309151067428171	2.9735868351185735	4.113776967228333	0.8111299193368894	5.433480373230827	4.709430434599888	3.8973720030221384	2.6671492953124956	4.043245322247309	5.746037432481649	5.541586554115334	7.196983137285907	2.4762172131438573	1.0396795283420581	3.565349947669566	2.7541466680856406	6.710574702204008	4.31120518901083	1.5946251298512224	3.013807076755857	5.208564428691194	7.800630661304814	2.5896059921497607	4.803138906344801	4.8706001192744095	4.778152561163041	7.866431490156536	3.0298855091085066	4.768519106306139	4.3652850447522065	4.582037179025032	3.197558927852747	4.1284279390070004	5.305062856689879	6.188619217283489	4.890394586147678	4.901316325200785	7.36448189140781	2.540716199421929	2.9028514930871756	6.7711525197823885	4.275625345627274	8.580594693444501	3.08898777946112	2.7734863753977894	1.938579418002771	5.505814780282796	9.973475635611148	6.815098291574774	3.7747919828109473	3.0626402090644547	2.9011409313549175	2.862359228934662	5.3619348221877505	4.819114409255097	4.570097052222053	3.9347492816865115	6.076934841337302	2.924338340749349	1.699783719904773	0.9917713938496666	5.7565502593397415	0.9873871782643159	2.12357015516553	4.90802539076826	4.149785905049676	4.2934536032822805	4.934050682314211	5.226176125338523	7.401753141811743	4.808493400590367	1.9558742088514938	5.250034283384554	4.765760980417592	4.83078851039418	1.696669959298346	2.727118857909333	2.310704290319254	4.249560198260989	5.666786451737593	0.0	3.7239789090889874	6.97522266588204	8.96266761496569	4.761221772354835	4.95654131503622	3.4993234427939894	4.121740818752757	6.558742569811163	1.937469632948285	4.957359568007274	1.5123332267497414	2.9424151374504057	8.00467783843337	3.679124120687928	2.2793562067784587	9.085170549130897	6.825517210857151	4.749915877362075	2.768746090595291	3.742639751332949	9.14468429602805	5.144996270056397	6.587389477620623	1.5623691301031828	1.6696763773915646	5.286524564110248	4.851086725779624	5.190446854922979	4.363725733619455	4.8713962766531695	2.9551823575052536	0.0	8.980845231986784	5.983305885372231	3.1503348364432764	7.900739426888482	1.2810997981571297	6.237786129910464	5.156313228186502	12.474283223437856	8.579466730446871	1.6780082966498897	4.002789326945304	7.642276854603566	2.3475170975993724	4.360953455674758	2.9561093511413556	1.576529288280657	2.260269558419165	2.994620774771267	4.8208991982320075	1.3636042764895155	3.605877391071388	3.6875777416503963	1.638953656472329	4.89521059925409	7.1625169686318415	3.7394334105559666	5.31834415417237	5.112257247130829	1.9558318072268697	4.54777302184533	3.3383386044751844	1.5167420414338326	2.905992721924071	2.8165739000257757	7.605858353387809	6.752332063427701	4.4557192591969565	12.656674351450036	0.8032659500821083	4.977160308038348	6.766366780047833	6.004100491097407	6.963033519228478	2.6074453922275995	5.129445939965624	4.392734257604723	4.260731793700359	2.444348537880285	8.961348241145968	2.497033276627156	4.53224937403958	6.146370254826949	2.8018994700578874	4.898288339790588	2.8848159331116285	4.282350767204332	6.27336821563371	3.9049046760340604	2.2700930693830585	3.664752828557282	3.448011075563389	5.863245010238265	4.232797264965659	0.7703037594452794	3.246059777156031	5.250310556648083	2.335892436417801	7.3672474092481846	2.010208701815573	11.878190344350656	3.3084395912660627	3.3363068096901523	6.898142764762558	3.860762555007994	1.5512830032050293	2.6229732851293113	5.332463186398051	3.90316892188729	3.8585447552406933	2.742480017905945	2.967584661301309	4.936601540282451	1.9944466876771871	3.2587749236782506	5.043528498735671	5.056268586993923	6.1480957962270395	2.4499662378197904	1.6108560758257868	1.6903337776526561	2.3225564727560806	7.202762913356506	4.060095680302495	5.090867260504521	5.884682134226544	2.907856820083413	6.8683900754924805	1.4690247651028996	2.923753765227806	6.915379375170211	4.271772604869235	2.587165720174994	6.456167561158461	5.612629700694521	2.5588459416137868	3.9193568178575493	4.090191168784554	7.675923267319302	8.723241669768777	7.246153095026853	6.7751721299130025	6.127185055071587	5.08245306263278	4.639087248584367	2.1071573271656567	1.6227791325406935	3.089185661269216	2.5543162931038794	2.507155346975058	3.753596145367394	1.6610264375553034	3.593600703567979	2.7048902754061954	3.9112331933448816	7.885756774862797	1.6640958497388758	6.061142275082394	5.689094285410529	7.556717621882264	2.9382346547294635	7.43049330244602	2.729191566827227	3.1843563252526357	4.7639197303543614	3.9348673494665825	2.4683113685852516	5.110707955581349	3.2356403352896606	0.703633888902833	6.464647275173026	6.411815346083528	3.8205372014276935	2.971597626417132	3.9992589599287585	6.274617084749041	3.9443697422646444	3.9218669692215604	4.1327932819194775	4.900355773167575	3.546359157633422	3.9661309156542774	3.0514968988517315	1.9608654517225215	7.5639962638345315	6.07248824557765	5.978738071910341	2.002843906887947	1.9361331394212506	4.468386560329097	3.6442893243674006	6.478830746970324	6.631742220129784	5.246238585733755	6.2206766770317765	2.6143524512825107	4.354314565478791	5.214188622242071	4.502662395139371	8.154746031455653	1.578483929657734	1.7001809811309128	4.868458664608583	4.813347569799864	4.946087929737423	8.270276456051715	2.341058612993715	2.408885105811001	1.6368418521276082	2.9471901547996513	2.4874355151237224	3.827299523324797	3.416796278319767	4.91920384733663	4.124440027387944	2.544549719976826	3.8664982664520644	3.3643657362234825	5.808327780990105	1.94842996673898	4.748475181893945	8.725679880436449	6.1020933530782395	0.9851228028758127	5.0027187776032935	8.287373801528355	3.51115079139685	3.580470421733251	5.520520407527066	3.822838678430968	5.667737141255821	2.9665677556918966	5.474896681208487	3.1656531181818672	2.804973677558853	4.593459435045816	4.31239357232293	4.983488257015952	2.7870628032341607	7.827753200404741	5.250738925120884	4.5443212441094065	5.656535457520873	4.550452121564798	2.9486124468716843	4.829770119437804	5.174195090573277	4.210634597945738	4.769735133217064	4.1880090590148376	1.0781685281658433	3.2460168133314733	5.010052249353659	3.96849071382826	4.491813398595375	3.9131192746101515	5.27190753504851	3.6215258126015617	4.878408100694041	6.470510766424215	5.02748541415701	3.8051639246886455	3.1399931253654954	5.146486550993273	7.473202819320867	4.712455744501316	0.9800996851740363	3.1239889830083745
G7	15.292357171907847	12.982698554783786	6.417610151986147	7.176570367308423	9.862475084160732	5.554304819137558	11.819105639938826	10.410307924987013	8.652938540106742	8.876421176515995	12.380150637224071	8.13863472810251	13.255009943705591	9.238737302118734	7.281626411170672	12.369556519250251	10.412604095686428	8.1283399066213	5.783629144952636	6.708943942012993	7.490311137801359	9.025660258071436	7.5691159227876765	6.041989740955921	11.281971437057681	4.477756436324424	6.128679803623186	5.649320192049606	11.230679240199036	5.140376699607371	7.695617646525082	8.665665092229894	9.622579999852759	9.881033940120787	8.108756843851436	6.800418523766677	8.688796719497457	5.8239227875936885	5.664841824362384	6.119967100575578	13.030323511774725	10.305994735584743	8.652830496300858	14.832156490241143	3.917759742862088	12.330681367427662	6.09801188604571	7.655840390473716	6.764152697708397	6.955746607509662	3.970212661520318	11.999521007299816	6.452416909604857	8.4333874077288	12.38395793640332	11.243540134341433	7.791501493999301	8.731831696940525	5.345546024632566	4.314793739618574	7.393613907416038	5.7164131043155155	4.976829386804479	11.935004015054968	7.541362329974526	6.756735660404992	3.9464814124010323	8.833570064624647	6.9890675788632874	11.610663447900707	12.97819367819522	14.135110427708725	8.610545623748223	6.636850957443902	10.774219495266232	8.89144427832928	9.564468756119624	8.420831481842692	8.48965927941601	13.478857276436917	6.825479314041181	7.51879135065365	6.355670136204005	11.07717972987819	6.514845739489381	7.626304087947493	9.557811260747862	14.832790867521798	10.5989975007134	7.8002390864990465	6.354466768837464	8.523529620577273	8.849681041161928	7.2678411768749545	6.429159456912157	10.22399483474356	9.606311541592433	9.689160405058423	6.868856436145522	7.27498743319095	6.79998078137508	3.4768768872108544	7.389931694048715	12.333378370060377	12.15942306214849	6.789317293755358	7.054297475802335	13.377078401414224	3.5703312484376175	10.549941372333596	6.137910100639622	7.544770783706365	8.330543262179468	7.026906064430769	6.020299338458524	7.919017872722816	5.785379370676276	6.304190567137518	9.934077083506269	7.69145890504504	9.534674732016864	5.33803412968665	12.9809282556637	11.834996695696443	6.957160397034978	6.939440757807938	5.978214943592343	11.555995256311725	7.854405726513614	9.91171872315499	6.85545368622365	14.369816200444507	2.9832133668405594	8.77764969143024	11.813460146628941	4.000987472038588	10.417485807296313	7.4271393985093805	9.959816796739432	7.564968458231867	10.33520981723748	6.918952052475297	6.963402321389235	12.076325662893897	3.9206268323669593	4.903308795690879	6.018257526506652	12.524417278058488	8.972951714407934	8.713785779797243	9.11024426644399	8.734111547921422	5.128796787136635	4.817328286385963	6.181705667121672	6.079508235156081	9.818812647474795	11.833111106587458	8.807296641108724	7.339567002529185	5.578227563893397	10.793661003579352	8.56497417923784	6.300168472209168	14.612987587170284	8.629272069919026	9.199756975685927	7.916804794271298	6.241668900305154	8.158089102290795	10.8476921913604	8.8388668802503	6.567849612888776	5.689474387105994	4.7715796540602655	7.7234324987875915	6.355197319090518	5.780642695662183	7.0139883602713455	5.770443075271539	8.754921626875053	7.55899240616289	5.518228316624599	6.717624901932394	9.585717252313255	6.431541146599756	8.280657728267844	11.184347141013804	14.617310299394445	6.917052029721776	5.951358045323019	6.4044846652104015	8.5401343527341	6.896007869259313	8.947317342769981	10.162110330210202	11.88645726287442	6.999799451428173	6.842211079687603	14.336388103729755	12.157441191646345	13.034300543621061	9.965953348151873	14.351732920831411	10.415595975970286	11.178035738547202	9.76486353297368	5.531272760238242	7.6362475593715615	11.397383181078297	7.915522973927759	5.990893783407573	10.59727977078653	8.499632860633113	7.717918935299233	12.779822624425151	11.5381909609747	9.272666976381936	5.947354889424561	4.608781130793621	10.272051444566625	5.967524339865412	13.666136185008389	6.867586191252233	14.615301180540195	7.135879066172936	5.476564299631447	9.32617614692476	8.640710373515539	11.686343247013209	7.476776893231044	6.289068044515133	6.39326650978569	4.330532736995846	13.64115610949151	6.849733895831599	4.605085732595108	6.108333759040418	9.83304970035269	9.70457868169363	4.737394421320686	4.01776765251334	5.441474961704932	7.051812171843384	11.400487368740615	11.31177097902995	3.5822462218750957	5.982604208781619	7.681927456792434	6.337746510998687	8.405734204999552	8.067804297371742	4.870690354921439	11.285949548086581	9.18286156505793	10.605023775028316	17.650693625791295	5.648219717736026	4.002506078090265	6.8324875914757195	7.971261394705517	10.71179627313778	8.115624062692934	8.857146832566286	11.956219520661145	6.5851620197173855	6.153724272376219	10.204584830874243	8.456530188259135	6.42564624415816	8.666233225941436	11.69576508688442	9.468779403906485	10.94763498529988	11.318304114846013	12.36579632310832	2.659868308287406	9.224415675952379	8.29464315655091	9.074734851439434	7.073929168588611	9.328394733990628	11.995983592631026	7.05158746114877	7.0057533523601005	10.099779573178706	6.531849121529658	5.418277274289847	8.38123365346611	3.897657735336894	8.582615394411645	8.344772225412795	9.57096877462517	7.650660619788028	11.38183171341916	6.143296988027298	8.379374855811955	7.965160945628701	4.968460766170955	6.619126034702307	9.572850811326697	9.658456883671953	6.494039823669023	10.617165541415341	9.636915313546908	6.0248752667522725	6.779112733132504	12.584244632601022	6.205181459988732	7.647244879776698	4.613053859850832	6.981061605978627	9.055007262647042	3.205970059949581	8.518033380395932	3.8811816043989027	9.349212290523285	9.954607228288321	4.648860482164676	6.187213030704632	6.774904647050234	9.487858702989776	8.859890924895033	9.963112686205085	7.636089084748095	7.269853254011524	6.168246908953532	4.872668255175773	5.795171358053123	10.501031168540589	5.623309612230087	8.969814482564	7.01392785487839	10.678497149137478	7.782229028260566	9.252654240218085	5.884525873728843	11.060892118459973	12.966786831233852	5.100141832140427	6.404249211143018	11.124673332941795	4.8354170979457765	12.903141027100036	6.437941559650184	7.614489456146934	4.972970668356548	4.529731715081109	9.59579487682125	11.051331492931315	7.686666723661631	9.244887149539432	9.775888435029868	6.821512595170983	4.890921328951719	3.723447189647541	8.869277596578922	8.277601721576547	8.869501196962672	12.520864542633511	5.967095594648017	7.247127300408404	4.929433332750609	11.35144571781529	10.905433510415808	6.430890480712248	12.46462315648864	7.406031291019944	14.681954047595605	9.839077043780705	8.7191643775704	6.977429367795716	5.59631774329819	8.677800918555077	3.629664634140248	7.62109943165674	10.135180527001436	4.570322626765759	9.24785499392486	6.04518227885762	10.869097681843284	6.8224222461316915	6.520158276908509	9.383219892750123	7.064646530361956	7.177414209954857	7.709062151133088	6.267595517144071	5.037919137477347	6.142161971969162	9.705725994748711	14.418381036747064	4.220929612954892	5.966202459190162	13.837028683431601	10.094943288320843	6.9600350541350755	12.341829542689291	9.687890603793075	9.523118620436708	14.211653229577118	8.915842695753277	7.838770014764188	5.879159018431297	4.909268730178443	6.641418738830559	10.748859762942534	3.052341376273568	7.683741063266634	7.19980171585378	8.699210616485548	8.574866220290403	12.822176224989777	7.855751471015278	11.664287544670414	10.534109205100473	9.691417159838005	9.515080977469864	9.053823900160255	10.619616894291903	5.889636465497934	7.917841964615215	6.702628008058025	2.917359181545399	12.899770737920264	8.738665278646465	10.79742837275171	6.746573951129406	6.723030183171245	12.257227855780636	8.961757488170688	11.709199261150316	6.885557219170048	6.598351583748845	7.1733004271518475	8.685737780678082	6.778052732940223	10.692799025517239	9.444084430221517	9.646434749888796	15.442491664353923	16.80158465953756	6.210467360377284	5.678645298641417	9.427833550507987	9.619860455313098	16.337228980994702	12.101323273101128	5.771848236870432	10.290606272944602	9.873435039709348	6.072424045199408	7.848877286962998	10.703006289120236	9.610399785882189	5.193999977745156	2.996932169629209	6.82618546174826	3.512272752961745	6.153470258102494	7.339237213802473	8.512766299509346	11.31330557857313	5.201386814957412	11.452793446334784	7.091710061915276	6.529344471378014	6.203151101009004	4.927061264973096	4.942665486549035	7.751818080574941	7.761746292043484	12.21803714883579	7.391501460106063	13.824060812516128	6.945784076688991	11.8824643462335	5.916953791213941	17.465806287218527	14.501561954716733	6.750775394390499	9.856211341553342	9.694062144557313	11.024193455932746	10.695690048114955	9.54449568581495	7.5075906957344385	5.800399983344653	10.309693064019042	9.992633021205254	10.202017469399378	8.07695254990003	6.777380412350882	10.014057228706756	5.1329786885023445	3.7485402875743015	11.355244525707407	5.936629950031401	4.674657444243063	7.7604666044208805	8.969552568791745	9.092623753999582	17.99362840283937	7.837852458314867	5.99708380847971	9.562867112548926	6.253215080567771	4.203072424435062	10.071195194914505	8.077442858690485	8.87088588406378	7.810092719906522	9.130316059394463	7.90597757515672	14.808544608004768	6.4059845090725425	5.575196508838162	8.364927241451856	6.93806990526578	7.760360800653204	3.7588812197495196	10.64618404894969	2.9427841060182884	9.347248326403612	6.6609696079805385	12.476731483063435	6.7920038260995925	8.839706507586945	11.546581933080489	5.895711449378169	7.148762399751798	5.177202421452505	7.898981154766341	14.630536857281479	12.498863821153794	5.522760041760143	14.728896659956467	9.22959969937508	5.974325216186329	3.969977206526838	9.581530701374282	8.320946843419637	5.886561529544683	9.10015175583751	11.715034021814938	3.9945436372047114	6.895526399100261	10.174657932921804	8.940305968810007	5.877103804520605	4.5364717418744265	6.012348492837338	8.950553576226378	6.920606801505413	7.600140307015924	9.989594258233959	7.867501267687961	6.50563011169976	7.008357013805793	15.284585817683613	13.089953171453026	8.821745211654697	8.939502247622686	10.972105360863338	10.18900376992435	10.448796122849751	10.222559338622334	8.12158424460226	7.77113362275083	10.812231653291686	8.096325692582436	10.681989575323874	4.077029561636322	11.499547627876874	11.606858600863253	3.9984222323779752	11.462358027484287	8.325345091243525	7.52164284695417	6.925942174594948	11.139081865727652	5.828217105848481	7.554773863061584	6.849787732474254	4.841706300133906	6.801706639942564	7.823348465870549	10.982121604199238	7.739648714463479	6.882916598311638	6.815359598834496	9.749971681371333	5.809832547147287	7.952223156630625	7.05209747011047	9.882629860329018	7.8519028805638	15.805231793069865	7.195964547598133	9.011994818543293	10.200187109649418	10.557197819659617	12.436105003788827	3.8726524963625333	5.927206007164659	4.0367765022242414	7.153199547924196	8.825824067932368	7.008397304054542	8.824675062271181	15.341804123326936	8.304997420066988	9.725646914553248	6.527266233427724	14.043677871066915	5.146483837738909	7.668966493570333	9.098655916768907	9.42253279888282	10.179171748352859	10.80303272717257	8.3542007428802	12.467435571772691	11.610607336453567	9.466733918641058	10.535789177472422	11.701849881937598	7.690554309606312	11.985820570946364	7.771007250175171	14.050328875567269	5.765418330831843	10.661744702896353	7.884307786041075	6.5866817988904325	5.2031495999345	4.02552122024467	9.809800856386476	4.879434967413527	13.169388110351804	6.988212628701665	1.9919154709176614	6.459189818620477	6.0889707701834945	6.473744644844225	8.697414974664492	5.96210378983895	9.575519142399527	8.969699412911037	10.520834380215359	5.750055116816158	11.830618703932972	10.579700012162288	12.4380493856752	12.058486996436011	8.898022233327705	9.745733816544	7.907737305001375	6.744872085931405	9.697341590727833	7.085077833624715	8.2627081696606	9.515160328884955	9.890106470436699	6.894056308714654	5.679656353968921	7.929183596376119	9.001995870077687	8.367877897885341	2.994489276179844	10.179702516389908	8.371867079093233	9.896427326758797	5.355535756067545	3.094771112151154	7.868872708733719	9.09685197789795	9.722151688030774	7.673877758736389	5.253462803437859	13.081317026202656	5.148770779419983	13.957051521256135	15.20840178126404	6.2788618625468935	5.918645268699519	8.9551885237765	6.870748281456308	7.156087530814492	8.063402080788917	6.164557828491063	7.276165573930145	9.301825248208145	7.7423876954947275	13.668475794432046	6.914391742958197	6.096584550665909	7.217605242162975	5.922960836506712	6.176451014119743	6.006772962179744	13.591329581480396	7.218716956439604	6.7829437890097735	5.038641489568355	6.87143149519304	7.79194014242284	6.915983324122062	6.792902726160091	1.9929846030307725	9.175658918174719	7.416124359917417	7.81912403453427	8.514451000826584	9.849036968483542	8.7357444522054	8.386760051959158	8.799341450082434	3.355653243766141	10.741895373196053	8.479202337547202	12.590873395435425	11.948250455456012	9.446265243567282	7.570078374435749	3.827569105483173	8.419442403023995	13.197868511111645	8.733379866294216	7.242562955999737	11.743114675404662	9.026721627651261	2.9621179473570725	7.635570169379077	8.066607793756633	7.002901725734255	7.621386820828443	10.538728059106743	8.67614813622949	9.530480211452181	7.291078659907013	8.784753305281255	9.654722815454992	8.670770444290483	9.01418507428387	5.620365397930023	8.88966381224074	9.450369592664105	9.65728706238381	10.0206311695594	6.715814637693357	13.850021589350119	9.223352734076142	7.906787223419279	8.74722654766747	11.222699653547972	4.129827285374912	8.35400969757222	4.694554826157393	12.17792499598298	5.963354767462819	9.107314150112135	6.9464358351674065	6.097124255779247	11.472359490470877	5.111411637898584	7.300088749319354	10.476180364490729	8.559143675049055	5.35437643028438	5.898902763162674	5.782093125834333	4.888351814094613	4.844033467801039	5.082512610832624	7.979618534144405	5.3881156692648435	16.58938232422389	8.282293039349128	4.983910657312614	6.608493530179579	5.292253435671908	6.188422883811772	5.44960886114833	11.53090178590029	9.07480508469989	4.808416108679114	16.978681065763038	7.190781322814143	11.336678743654275	7.188922644740185	6.803027481205245	7.787062050439994	4.598615468788869	4.914891201457768	3.8375475748222776	3.9810043799307335	7.2279396780496885	7.219776518750778	8.949344271650673	3.989419511473976	11.790843771655819	11.502277711891795	13.214100419202367	11.641980735591261	12.23411206661834	13.494270610922213	6.578016759880972	8.746906490612563	8.362598407045985	5.163554230205126	8.658383299098618	9.52287697781535	7.742149968447472	6.919484105932477	4.069064155241006	6.406045592312333	7.70126248913278	5.306966802868429	13.749904624616631	7.503027019414171	9.434256290254641	6.2080892801454475	10.478527816310967	7.708134960980882	10.423675865898863	4.996977222117559	5.902743073211194	5.745774536731842	12.846401836032474	8.98671011932029	7.106193599795547	9.443079482302071	14.569735860045945	3.948737401270025	9.917554186023263	7.201880416887056	10.413759740654388	12.34852752429359	10.401815669820332	3.435438406292699	11.302576993145745	8.314559778902515	8.229332163678407	7.091737793414963	9.352213512318631	9.007081219321138	4.2250108766693115	6.055617886408965	12.579072496682418	9.114943919826084	5.167176974491147	5.957205408481112	10.314318959304455	6.259453643259646	10.708620786531151	6.211658072545801	3.9096437474809727	7.459705481569388	7.263687107339811	10.52466301046185	3.9748222367451915	8.575716512112617	9.863220553760177	10.34197402806045	12.941177361953546	12.080243014009461	7.263197614197864	8.797670299694675	6.8762441587980225	3.384175025066492	3.9736092653832396	12.520212555963983	4.490710209700631	8.21019689428907	8.666123445885308	7.40199290435912	8.942040549848098	15.44508047417933	5.751931111551578	10.602454053694906	6.815456653447645	8.974986477980986	6.777410051449076	5.2670306897441685	7.066090145733541	6.209269312316216	6.976048394168792	7.7602135812730655	10.924044226175118	5.306894851479386	9.23829169926869	11.09791723690258	7.126310369837723	9.53422858061083	4.847940605103763	8.831449457538103	7.816526306261974	8.03651802873186	8.458841520257806	4.922007762707082	7.886610111256155	12.155663068543856	11.109766408343807	11.606407413693573	10.632414573614989	6.635420088577584	7.4914048703691	9.930126191851896	7.722531269312056	5.447538676991811	6.585511618282717	9.96550757090791	5.828267532765841	10.661250930839902	8.699143417013993	11.561108177584298	3.936169999375923	14.500506200739554	2.091930441060917	12.666129369268466	12.526224309215115	9.53498244549893	7.069567015711318	8.698633138022766	5.897487986515158	2.079727910483075	9.738104276770414	8.434714317661918	9.690839751118748	6.760637755345127	9.869192215171504	10.628067783654584	12.973174853861543	10.11056581970082	5.9191363017018555	8.732237589945141	5.905877515361936	10.343733394640246	9.757141556493913	7.729685251985952	11.440002810041424	7.567517937768786	9.005378938382846	4.534328053693736	10.96313433880101	6.292187487725131	4.279562685942576	9.574992620217193	13.062706183210105	7.568019817349108	7.729819781256747	13.297614619289423	12.023267803026544	10.78809840980268	8.64385194623932	8.58520907311721	10.897480226122491	8.808862986005217	10.937254536114041	8.921037076661898	2.8418141689387233	8.585654421759836	8.254650443873615	3.969695807167014	8.457198585348463	2.8745369707071173	7.336676727419225	9.670633836895364	10.752086100203638	7.047312879373696	6.2273397998897755	11.402241285900836	8.832397830276735	8.915884247591073	15.157288768026714	7.643939219832464	9.130255134794627	9.896037844544953	9.261731842010267	9.036476384107027	7.04430350563375	8.70783811630545	9.730447208999829	10.525848793165176	8.153048776886484	7.883036261229825	11.522922052507004	8.206576732890053	7.877248793329487	9.798711340123871	11.087673337945478	8.915973855321692	8.608196770903138	7.272500976490162	10.549853643569007	11.540355768888999	9.678421421301982	7.734192016298513	11.642424477535846	5.024728988978408	8.875869810038191	8.193627147502346	8.83348645022476	7.022346349847673	7.200074916784609	9.082503342370739	9.578655166242317	11.569100212216545	5.512516862494113	14.524167566953613	10.212996062719114	7.808695311905744	3.741027936810656	6.545786951344395	6.711542904882286	9.437544544426848	5.353235968332217	6.654012410166903	7.774842181017945	6.437206304976408	12.223978299883669	9.51797226757066	7.320925620392867	6.60104157542755	11.48054660718114	7.548990307757473	4.910714362729914	12.24254290360484	10.772925817942872	8.4913297271037	7.632028467573414	5.0712704361264915	8.614134397157928	3.913752848500507	5.595095824650576	8.671469207367307	8.879215697912807	8.059363617468373	7.767094062376903	4.991944740130359	5.729838324970708	5.890244528987692	7.214641491765455	5.722952658308132	2.014045504434844	4.920232562898369	10.567240166170594	6.573151552231732	8.909770503384951	9.71939040361045	7.050780701053335	7.330381538027427	5.740650093318305	8.224874358906066	8.743048168286123	2.00015199621835	4.878789939721884	13.608903608533522	11.292012658591052	4.001301395438388	7.490481669254391	8.939487690124082	10.299249541713873	9.078412281656043	10.171010356370434	6.965276264766192	7.9937505893211345	10.721438110889345	7.543831023645778	14.099220974895957	8.844543195268534	12.631306003958345	9.816524648848265	8.329935006439484	6.819972104778455	6.539688687352672	3.912541025455545	7.831870356968883	5.916875470626991	9.69836357699325	10.173924003103215	7.676265989273707	7.669684669687289	4.742917931683618	5.553166786466291	9.259054448872128	11.62511014356161	7.062599824460725	3.950076821200092	11.737680755560206	8.891587083776608	5.322411821934912	6.558008735622059	9.549843108228107	7.683475203652472	5.234635643352148	11.797471873831368	11.912863139548264	0.9972398772811809	10.031236606884642	7.742935806586563	14.642786743364416	16.434970228569767	5.738740811740037	9.6861173204991	9.86909051318094	5.6748856003741865	6.748350304923121	6.846304005189897	8.805868808020469	17.732833182070003	9.176026504717042	10.802516913145185	9.444420711258916	5.892896462186218	11.648089805590878	9.013549222172662	11.134291238539726	7.414475731599723	5.679049637463559	5.714325094153911	5.869664177325864	7.250835959663705	7.296718136387687	9.503277344125946	8.947968466426543	7.611794303222012	6.524224297954052	7.131628713947358	6.913355065828612	8.932407868013469	8.14299576582129	3.878836257605894	13.450785468121165	9.320988162639324	5.111270363360286	8.839565661302059	7.942818666974656	6.9585282260241765	10.49211736146962	9.386758342888843	14.577784761765253	14.073476839612798	7.99819962225783	10.962617907083352	6.9247519828776225	9.894169228603086	8.838957873384421	9.632624733345404	8.077753900663895	11.96465462943199	5.296797214422944	12.308300292330728	6.870326177192347	10.459902071138051	9.253858699832444	10.131323773820894	5.917778217138272	9.17046017727745	9.567557304205447	11.481250587799336	14.524284044378373	6.129281611370594	8.724755095851789	11.335447056648226	11.835951955917839	5.79232466444343	10.319156390874912	11.388681013346192	7.770486118898168	8.72494331019808	7.521533466688504	10.71177877177759	6.628534056975399	5.784629360126159	8.14586235481152	7.114711627439629	12.748011819369108	13.314357901315708	1.6624970690096414	5.8150812906581	7.637390396170586	13.155605882247439	9.67881794641623	9.526948725520915	10.153267587609541	8.302125793234355	10.330123224153223	8.769718854853467	6.98325729702424	11.405069340122521	7.296912838271059	5.643710295589018	7.925471375191066	5.815438150763396	12.774718609752606	8.98489274169521	11.122755884656717	6.981112051004765	5.307596997432791	7.409402957701068	8.88470853423434	10.575874097736582	15.292445972043847	7.71111147931123	10.995022108618182	11.36335928029069	13.531997338214277	10.424067585175342	9.376586442142015	5.74869665671188	10.466030765406092	6.547904854439646	8.486044838490017	3.275636645707354	13.008790787398823	3.0572641133456493	13.466669552278859	6.740304072789924	13.391037888682872	7.356487819048193	13.276654016984047	5.963664609906922	6.126177481800429	9.67629986306954	7.57227867693403	13.12168916433452	11.501397794683738	7.702556308386854	10.696544878597743	8.385680336810594	3.724634923880185	6.897772181830448	12.697426613424184	13.571968132369024	6.921503894216662	0.0	9.730678430525176	15.64192509088035	6.168103834427499	8.243480288976198	5.612151422080169	9.645504322322857	4.370129639478651	10.75465935515125	9.735165947733941	4.655831704451283	8.489102394659922	6.201946050904844	12.71745293896877	8.534436934108118	7.788470448246495	4.983302811490974	5.849834370789758	4.6937539134371065	8.748995798631608	8.65995450814257	5.584677599855801	8.933918055187712	6.084511602032234	7.239199171267752	9.973173452423659	6.72350741712733	10.91226176097717	10.074134602699665	6.898638569931052	12.144636754267182	8.7577483222025	12.387048864659091	12.853816668667097	11.890388754352054	7.706175973219838	5.530248777854759	10.314691882584189	7.702493006727153	10.542352378649573	5.612684850730402	5.798365534597168	6.036939257651694	3.9668139078340965	7.927961209820988	9.278747335859142	4.0651991531692895	5.668363490833975	8.542295284350564	15.902056985610994	2.9910325870412	8.503328005870786	5.79597936366974	8.848192276597128	5.994628362725643	8.76349397342453	10.705599350118604	4.917435915395515	6.8157776277094335	8.955248413900081	3.376015313146166	4.804320760297826	5.795704405464596	6.856922609505366	10.661308406584133	7.095824763985293	9.789239962884725	7.3474266441901435	10.680425603394813	7.022589622358156	7.973001988864838	5.750087336174634	4.104009788571041	6.855410103323044	12.289851611242414	6.808750731279209	8.165290941360889	6.102322047508561	7.558233836660536	9.654350826636954	3.977951561474547	5.821552115856162	6.195866910133011	8.37542623255902	6.2288778619688046	4.883639310669985	7.516712299545775	5.955132910965589	9.101790853468712	6.485432794618374	10.93537010639511	7.781672447833198	9.202174201264597	8.727356871184991	12.803554720323088	9.812700433568464	8.460389804126445	11.411897465542078	5.578091301414628	7.972033750216289	5.154506497616797	10.514358545051051	6.5396686297219	8.102728121820885	19.01823830892936	11.352882376291983	8.719262409387298	10.610493280004256	7.973704916821372	7.613325299366591	7.848909180122409	10.795303597128791	7.0137748386436956	7.398167385932964	14.927610870246902	7.13077742064419	9.87403076290317	5.8012657795430425	6.709570784299	9.14102247904608	5.780961301955403	8.89695254053784	16.20312234544257	5.704743184108499	5.896396340061785	7.1887113622836925	8.780514020904691	12.83469146148204	13.49087733781283	9.57192939091526	6.771698260981991	7.610229860704076	12.834931512981804	7.179980775839038	7.102154448457831	8.180011013666697	9.232020411084761	8.031186450662664	7.243364964727287	5.3866201747771285	6.343710396002695	6.586007557298342	4.446765352298469	14.750086787019958	10.788205830516171	6.6699894709069145	3.8545026534950675	5.271360523256235	3.334557554020413	3.5975245459807064	9.83525611170074	5.701800918706048	8.637394182486041	6.912381342628184	5.790062444623106	11.29515022193213	6.3916104841433805	10.986288339898355	6.231822922903281	5.442581757925116	10.618761092561423	6.166555591463736	16.63515053686006	7.151420220649754	18.721162761853	10.52630219731374	7.949802180925048	8.319872577840892	8.791341179743698	6.943697888800865	6.006331059817678	12.047798412403491	10.013636914502317	7.439330411655569	8.451331619204534	9.347479420814226	8.913924571132968	5.866485876628304	6.478607954901157	3.506101118414538	9.004713763539367	10.79494072360915	6.938283485722151	6.349690059628615	9.088630351177132	10.778173780285133	5.791347897684567	7.977414161043447	16.994945522388225	9.673693043170017	10.83312778323985	6.351275532720095	10.865199132467273	5.616447225638875	9.873087737055894	5.621633876586422	6.102933142739897	10.318683547313308	8.883280343885191	7.81950118343149	7.468337692536063	11.430572535262465	5.666051222081206	5.984913879194733	2.963451017737965	9.16367105200768	6.130258734202201	6.947036324583675	7.04811795345728	4.987839394289721	8.010546344514195	7.923363065944621	8.249650256718398	8.170019271533883	6.132392410199429	5.715208328378498	8.450311237464021	14.430537420254417	5.79207314705324	5.032427906646983	7.864106686609275	7.033179878683571	13.033756931004069	9.881548540810286	5.905163216955372	4.717269888596317	11.620895831749518	9.293626910274433	11.144124113517808	4.932322513361026	9.006825643350078	9.901786445536104	9.388061496665355	5.696336406490273	8.326256977550129	5.888316332441861	8.076967999538084	5.006821041361693	6.114071908974138	7.088430336826135	6.343535182022758	10.891215917252435	5.2178868426301195	7.576521372399472	7.770019584991114	5.857053604863979	4.933945272702471	9.531861449591219	9.919343420858052	9.384175322948085	2.9840532742410333	12.473384004734188	9.517411220256243	10.238767052790688	8.29531635381921	6.377304115290156	12.781755739560296	9.707379263559059	13.14490589095197	6.731999528717699	12.755327932330628	5.224175472938851	5.560926408144206	10.128350024649329	14.721569866545142	7.26566481008471	10.442399054689854	7.775706570303368	5.968461493203721	9.902639157952056	8.418171719694161	5.746394178242145	5.674268921414305	4.970901495458995	9.805031282976515	12.98748514252051	9.585673857073957	4.8652141498164845	5.637234825905487	13.895787530285169	4.93361573038985	3.9465277952619453	8.143291093607141	8.023185191396994	9.605713958005525	11.944951155502713	8.544012986150378	16.37708195268698	9.292886834056716	7.76688400103668	9.546356640345063	12.268226338623514	7.322324562833508	11.103018121480106	8.917523325565307	5.324089007063431	6.872902313576783	8.037304060370309	15.429939553947827	13.209780925328484	9.09212988781477	13.600420462139164	6.477949097019166	7.159499776262364	4.661633911966651	7.346347937624736	6.986342889451403	6.729952389427876	4.91625994808981	6.229045351187412	6.973431658300299	14.813489351241627	3.9655528092704673	9.61586664558181	9.159259931052201	5.695726023629333	7.780797709288797	11.553045580162951	7.58272032797858	9.117514033203278	6.2907575189079585	11.86064342188	10.460428138788394	6.318315805184642	10.78856232105808	5.801469857625498	12.339126852385556	6.201314592883506	10.819985666469503	7.316585662520487	12.788863843473505	5.498205905263612	2.959764426154106	8.634707140176156	6.494456554878151	8.227099231519048	8.342926178006934	4.6201011074195275	11.249399948533174	9.987953270044592	7.635508547647414	11.191860070996604	12.106483792152037	4.835822835636068	4.695466936007538	12.726840211404852	7.001089811163495	8.604026098810353	10.55185014275655	9.91408074347743	11.821905354069454	5.159639997539097	6.852766509536552	15.701533678822635	5.08955593627488	5.706215311053983	5.813802379675671	11.225040226973793	10.63229385468418	17.621283029243482	9.597817936634236	11.956540712570973	11.373271219408288	12.343609227192	7.694012461457125	11.601687912273919	6.554254698369495	8.671810863647014	6.756135166851341	8.58789865222323	8.259740268944002	8.928992328608835	2.96383570291797	9.48711159645701	6.8416164734698475	9.934708164511031	1.905646842358964	4.869987570626783	8.125852421054464	8.512230675177568	7.238779301788447	12.148299939787332	5.8447113119383625	9.370183468019734	9.73406566965112	7.767309690585049	8.3040492329987	6.1053901554339784	8.182107868566321	9.878650205361	11.287083038295265	10.546206525335553	7.517265251927003	10.505155546519774	7.67880223853076	7.863881279876652	9.985162021759667	8.824033707443357	7.7385399948983755	4.94692771636008	12.864552281423823	6.736834215631351	6.756688987078762	5.709868565193	8.1783038703321	9.476388660965831	8.249715625652959	7.750708111005784	8.613095153266807	8.780113636658713	9.382267763187363	8.226031939433328	6.937181515459945	4.631885953406102	5.372246928856094	7.115909123740405	7.209714024984419	6.4648988456221135	6.547592498777677	7.306567135922921	4.000118873743356	5.767508662432093	13.600542223865046	7.2539648566873005	11.122052122596763	9.71626456225756	7.042068701786582	9.769310916079542	7.2322682269299285	14.51588736787483	5.821813149431683	4.935236501123363	9.503665406524037	10.223981556707512	10.451908448549629	8.178487693984005	8.718064674463886	6.4637973460776	4.5316643230447795	13.523814118385097	8.270929067020973	6.190773865193163	6.809135428854868	8.61444005288466	6.616359877857394	11.361321312265508	6.706383109612796	8.235815877495483	10.66880612031291	8.664126637174558	10.597358926573412	10.230461106108871	9.466505354811826	6.648152623446881	4.995987093952744	8.507709831109613	5.313528011099266	11.048758217340927	6.707746005998804	8.758998093397901	10.287704552019013	4.798687668100507	20.63340628869152	8.704088188705272	11.178924467390397	3.951155888236408	8.977636233627702	6.16786056885809	8.800861446030977	4.610203881416635	8.013784600466243	12.587604852796934	4.866549973930093	7.652223800430073	11.064987190386502	8.929240341633166	11.766226640158376	11.111213844977517	7.508762469181839	2.9561896269110557	8.994151085897347	10.666940865531307	9.916040264815397	11.046082893857902	10.86728909163561	8.69693221209952	12.68687229497442	7.492952088369369	7.866634715923	10.0012941086732	8.968211902568676	7.893243271360267	15.164646745861745	10.2240792560488	7.820762648388563	6.229209395337235	8.78744759862641	9.428943200703106	9.789474408756815	9.609298172634563	5.167769529384839	12.816372983688309	9.789360066647102	12.037773465404044	7.1684730707487985	3.6941675429994434	5.051708131385644	7.111744647456353	7.650366029497602	7.979208802502693	7.556129433159704	10.49253226709591	10.694331624631818	6.259056100264878	5.41556639230483	11.423545231935964	8.049770345878681	6.401848833590375	9.910563228571267	5.808909959016282	6.096970779136697	7.832377701388942	9.5340439328632	10.79664685460369	9.38656480188407	6.630785052108152	6.740467182752961	8.75828204761646	1.5436498540370713	7.844782933549846	9.13499400361865	10.394163746228159	7.747524272739692	9.165791564386625	14.51996027321723	7.272819480868711	9.22157783404658	9.553591454412382	4.217724558326092	5.606730533401753	10.842249838365237	14.231309053225926	5.839080984242804	5.001258573907138	10.661621918563144	9.876426312602469	7.989082523190772	6.783110801144143	5.991138714955118	9.055427205540155	3.6851983028869646	8.47204590255888	8.260748711025759	5.459141487836837	5.916980419462423	14.380674097261252	11.990019063310074	4.049680387745416	5.720890307833057	10.643679297036213	6.130019414008146	10.409121053601208	10.594111696045772	8.626607174288237	5.736417765283106	6.730259097064566	8.114900676187874	3.71083565515227	7.266246403338227	6.889021872112267	7.37177803239133	11.225034290043494	3.8602423021772614	6.132656518820899	7.301778803862205	6.853316687209972	5.861040625156539	9.670877600747572	6.01730433347517	6.623716808720477	7.659870373091234	5.444915828528621	4.872868614098055	8.747025785486084	8.909415105192975	7.375613129043436	9.915246702436528	5.132779634902292	12.455231471524817	9.512364778604143	11.729069540154669	10.434885646728178	11.18975488699778	7.818317818227003	9.849576874116691	7.219025171924441	4.860293930538011	5.776156691376942	3.902798355471386	4.839760957634841	6.828193272996343	6.134240796977865	13.130928085899585	6.151210529161549	7.900124418615417	7.879049997245644	7.335988843173069	7.854422729351939	5.733768794013601	13.394275874953571	9.57201854244635	6.0146826270250875	6.879641209975633	5.027542406702096	4.658774707273335	8.958737495724607	9.007377805317482	8.95258413249542	6.268766794449269	6.145216211878985	8.937569754909914	7.900074949063782	7.683532784180462	10.484603720131942	8.03797390116954	9.23792933264333	11.702694315220352	6.672251465914047	8.057420489361625	9.627106350120142	16.4772921016387	6.063575510714984	5.9254469972136805	6.6857524403799395	5.77832688316072	10.81099406793492	9.117774021407017	7.156905267144187	5.699661225467426	12.962274094481415	7.997361284733274	6.062851393748952	9.452366684637166	6.181592355494878	7.087256001090063	5.910828983003227	8.827412983874806	9.978671902112545	5.9482281227181995	9.790882109407203	9.505117540134028	5.92236890086126	8.882170417275232	7.633491917944766	7.692045161130876	6.124844822522899	8.88428402726639	10.164985414043201	12.760097321002306	2.916409927729115	7.970069244015217	10.213565512357055	7.057804783650871	7.721991629909131	6.921304026697777	8.839676267103487	6.844447605445877	6.531498757620554	5.944643357103613	9.058975273558074	6.293110760261094	7.319119011085119	9.497605687814277	3.2708766092375914	7.203946123901638	6.791059336109707	9.854061048054222	8.729839305061546	7.336580718461234	8.386161304129303	6.695253847017163	7.074114081953544	8.313784161345378	11.300896799064247	7.993777450996499	10.137636797148385	8.695834294884541	7.770203676010331	6.749658080975661	7.6402981273003565	9.76149187490462	6.706558460500818	12.688954654541394	7.514067560719771	3.777915946377779	9.7164048785745	9.53277112969293	3.853239489969259	10.560665829490548	6.1968546939542755	6.7716939046271145	5.985105318312134	9.157738395901637	8.221168383662151	4.731727190462074	4.928622761066489	6.528139260902378	18.400333404157443	8.525987620184518	9.705738858640613	6.219524499655396	8.950756627083017	10.837241282200923	5.6074889844969515	6.899608483299282	3.6760385176894546	8.882784068803035	6.63706566001651	5.965898912862091	11.289644772542848	7.090417323684468	6.303697478474337	9.63665042200306	4.60132461063542	11.60797887348433	7.05407925134889	11.575054862769077	7.454259180606083	7.832438344866132	3.886673077010107	6.307079057172783	8.326833974586958	6.848532993189123	6.69436089395581	2.971085026944975	5.28114717953258	8.784184856146204	14.405656811914803	8.600928630218593	8.842107311045396	8.349994429554704	11.11101283304583	6.980919325926473	2.973663915058769	6.728814583815254	8.772428768937797	8.453560791846819	7.881086543332341	13.638579823489811	9.460533290916663	7.378796691276148	8.550777804809801	8.711914848107567	6.430442485172458	8.160287419408037	3.8998560288129496	8.209289932611085	5.637221469951461	5.304538952551163	9.68324202029192	5.73589405464957	7.551302170326206	10.97087313519523	7.301085114704524	13.98092664004906	16.857991746359176	10.713275141558874	13.65510792060074	6.721565700158652	3.985461223404873	7.6712547054269296	4.882091399331581	7.669116895156677	6.307024404482165	6.787284769577374	6.596904165091079	9.425467024481877	8.469286313773368	7.315503424477489	9.9070981992132	7.202569590820323	6.7987835787534685	5.795997815429442	9.298989765101243	10.917895623459659	12.470304718994289	7.897406560111968	9.19218085321542	11.130554268209357	7.212832705517681	8.416849361558484	8.062238990298098	8.517064870697709	6.758144831247099	5.442214102828885	7.9129290196904565	8.05818617724818	11.146689192223878	14.319308557879667	7.1108406756427955	6.959532089873345	8.569358617319807	5.857723268076229	7.015331333988545	6.822761628888039	5.1829036576136795	10.631168070043975	6.961282336702042	11.418904409722566	9.743843707676177	5.802853719922913	5.758921669108655	8.337783372822095	10.963164363668675	5.544528032158178	11.099704798384813	7.5981792476328724	8.052073692415918	8.838055689421116	9.363530911518769	8.457506607988819	8.081352834680139	3.6800817951182485	7.917313738589915	4.802717382213687	5.977012526697584	6.561239729221933	7.953040469711248	10.729682053963888	8.993608732346786	8.716091245242971	6.537846954736009	4.8147681859596805	7.420623281937915	6.765218085135128	7.765212709077851	9.01034373793297	9.108872870023339	13.710586556377995	7.839986593144471	7.414274730755985	6.487896468581769	3.597565263194061	4.75323455968041	10.61567152341383	6.01317420122536	13.581781261560494	9.47836956089828	12.365048626027164	3.987913007733462	4.811603747826959	11.238997089519978	7.948897403623492	8.82939150029496	11.674463124272172	6.090294048792899	10.395410905401931	6.602333893851356	8.391581184330306	7.4798473812959445	11.85052587042977	4.984690654684271	8.768584044427664	9.882358862860363	6.490914119125864	7.711974213876575	4.8557587253336	4.934972309983553	9.703135641073532	9.876920051917379	4.901704339177505	5.881244176099122	6.3076975061957565	9.624175490812704	8.558045445992095	7.760142737007476	9.38789705592187	11.028466773467414	9.733189490594752	3.311877062590678	11.31903931345569	10.811238360702605	5.545817636023223	12.885568535415509	13.126481924419323	10.068400822647984	11.046724555937159	7.689244225961978	10.147446620998995	9.959669514354571	7.002990176647706	6.89238640398898	8.588109652912049	6.556253706860787	6.800735085942638	4.7954374543353495	5.402031839976304	8.695273637826006	6.340647945763889	8.886456314692873	7.731783469672299	13.711697854705868	7.932407284371748	5.970508816752245	7.882765622048894	11.217298318096066	7.557659042781837	8.35575858939099	10.998365565743658	9.250842955271622	6.359517502852798	9.884828643405765	6.309613073003283	11.771699052167579	5.955094246159996	6.275339513776273	8.092475921553545	5.528884639614013	6.811045396744473	12.667352361119617	8.738506266253648	14.566205252212642	10.62051504868228	17.75823455340741	10.391405103711286	11.06201277966147	6.042588800455334	4.243185343612283	4.52900676602839	6.4979727017912765	7.6437933504909585	10.255125669407711	6.377567965972547	7.92442785998665	8.652861700056212	9.224543698371708	7.67093748409932	7.793629278883737	7.867868043948465	9.134860646930388	6.865100970176426	4.134974068750877	7.747294523356312	5.41799742567627	13.776110546381416	7.6998182008808	3.8780054422826558	11.01167045313756	6.897294772750832	13.146319391391463	3.3800679907040436	2.8901542554784023	9.472468221886206	7.314392459819889	6.255513377690509	12.948304465790759	5.298274556492187	7.746302069237187	8.602735007697628	8.685123493222013	6.162802355476269	12.811747636954731	6.927242565124403	8.288116258973517	7.844338736088844	7.765534071347119	7.081105441147387	8.946443108108673	11.69513598756789	6.52680537504169	12.57241725366625	5.623310714988857	6.983069394973768	4.62013962766596	13.503381774699118	9.594642958022646	3.41133801824889	15.066432771864937	1.7380143447378886	7.002238646483395	11.189014655590205	4.090335725409053	8.826866265501847	13.171241234887319	12.200331450738547	10.3976544502936	7.538329364104748	7.0955323605631815	7.981809726522489	16.870350536979522	7.53195312752902	2.857693550086534	11.229051778821395	9.602793467443492	8.917367330106726	6.004952297367225	5.557234894281728	5.001769641302996	8.419692473991734	9.50489102251815	9.049911982445508	6.663238077886543	7.505515206423027	10.001681130787606	9.036358044574138	9.783770539973858	5.99954986206489	11.187506685400727	9.480236520221707	4.884943836432532	8.738315071631316	7.733783561832888	9.059343607596338	18.340824612134252	8.370037326463907	4.291255767321522	6.87811174592516	7.719132825959938	5.733249504326878	10.54890818684673	9.819934298810118	9.164838317546971	5.670113705738747	10.411436522031488	5.738021599992876	8.050971100205208	6.695540740354535	7.2083451488127155	3.8482931490606442	8.369025654712338	13.32552978923949	7.697062336104394	6.0233413847749295	6.365163292630286	12.138408031186412	9.77168485712753	8.541072164761502	8.784297714416754	10.836072070313415	4.833293737911079	10.730412543524022	9.932901514773361	7.938106173568158	3.952292675597062	4.693208149417101	9.64368740052505	8.717652858276962	13.651871398356239	9.747053098519757	4.250442984103138	7.505443961136243	11.822264248440138	10.592463414289954	4.511660140131284	9.58498094903047	9.987109655855111	6.031138720476178	5.937339234038771	8.418495895429439	9.582421798856702	8.95216557155899	10.019444193296268	7.8530421103961014	11.746769906434569	6.284371904882638	8.034055711684204	9.172102585189682	8.332378244666376	7.365181308581652	9.371227050451903	12.405652406762151	11.268675300607493	9.1101363242181	6.719981118779615	6.142328969607183	9.801180555203814	10.953851643121277	8.398582879503731	7.6561507080426425	14.051874353787673	7.468062557559145	8.300362492519435	10.604189040211125	8.88843096747722	9.303335784360849	11.161847868899867	10.971226210651615	9.837971581734326	8.858049743690229	8.825419429929777	8.58032647996639	10.673844637353204	9.577550396746778	6.805086854373134	8.777198154245315	6.204754699726569	8.935383212426853	2.511391728926161	10.70713897906721	8.229139619063714	8.58841954107945	6.812910960859193	6.089630675606199	8.833792511672302	11.55317204811935	8.635451716301871	6.901996590368014	12.682257010701797	8.679842556445456	11.297574617447017	8.124787130029265	11.560372751965618	8.741337846555908	7.953886206281826	7.374704143715904	3.862259268283551	10.295076836891411	3.8977832427737216	5.816360928364477	9.97006020553532	7.528392427838284	10.518602918428927	3.971573368768364	9.324154010312553	8.822502824564227	6.095534155166563	7.496611651371878	7.610470038136975	7.685764947115867	4.253375355130098	7.843054033443414	8.40471845063766	7.269166713235766	7.885950910244054	6.313297218562235	10.67486701907911	3.8770718823839885	8.943069510349634	9.57379019599035	10.619270575243203	8.772546777657263	6.266987513218787	7.076954228074322	9.529310125132007	8.719767201339987	4.8947262996518885	6.320180506634548	6.834543875188948	10.883822291552084	7.91869158571214	8.644324176211637	4.909142789069633	8.693101518234462	9.011572523344386	6.122509981420298	8.895389343450763	11.390621962091911	6.388937978346805	9.04495737119894	12.103740978293944	6.926041642514559	9.61683511577361	5.214410552055302	10.527532178326455	6.421070117056752	6.93410037266847	7.955297926006939	10.388049391262003	7.649297797988542	2.9631790729688765	5.920187119395219	12.562810870942522	11.305957246526164	9.593888077724936	6.292249916908754	8.417595615247778	7.800546223157604	5.798118130937567	5.511229959415171	7.209499778479824	5.5502238397955805	8.492409011617424	5.263459862386561	8.901395609183533	8.568532241315872	6.363857287346525	6.737784065563324	10.210104476269676	11.575162527934943	11.205113684457347	8.113359307693887	12.79235981355763	11.74307467715873	10.304742175364805	6.753579027337361	9.680342204745045	9.277141859773801	7.665014470807428	6.531288103348414	7.147186236769761	6.7805693576608155	7.8045488825457365	13.49569434921709	8.58485773426932	4.589989877268113	0.989018384095832	15.46909285117433	11.803356264636282	6.769253239606833	7.556580997460194	7.195031742154574	8.035122937933371	7.9635978436627495	10.504567860029304	9.044582148539579	7.924626454367208	13.888842129826484	8.717167554465597	4.577722576029431	7.397948955829665	15.405843347912183	8.958323252891198	8.716459923679686	8.016035349969512	9.54245032670335	8.060647947986396	6.123076344599064	8.63900830520608	5.797702646774959	7.677977112466023	9.444094834059923	3.6891002520794554	11.134466634017185	11.283300087741548	8.633615496314674	9.108254397538966	8.701016358682457	8.718447194877694	13.86033898679835	6.043762616286339	13.824641447459312	4.733725045490499	8.382040651036858	5.809958910842142	6.43025410811844	6.795517588214007	10.80055119507611	10.666064529484634	12.522504290777157	5.733633753847407	3.8544381986575496	3.9022015895125217	10.779315738045286	8.583368473631989	8.90740696653191	7.589513527614076	3.1715294552293276	4.615707015131562	10.713102417665507	9.756186448786242	8.537300559619	9.53770788550063	9.80379112933021	10.010120831195888	13.022491268603304	7.1368686119392715	4.704912910954135	4.924620708067336	10.068683160898644	8.620857851264487	9.834924210078027	10.607808532248864	9.930471287663423	7.524930936464318	3.15161661507022	7.883414226713118	4.84824110192452	5.427137999626739	7.877924392763579	13.213765985103862	8.411296882885749	2.8935980583894465	8.953764856249519	8.488057944644632	4.56858700901422	5.948407143860533	8.869871433935424	6.574687900850558	5.754246609331485	7.834586156190314	5.8328733143860125	5.024965265211389	10.44613237981525	7.462514666172533	6.29818304831008	6.189877595641134	3.783594589967207	13.570983057895642	3.1436567105257294	6.678330300176948	4.808428313483551	9.310197520485193	6.002111196374532	12.857931736767128	14.303475133412773	5.5697783238152985	8.929569550647235	4.938518973417048	8.099618979325323	6.377493377479842	7.941644651614026	9.78212338333211	7.893418684322662	17.270320780747728	5.1105472714908045	6.950568782611814	6.419147849269184	7.307150576391937	8.097769439321809	10.529009472309601	10.174920314126643	7.518925824142244	8.903332328789121	6.671714071519703	13.862678613191	6.280788745913014	3.20796975197882	4.905804603521702	8.338019081284337	10.909272687795482	6.908968726669848	6.631208949665561	5.635264846535263	11.133592389988664	6.444101317937515	6.977408788595013	12.550331756097586	7.718542249964014	6.86436784060034	4.897690145502691	4.363468884292889	6.306046426389875	6.151433683590353	7.900885171587399	6.994783822149055	5.888646229534856	9.457039508164847	11.070414509095828	5.728858470749386	8.67448214612625	8.657423330304548	10.538172171229382	6.017867435215138	3.001333818764956	7.77188453758722	6.8801164794219245	8.60037398810966	3.919136349413855	14.122190695724036	7.90477851706462	9.064812440267591	5.117949791441044	6.2692332984614945	7.38711611559115	4.955978058530956	10.970071912608889	9.733559032042672	7.848360539111195	5.382206210971301	12.66645900982195	5.86772844968749	7.581084979213704	4.178936314532108	7.556708937430001	10.395642309412978	8.047705942717537	7.277756698394407	5.704559916271306	11.705123339363972	12.46249587552173	8.62241037802166	6.37850051940489	11.301776537834463	5.729420871560313	11.143758087578307	9.063620972524163	5.763766687613761	4.329422328243919	7.167228841744562	7.866431490156536	9.08965652732552	9.537038212612279	8.730570089504413	10.69142008439174	10.87170035469934	8.256855878014001	14.3994563253011	4.125746144855659	12.225986465369195	6.73930994715108	7.36448189140781	6.351790498554823	6.386273284791787	9.848949119683473	9.620157027661367	5.8991588517430955	10.03921028324864	4.437578200636463	9.692897090013854	8.258722170424193	5.984085381366689	8.76226923202471	7.549583965621895	4.593960313596682	10.87927849258094	3.5779490361683277	12.064353349922438	7.572894071686581	6.601251297654076	4.918436602108139	9.115402262005952	7.7982355753315975	6.799134879619092	5.950628363098	5.7565502593397415	3.9495487130572635	9.556065698244884	2.944815234460956	16.599143620198703	6.133505147546115	5.550807017603487	6.271411350406228	10.36245439853644	10.3039144298365	10.757308148683215	8.5313057104999	7.148641470626388	9.057728456989087	6.221123184093936	10.226695717159998	7.5097889435375755	12.141600566459969	9.208527984073589	7.9610781480326755	6.383963844152549	5.978762285041749	8.96266761496569	6.877320337845873	7.930466104057952	7.998453583529119	6.182611228129136	7.56777988824365	11.62481779768971	4.957359568007274	9.830165973873319	10.59269449482146	9.605613406120042	7.358248241375856	6.838068620335376	5.344217970076998	8.775664985387765	6.3332211698161	8.306238271785872	6.237732918888248	11.958433310190527	4.6304966430507575	5.489491231350519	9.374214780619097	14.192249207828299	6.872481933343323	14.553260177338872	6.228536225907575	6.5455886004291814	10.554691932748534	11.081933840644702	5.989873257078885	11.43016665889227	2.9916529426861156	7.875837091108191	1.9751848567221204	7.686598788942778	9.703222868749611	10.885550148393726	6.716921735697307	14.819078898044594	9.229045631574394	8.672710208381492	7.054409404249445	7.62943056719796	10.35726445722755	3.941479134855141	6.306117153122628	9.794501419816383	9.732517518006617	8.034831997053345	6.13621924420282	6.490579303928499	3.6875777416503963	10.926357709815527	14.685631797762271	10.468294031077306	8.97464018533432	6.500198410655119	3.578580072991581	12.386934779103507	11.369432554613326	12.240574883075677	8.34208122788608	6.780649684489498	7.04143475006444	6.914416684898009	7.7169509296316585	9.65405839492674	8.762313012542332	12.048989251231625	8.958888554469027	6.766366780047833	8.672589598251811	9.94719074175497	6.2578689413462385	5.129445939965624	10.249713267744355	9.13013955792934	7.333045613640856	5.974232160763978	6.658755404339082	4.53224937403958	12.292740509653898	6.164178834127353	7.959718552159705	4.808026555186047	9.278426662276052	7.841710269542137	3.9049046760340604	11.917988614261057	8.06245622282602	7.470690663720677	9.06137865218641	4.761896923086367	10.013948872788632	7.5741394800307384	7.350434779307316	8.564938933531938	5.667113391729373	5.360556538174862	5.399177429250298	8.271098978165156	6.005352257442274	3.9417958655786047	7.721525110015988	5.170943344016764	7.213176534105606	11.33148427109586	6.830545613302758	6.752453321671213	5.48496003581189	7.122203187123141	9.873203080564902	8.975010094547342	4.562284893149551	8.57399844785064	9.480503600613606	9.22214369434056	13.883142014312147	6.443424303303147	10.705447258466823	8.128947654646282	9.003453641695632	7.44350874722124	13.009994110178221	5.34971103111504	6.784999246861297	6.8683900754924805	6.610611442963048	9.35601204872898	6.2867085228820105	5.339715756086544	6.209197728419985	9.68425134173769	7.857681580972329	6.652999448195845	4.899196022321936	8.862080865699866	8.635413675734215	5.815494446512518	6.4410249733572025	11.614580794136575	5.616586300482288	4.065962450106224	7.538516778949597	9.833400860106398	5.95019015264921	7.414045587046118	9.578686099139547	6.267888367437646	8.257911519808268	6.644105750221214	5.989334505946632	8.655648881299825	9.778082983362205	7.885756774862797	11.64867094817213	7.879484957607111	6.258003713951582	9.44589702735283	11.752938618917854	7.43049330244602	6.550059760385345	10.189940240808435	5.822568559321997	6.295787759146531	4.936622737170503	12.265699093395238	12.942561341158642	8.443606666833995	4.525253092621118	12.823630692167056	9.169289283426465	8.914792879251396	6.998703179875327	5.2288475706242	10.847016791227771	2.3531201815329363	5.682590762639282	11.200813195811598	9.220533809846897	7.932261831308555	7.323592557244155	8.497083624130926	9.833195142984891	13.663098552549712	5.380864264719307	8.011375627551788	8.712599127395627	7.261128160534781	7.809191409358715	7.198700829967027	9.118645552678453	11.14825699468423	9.331015015547665	10.980280295386544	10.160067319450514	11.0801508222644	7.718849820238921	8.970220634601219	7.892419648288669	9.634358893075172	0.9736917329217166	5.776017083759837	9.342610533948466	12.781336341170833	11.705293064968577	7.226655317433003	5.456139507092027	9.823967182665506	6.8404476665902365	9.568248808311992	7.687791626219476	12.298009618341576	4.124440027387944	15.267298319860956	5.799747399678097	9.252005774614577	7.74443704132014	8.44319652253558	11.079775424419205	8.725679880436449	7.119108911924613	6.895859620130689	5.502990655363623	7.251452076337311	8.42676189935244	7.160940843466502	4.416416326021652	8.28281713660043	5.152488310232565	6.921991429947759	14.078305751678966	9.496959354545602	4.207460516338279	8.038554011330177	8.62478714464586	14.11988339487853	7.80377584905565	10.763160650556518	7.501055607315549	6.564019574824698	13.737300396836405	7.150710476744683	8.256114851240715	9.659540238875609	10.348390181146554	7.894939871148259	8.943253374781994	8.376018118029675	10.781685281658433	6.492033626662947	4.383795718184452	3.96849071382826	8.341939168819982	9.391486259064363	4.7447167815436595	5.690969134088168	9.756816201388082	10.244975380171674	7.261923376004569	10.871896927681844	9.419979376096485	4.117189240794618	4.982135212880578	4.712455744501316	10.7810965369144	8.122371355821773
G8	5.634026326492365	12.1712798951098	4.011006344991341	2.8706281469233694	0.547915282453374	3.7028698794250383	5.3185975379724715	7.1570866984285715	3.4611754160426966	6.455579037466179	5.713915678718802	2.325324208029288	0.0	6.5214616250249895	3.1206970333588595	1.455241943441206	1.3883472127581904	3.2513359626485197	1.1567258289905271	3.3544719710064963	4.280177793029348	3.7606917741964323	8.410128803097418	4.3157069578256575	8.46147857779326	2.985170957549616	2.7238576904991936	5.084388172844645	0.7019174525124398	7.996141532722578	5.9854803917417305	4.814258384572163	4.05161263151695	5.763936465070459	4.054378421925718	4.707982054915392	1.0860995899371821	5.8239227875936885	3.089913722379482	3.6719802603453466	2.443185658457761	3.9638441290710555	3.8457024428003814	4.683838891655098	3.917759742862088	4.624005512785373	2.0326706286819034	4.784900244046073	3.074614862594726	3.974712347148378	4.962765826900398	3.999840335766605	3.2262084548024283	2.4095392593510856	3.8699868551260375	2.40933002878745	1.9478753734998253	2.182957924235131	4.81099142216931	6.472190609427861	1.2322689845693395	4.083152217368226	7.465244080206719	1.491875501881871	4.399128025818474	6.756735660404992	0.9866203531002581	1.963015569916588	3.9937529022075924	5.805331723950354	4.055685524436006	3.926419563252423	3.0751948656243653	4.977638218082927	2.486358345061438	6.466504929694022	1.6878474275505218	2.806943827280897	0.8489659279416011	2.527285739331922	4.343486836208024	2.6852826252334463	4.237113424136004	3.408362993808674	4.145810925129606	3.268416037691783	1.2743748347663815	6.921969071510172	4.23959900028536	3.1200956345996187	5.6484149056333015	2.8411765401924245	1.609032916574896	2.5956575631696266	3.2145797284560786	0.8519995695619634	2.8818934624777297	1.9378320810116847	6.868856436145522	3.2333277480848666	4.759986546962556	2.8973974060090453	1.6422070431219369	0.7708361481287735	4.053141020716163	1.9398049410729594	4.341106138955284	2.548014933602709	4.080378569642991	4.3440935062550095	3.068955050319811	4.191539324281314	2.082635815544867	3.5134530322153843	6.020299338458524	2.969631702271056	4.6283034965410215	0.6304190567137518	1.5283195513086567	4.80716181565315	2.7241927805762467	5.871837542655315	6.49046412783185	2.3669993391392885	0.0	4.416007754968688	5.978214943592343	3.08159873501646	4.4882318437220645	4.173355251854733	5.141590264667737	1.915975493392601	2.9832133668405594	4.876472050794578	3.9378200488763135	1.000246868009647	4.902346262257089	4.3324979824638055	9.959816796739432	4.53898107493912	6.360129118299988	9.225269403300397	5.222551741041927	0.6709069812718832	5.600895474809942	4.903308795690879	5.26597533569332	4.420382568726525	1.9227753673731287	4.840992099887358	3.416341599916496	0.9704568386579359	2.5643983935683177	3.8538626291087703	4.9453645336973375	3.0397541175780405	6.930926574688091	4.733244442634983	2.935765547036241	4.003400183197737	4.183670672920048	3.3730190636185475	4.89427095956448	1.400037438268704	2.783426207080054	7.670464062150245	3.942752989579683	2.2619442269346566	3.9010430626907207	2.9136032508181415	7.231794794240266	3.1567381715179645	8.588726416854554	5.689474387105994	6.362106205413688	3.6042684994342093	4.448638123363362	5.780642695662183	3.8258118328752793	4.616354460217231	4.377460813437526	7.55899240616289	4.514914077238308	3.8386428011042253	1.917143450462651	1.607885286649939	2.5478946856208755	2.0970650889400884	0.0	0.9881502899602538	2.7051627478740996	7.568936422521384	5.12408061164046	4.3100049182870706	3.9765854856755474	1.7933135876841535	3.96215242095814	1.2726908093505769	7.819669805357261	1.4336388103729756	2.7016535981436323	2.606860108724212	0.9965953348151874	2.870346584166282	2.450728464934185	2.395293372545829	1.9529727065947358	4.425018208190593	3.272677525444955	0.8140987986484497	3.2981345724698996	6.9893760806421685	5.298639885393265	7.649669574569802	3.8589594676496164	9.371869924578444	2.472469491637436	6.743757801005044	2.9736774447122807	1.536260376931207	3.1606312137128074	4.972936949887844	5.034892278687301	3.9243349664298472	3.4388943954212223	4.5873508282540305	4.8680571552279535	1.3323108781321087	2.8802367911718467	2.5969651660029354	4.757948932056119	3.1445340222575666	3.995791568616056	1.4435109123319487	1.9487365870702158	3.0443261759251548	5.628438117616244	4.750926257031436	1.2291312125440863	5.972048419503772	7.106091631981029	6.528872435334178	7.25529994893991	2.350604057281128	3.800162456246871	1.5082361305373266	4.2986954662501144	3.9884028058544128	2.30457823703773	4.225164340665791	5.778942265937193	2.420341289211523	1.6235634516404798	6.771569728851948	5.5097169390347585	1.9281861409142393	2.521527660827328	4.621270678147658	3.001879558567699	6.8324875914757195	3.9856306973527587	6.816597628360406	8.115624062692934	5.314288099539771	3.516535153135631	4.558958321342805	3.589672492219461	3.826719311577841	2.114132547064784	7.496587284851187	3.851659211529527	2.339153017376884	1.11397404751841	5.47381749264994	3.994695569945652	1.854869448466248	6.383683939889775	4.966993056282051	3.554847067093247	1.9445860395941643	4.12645868167669	1.9989417287122775	2.9989958981577565	4.230952476689262	12.454672626417956	5.771302613244975	5.806088108026362	5.418277274289847	7.263735833003962	5.846486603005341	5.149569236646987	3.209527779004921	1.5951614624375283	1.639427275668863	2.43896393858982	5.58481544366118	2.3941071016605586	4.978225591017938	4.968460766170955	3.6104323825648947	2.8718552433980093	2.414614220917988	1.9482119471007069	3.2668201665893357	2.5698440836125087	3.2862956000466945	1.3558225466265008	8.389496421734014	6.205181459988732	8.603150489748785	6.1507384798011095	5.077135713439001	0.7545839385539201	4.808955089924372	5.962623366277152	3.8811816043989027	2.597003414034246	2.1331301203474973	5.811075602705845	4.8122768016591575	3.6480255791808953	7.59028696239182	3.543956369958013	4.981556343102542	4.454385299436389	3.2310458906717883	2.056082302984511	4.872668255175773	7.726895144070831	2.1002062337081178	5.623309612230087	1.7939628965128	3.7767303833960564	6.101998370935702	7.782229028260566	3.084218080072695	7.846034498305124	4.554484989954107	2.593357366246771	5.100141832140427	5.239840263662469	1.1710182455728204	1.9341668391783107	4.5540497742706005	2.5751766238600737	3.807244728073467	4.972970668356548	5.176836245806982	3.9512096551616915	3.4898941556625207	4.730256445330235	7.563998576895899	6.015931344633765	3.148390428540454	4.890921328951719	3.723447189647541	4.927376442543846	4.515055484496298	1.364538645686565	5.63438904418508	5.967095594648017	4.459770646405172	3.9435466662004868	3.338660505239791	3.355518003204864	7.1454338674580535	7.7903894728053995	5.386204575287231	2.5533833126253227	5.62232973930326	2.3251105006854402	4.293802687874288	1.6788953229894572	7.713600816493401	5.703758710791818	3.81054971582837	5.067590263500718	5.585949877158151	5.137697218847145	5.495620253506928	6.916698524809362	7.797053995579076	2.7167326153785454	6.2554799285000815	4.8909091364044315	3.5887071049774284	4.111499813937646	5.014076413715257	6.045502964972816	1.5355404929922905	7.764580795798969	3.3925602439404856	2.532557767772935	2.983101229595081	4.8836571823876245	1.8928018665601583	1.988581444038593	6.645600522986542	3.8751562415172303	3.174372873478903	3.7399087446255574	4.863186924956333	6.858923762918665	6.719038878207197	1.9637074920713773	2.5543918226271383	2.9857943785951484	5.087235627122614	6.586063768514258	7.714073266986193	8.699210616485548	6.236266342029383	2.4041580421855833	1.8128657240804489	4.99898037628732	6.3204655230602835	3.2304723866126683	3.6596465297961016	5.325778764800151	1.5929425341437855	3.53378187929876	5.938381473461412	1.9150365737308641	5.834718363090798	7.256121040080148	3.9721205812029385	2.5708162792265976	3.373286975564703	4.802164416550889	3.064306963945159	2.6358110259325556	5.122774676753263	4.381718230380939	3.2991757918744224	3.5866502135759237	1.2408196829540117	6.778052732940223	4.009799634568965	2.575659390060414	6.631923890548547	3.431664814300872	5.040475397861268	6.210467360377284	2.8393226493207084	4.713916775253994	4.809930227656549	2.88304040841083	6.806994341119385	4.9472984887460845	6.002853659217684	0.6170896899818342	4.048282696799605	1.308146214493833	1.8887658157271003	4.805199892941094	5.193999977745156	3.9959095595056118	4.725820704287257	4.097651545122035	8.717416198978533	4.892824809201649	4.540142026404985	4.399618836111773	5.851560166827089	4.908340048429193	2.0262028748329364	5.342190931127465	6.720080359426421	4.311178606851459	4.942665486549035	8.720795340646808	5.821309719032612	3.8181366090111846	2.687818712765841	3.637910740135823	3.969019472393709	2.2279620649187812	3.944635860809294	2.381700857347981	4.265165280799039	7.715171879303427	0.9856211341553343	5.816437286734387	1.837365575988791	1.604353507217243	5.4539975347514	3.128162789889349	6.62902855239389	1.9330674495035702	8.455304864096753	5.4933940219842805	2.6923175166333433	3.1280217287773304	5.007028614353378	2.5664893442511723	7.497080575148603	2.838811131426852	3.7778554227472556	2.3373287221215313	1.790876908712511	4.484776284395872	2.424699667733222	1.9278887574470753	1.5675704916629734	3.2711366228071146	3.415309683053188	3.7519290483406627	3.0021945888821873	3.59685542675518	2.524200893340777	6.141382535121078	4.5558874199454715	4.869501898343714	1.97649439378918	3.702136152001192	7.046582959979797	5.575196508838162	0.0	3.7844017665086076	2.9101353002449515	3.7588812197495196	6.083533742256966	6.8664962473760065	7.010436244802709	5.636205052906609	6.238365741531718	5.821717565228222	2.946568835862315	6.735506127630286	1.965237149792723	2.382920799917266	9.060104237541886	3.6456836098921572	2.438422809546913	6.730157442159735	4.01655275764374	2.4548161099927444	1.230613293250011	6.970046085550717	4.962471508158547	3.5930740130153556	4.160473421709819	5.886561529544683	0.53530304446103	5.125327384544035	3.423894546175467	1.8805981088455257	3.391552644307268	5.960203979206671	4.897586503767171	4.032419326110602	2.7328856785624267	1.989011905828084	7.909264916006187	5.066760204677283	3.329864752744653	4.495715010107406	2.43961129188741	4.905849909664055	1.2737154848069678	2.755779615042742	0.8019768374231544	6.501456180089226	2.057269755161876	6.792669179949566	2.3219546939666116	2.5556398346555835	7.3094258201420335	7.253058047900775	6.360136266642168	3.2385302770329747	4.108457528970721	5.707841386290851	6.468495540680742	2.9017146502158133	5.997633348566963	3.820786009161429	3.468893788018135	3.008657138781668	4.947101553282106	2.386946114084497	2.9141085529242403	6.043819090449267	4.892705523195896	5.917641033496996	4.761194647959795	3.9116742329352747	3.6607072013997457	8.707104803771415	8.603645747889548	1.9472455996669988	3.8999886725485333	2.9049162735736433	0.0	3.2054988500502137	2.4706574650822546	3.5690467638926364	3.9513079482674662	4.981821609875631	3.0039982728477646	5.100093554824709	4.798726281663463	4.663539376420809	5.8089787445438	3.2330214584534507	5.651487103113937	4.598485423665554	6.6193680509492765	5.256297978040907	2.2061687655677953	2.422390124735832	6.228748065050241	2.9176940743659747	1.0878777055712874	2.808735574213383	3.6025386864172364	5.751724870177751	5.599172871857789	3.426375563230116	3.3930572494509534	0.5401516363586285	4.556836768843746	3.116858892943173	6.634632763687753	2.704781119611731	3.5119297258241406	7.0211099291625585	5.127036206404208	1.2616653232575121	5.828255437631379	6.611919470855185	1.1530836661663688	3.876998073780492	7.884307786041075	2.9939462722229235	3.902362199950875	4.02552122024467	3.0978318493852024	6.831208954378937	3.8733494442211187	1.9966321796290472	6.971704148211815	5.28479166978039	2.2141711891576343	6.473744644844225	4.831897208146939	2.981051894919475	1.3679313060570752	2.9898998043036795	6.011905360123062	1.9166850389387193	4.436482013974865	2.351044447147175	0.8292032923783467	4.01949566547867	2.372805928887388	1.9491467633087998	6.853372331001192	3.3724360429657025	3.6365030965229375	7.793585616987187	3.30508326786424	6.343440219256637	4.615383019537126	3.064025026095402	6.815587624762705	3.9645917981880596	0.0	3.1379542117070027	6.987141644419636	7.784478394886399	5.58124471939549	1.6494045544597995	4.590459219486467	7.221132595019359	4.918045442958575	2.5991005651137	3.88886067521231	3.8369388793681947	5.253462803437859	2.1802195043671095	5.792367126847481	1.5507835023617926	3.041680356252808	3.662669419819021	5.918645268699519	0.7462657103147083	0.6870748281456308	0.6505534118922266	4.398219316793955	7.285386524580347	0.6614695976300131	3.3220804457886235	3.2259948731228034	3.2161119516310697	1.9755404979880564	1.0160974251109849	3.6088026210814874	5.922960836506712	3.3689732804289507	1.501693240544936	3.883237023280113	6.015597463699669	5.739413975315962	6.046369787482026	2.9448992122255886	2.921977553408565	0.0	1.8526098344072974	1.9929846030307725	4.940739417478695	6.798113996590966	4.170199485084944	6.243930733939496	1.5551111002868752	4.853191362336333	2.6208625162372368	3.999700659128379	8.724698433791966	1.4322527164261405	5.829451607063701	0.968528722725802	3.1862001214549367	5.813086303733712	3.154199322681562	6.561547037971153	7.818053659950853	4.167747950877362	3.742877085554664	3.218916869333216	3.9143715584682206	2.4071257673736697	3.949490596476097	3.5632660790435695	2.1999839437518087	0.7002901725734256	2.771413389392161	2.8741985615745667	4.6272790059890605	2.9782750660788064	4.6871219956545085	5.8565022035208365	4.827361407727496	4.8773083749133965	1.3867977037359798	3.934255778551016	3.950961694329217	6.542563564152072	2.4143217655959526	0.0	6.105286034266688	5.935723538292908	4.035216821158312	0.7906787223419279	3.8269116146045183	5.050214844096587	9.808339802765415	1.51891085410404	3.5209161196180445	3.2474466655954615	2.236258037798557	2.8022505077268107	2.97704392935746	3.3872912532106922	3.824119830156959	7.383150143631288	4.055604860732974	2.8571400994065623	3.2096788781433956	6.9606893593696935	2.949451381581337	1.9273643752781109	7.82136290255138	8.719260242041871	5.647236234258471	2.8498637621944303	5.926927236191329	3.016251331677071	2.2588071925497624	3.987128525850091	5.139939412361894	3.7045774049703355	3.094211441905886	3.6330725740988865	5.765450892950145	3.0249350282332963	5.770099330414937	0.7717582302619563	4.109017898750939	4.048813837019384	3.2676921112455384	5.291243596492968	4.193033411775382	5.1095727430987425	1.965956480583107	3.070038059857822	4.976255474913417	2.628341701108978	3.0082402161461577	0.9943715857389637	4.98677438934247	0.6550468762031011	6.709661998603547	3.4773948471585174	3.424111981056253	3.058528016654585	4.8193823610436475	3.5880091417532576	4.859392494784757	2.61331200220187	3.614487961143588	4.662206391822333	3.5710788666807565	6.3344863378206595	1.5376631346516616	7.629495291076886	5.241310030073727	3.85063124456639	2.6534834014342144	3.9285441784618946	4.617247396562567	3.6688774462101383	1.8624267840436344	5.2392639081554835	3.854067480490441	3.4745586219662874	1.9987908888470238	0.9837905122018655	3.8305163578212285	3.5684449544534647	2.450920941632806	8.527432319754656	0.0	0.8570432858850556	15.7949496050801	2.975266255806979	5.658620327554115	1.1570844156282654	4.4903736451976695	4.89497207991545	5.4967014500683185	7.26594235273655	3.563382762386792	3.798153306313111	3.2235171788249835	6.23480900821242	0.0	3.6214378942879817	3.46035307794798	4.838104806416315	3.797893299927535	4.133741579592918	3.249384768262425	5.8938965481739745	6.259453643259646	1.5298029695044502	4.141105381697201	5.5852053535442465	5.328361058263849	3.228305381039916	1.1694070011624278	8.943350032676681	3.7518759740492698	6.164512846100111	2.3866093910908734	2.1568628936589245	4.530091130253548	4.150398636684494	4.398835149847337	1.9646411882280064	3.948204195910907	1.9868046326916198	4.173404185321328	5.05204898591321	1.894660821759016	5.097719674050181	2.6435688944139715	7.664606185584083	3.432240105373184	5.751931111551578	2.27195444007748	1.94727332955647	1.9944414395513304	4.170713877814816	8.276762512455122	2.3553633819111806	6.726708421675901	9.76646775183631	2.771504850454666	0.7802888732982227	5.306894851479386	2.8425512920826734	2.0808594819192336	1.9435391917739244	5.363003576593591	9.695881210207526	3.211436166377492	8.79359209454472	2.191777644199598	1.8126088971981014	3.828228259883286	5.914957583442116	1.350629229838206	2.2219532816687613	5.416323459723667	5.799498858335449	4.976565066433188	0.6810368063971909	2.9790378575555687	3.6038479256789597	4.90278480929263	3.2927558091413585	4.982753785453955	2.9141337663829203	4.975250434391954	8.699143417013993	6.8006518691672335	8.65957399862703	2.289553610643088	8.367721764243669	8.707963941372071	6.7448900126542926	5.134221316807116	3.2134395525960535	7.732118344909125	5.897487986515158	8.3189116419323	7.790483421416331	4.600753264179228	2.0401767897092102	5.794832361724394	4.934596107585752	4.830939901661175	4.864940570198079	5.05528290985041	2.630727245200825	0.9702486211050158	6.644112204782178	1.5515600091960369	2.710317099026087	5.797263938989464	7.865001931903478	3.783758968884393	2.5729654109665274	7.0533991946347	5.481567169400505	2.8600852216932413	2.8530417906283843	4.103568265807368	1.2440672555438195	6.486874129156378	5.621687113641271	4.432538206429808	4.007755934342181	6.865153533510797	3.8417119761063643	4.292604536558605	1.5567828894460702	3.9150502160023186	1.9885917338389167	2.787824086456843	6.251991171665191	6.677731216924317	3.809838666403207	2.3818174843002082	5.854983636010474	2.8745369707071173	5.1356737091934574	3.2235446122984546	4.527194147454163	7.752044167311066	3.1136698999448877	3.040597676240223	2.2080994575691837	1.981307610575794	2.273593315204007	2.5479797399441546	4.5651275673973135	4.123349101893731	2.5727032894472965	5.750484971704473	2.3481011685445834	4.353919058152725	4.865223604499914	5.613786023021428	2.038262194221621	1.6892220559778197	4.938395165360145	2.7355255776300176	4.923280495830929	9.798711340123871	3.079909260540411	2.0575324281511596	5.477943399665634	4.848333984326774	1.4066471524758675	2.3080711537778	1.9356842842603965	3.8670960081492565	2.9106061193839614	5.024728988978408	2.366898616010184	5.26733173768008	2.944495483408253	1.7555865874619183	3.876963416730174	4.541251671185369	3.991106319267632	2.313820042443309	6.514792655674861	5.2287003241033005	2.7234656167250972	4.685217187143446	3.1175232806755466	3.5246545122623667	4.6980800334176	1.2583392725902462	7.360699456456798	1.6635031025417257	5.831131635763459	1.9311618914929223	3.2597275466356455	0.7931643556308883	4.39255537223572	3.9606249452565305	1.91342443453019	2.745087384639081	2.9464286176379484	6.481346243084914	2.0199235908642885	2.3158171983010094	4.361159124327665	2.5356352180632458	4.785630220643293	2.93531463637538	5.595095824650576	2.668144371497633	4.994558830075953	10.990041296547782	1.2945156770628172	2.9951668440782155	2.0835775727166213	4.819290978262657	1.603253664836768	3.641878964377902	5.03511376108711	4.920232562898369	0.0	6.067524509752368	6.1254672210771535	3.779762934737398	1.4101561402106668	3.6651907690137135	2.8703250466591523	0.7477158508096423	1.457174694714354	3.0002279943275245	7.806063903555014	4.860322717333401	6.351757120457467	7.002277442017178	3.4571453858097194	3.9731056400551474	1.0841315307067236	3.404404605621016	5.085505178185217	3.482638132383096	3.9968752946605672	2.680359527722336	3.017532409458311	4.976195638198573	1.608098762776097	0.7894566252473966	2.5832959602232277	0.7572668187672259	5.84569037552439	4.527476783551849	6.7072131864952205	3.0122578296034166	3.765284390398994	4.849181788496625	2.5434810007758037	6.280581263951215	8.180996980999774	8.30010638044633	8.885066858346066	3.812551831888523	0.9687591786301342	5.976046005312921	4.937596026500115	1.3809036183012007	3.556634833510643	4.1396536392827095	1.7885478369878345	4.244374714768047	1.5366950407304945	3.739025459537249	3.469844668773932	3.9709543798494216	6.980679140968267	3.343745535628214	7.742935806586563	2.9285573486728835	0.684790426190407	4.173629681265481	1.2107646650623876	3.0366432348249046	2.5794934547155393	4.671934826485238	1.956086858625685	5.697915111072067	4.836227231473637	4.940937348693792	6.172866807511535	4.197520316115074	1.964298820728739	3.106157281490901	2.6510438888743124	2.7835728096349315	4.942983821066482	4.543239709970847	2.8571625470769555	1.467416044331466	10.039619021072822	7.296718136387687	8.711337565448783	2.6317554313019245	3.2621975585237193	4.893168223465539	5.943023928289465	1.9752443045224606	3.248148315641261	0.5816425547015207	7.757672515211788	7.686163124640666	4.660494081319662	3.0667622180161715	0.8035968783001871	4.9642616668591595	3.9763018434423865	1.6566501097057296	4.6933791714444215	5.669138518464265	2.5588139708386906	3.999099811128915	3.915220681101197	3.9570011330729273	7.610899406617759	4.9105321518802345	2.266499937257742	3.1068284233322676	1.9941091049053317	2.648398607211472	1.641106705644097	4.907375840851676	1.845865071377303	3.7015434799329774	2.337997793958668	1.9725927390460904	3.821025073865604	3.827022921682179	8.610937940849501	5.351052016349927	9.80685057819295	7.755337862979367	2.8338617641620565	5.917975977958919	2.316929865777372	1.289894548859364	5.314717806228223	7.770486118898168	5.234965986118848	2.892897487187886	5.355889385888795	1.2051880103591635	3.681127774625738	3.702664706732509	2.8458846509758517	3.187002954842277	2.315540504576645	6.649988276038566	3.8767208604387338	1.5274780792341172	8.039536928040102	3.985395624994918	2.381737181380229	2.7075380233625443	3.7736935423792524	2.5825308060383056	2.192429713713367	4.988040926445886	2.4439434300262546	2.432304279423686	3.7624735303926786	4.953419609494416	3.4892628904580376	5.896023973731972	2.1140924098106377	1.483034117954229	4.9865086078605465	3.7911407124519934	3.175458410443315	7.774119967455047	2.2662587352292674	3.0584891944087693	6.058730448030252	1.832503684769697	2.5251909511757087	2.8997137153316306	4.292263123307494	5.000846102475742	5.74869665671188	6.4406343171729805	6.547904854439646	7.354572193358015	2.4567274842805156	3.2521976968497057	3.566808132236591	5.771429808119511	5.18484928676148	4.463679296227624	5.350172959307777	3.49385632025896	4.969720508255769	5.513559733620386	1.6127166438449234	0.8413642974371144	2.3155922054707974	4.313024173006402	3.0810225233547417	5.834479024689679	3.0493383042947615	6.828497360447005	1.9707920519515567	3.174356653356046	0.6169076423804102	8.899076435421422	13.951367916191055	4.865339215262588	3.12838501817607	3.4267243524597215	2.536455473531138	8.979442275328271	3.444822972258163	3.8238634345438194	4.888481525068751	4.867582973866971	4.655831704451283	4.244551197329961	6.201946050904844	5.2025943841235875	4.267218467054059	3.8942352241232476	7.973284498385559	6.824806765921385	2.682145093392632	6.056997091360344	5.77330300542838	2.3934332570810577	3.828822023651877	5.408454757361985	5.630488244319363	4.36326338543535	3.842004238358474	5.952142778714821	2.651088053342017	4.599092379954034	6.83135817427529	5.573112568674318	0.7741905540411932	5.355756945277957	5.548848085364292	0.9632719966524798	4.915776691426452	2.380313511365582	2.800906547900783	0.7028234919099715	5.612684850730402	4.831971278830974	4.390501278292141	3.9668139078340965	3.963980604910494	3.092915778619714	5.420265537559052	5.668363490833975	4.659433791463944	2.981635684802061	3.9880434493882664	4.57871508008427	8.371970191967401	4.083781050737136	6.993733089846583	1.0954367466780663	2.470522926950447	8.851384647711928	9.542088678793206	2.5586424039714517	6.189361407434638	2.135253671243478	5.795704405464596	2.9386811183594426	5.330654203292067	3.5479123819926466	4.078849984535302	4.1985295109657965	8.73853003914121	5.517748988995694	0.0	2.875043668087317	7.387217619427874	4.896721502373603	2.891729790880568	5.447000585023367	7.076585482512771	3.3901789152825335	8.72103904230062	3.218116942212318	4.972439451843184	5.821552115856162	5.0693456537451915	0.6442635563506939	6.2288778619688046	1.8313647415012444	6.150037335991998	10.91774367010358	1.8203581706937426	5.404527328848645	3.3647292635061876	1.2969454079721996	5.62355090077281	3.8788252760822184	7.8791105971219	3.019292441097989	2.603196862808137	2.1397307747891396	4.563892882975605	3.9860168751081444	10.309012995233594	1.6175936223155463	4.359779086481267	3.241091248728354	5.325106726500221	2.270576475258397	3.8146773041069433	3.0315695085726446	3.6801715000714026	2.283997589809977	4.994760387350624	4.0482388489232966	3.2371268486047824	1.3451213428969024	0.9951740580164601	3.2911280402973184	4.937015381451585	4.834388149619202	1.67739269607475	5.817014304847505	4.817467751629503	4.942751411409911	1.408967160473267	5.704743184108499	4.913663616718154	3.194982827681641	6.8292886829258705	2.264945552026242	3.967905099356715	2.9452090433585414	3.125399197376304	4.348702777545187	8.556621008654536	3.9888782087994654	6.555834875499537	5.205461554151534	3.801420169270196	2.920431436604605	3.6216824823636435	5.985133527530143	7.136674195503032	1.6465018893245855	5.002611021335777	1.404770170192377	5.3941029152580855	1.111664911817819	4.818128316868835	9.488448941861224	7.780634292714296	6.68111701396417	3.9341024446802964	6.220146456770234	2.8791313941620134	3.949932195787534	3.4740374667738636	3.7650500739773767	2.5566441936573523	1.0986288339898354	6.231822922903281	2.332535039110764	2.275448805548876	3.854097244664835	2.376450076694294	4.086525840371288	4.883781590048609	10.52630219731374	0.6115232446865422	4.85325900374052	3.907262746552755	3.4718489444004326	4.368240770776493	1.5059748015504364	3.5762988980365424	3.188284462138101	4.225665809602267	3.115826473604742	5.093671183504553	0.9777476461047174	4.858955966175867	2.921750932012115	3.4633514475151412	2.3988757163575887	3.9647334204126574	5.195200957877957	6.059086900784755	2.874179674742702	4.738375552651009	3.9887070805217233	5.998216066725256	2.4184232607925042	3.611042594413283	5.773886847927359	2.1730398264934547	0.8023496036626964	7.594682874658379	4.372381904011662	6.102933142739897	4.762469329529219	3.230283761412797	5.8646258875736175	6.8938501777255965	6.051479577491893	1.6188717777374875	8.9773708187921	5.92690203547593	4.312315789180085	4.291181113941541	1.9848675213096214	6.544680956781759	3.740879545717291	4.369388915189561	2.881222933070771	3.4373542736326663	5.19910317279429	5.0174119719813515	2.857604164189249	7.323603072468819	3.0380078779482984	1.930691049017747	3.354951937764655	5.898080014956956	3.0142199480072445	4.344585643668022	4.940774270405143	4.294664157785725	1.7689762082236191	4.22578030245437	2.3234067275686083	2.346131392319539	3.945858010688821	5.827946004520638	3.8506947288195956	3.755224598666142	3.797557604326849	4.483369141757762	1.9627721108139538	3.4615577140877503	2.5034105206808466	1.111649437995298	2.1810554882541955	5.766850165475234	3.4035049741413856	6.261464211156143	5.51019736174507	2.9137573443716676	5.857053604863979	3.289296848468314	2.2427909293155808	6.199589638036283	3.8640721918021526	4.973422123735055	3.118346001183547	4.078890522966961	2.559691763197672	1.7775677901041165	5.101843292232124	4.916059899830883	2.9868859272489408	1.5464595165825845	4.660615058343023	9.75407430119401	1.7413918243129505	3.3365558448865236	7.596262518486997	5.7250549481008886	7.26566481008471	5.221199527344927	3.5887876478323233	4.973717911003101	0.9902639157952056	5.180413365965638	5.746394178242145	3.4045613528485834	3.976721196367196	4.037365822402094	2.8861078094490025	3.834269542829583	3.8921713198531873	7.046543532381859	3.6567861921803075	5.920338876467819	3.9465277952619453	3.1320350360027467	2.4069555574190984	4.482666513735912	8.532107968216224	2.010355996741265	4.816788809613817	5.57573210043403	3.3286645718728627	2.386589160086266	2.4536452677247027	2.4407748542778362	2.3792181688885945	1.6213678773755105	5.9156544522927	2.643423966760301	0.8037304060370308	5.786227332730435	1.5540918735680571	4.8134805288431135	2.8632464130819293	3.598860609455092	5.369624832196773	4.07892967297082	5.7721305224194355	5.988293905244059	1.922843539836536	5.899511937707772	4.983236280949929	6.973431658300299	3.1186293371035	3.9655528092704673	2.884759993674543	2.6169314088720577	5.695726023629333	2.1220357388969444	2.888261395040738	3.033088131191432	2.805388933293316	2.8594352358672537	5.93032171094	1.569064220818259	1.2636631610369282	3.807727878020499	8.702204786438246	7.258309913167975	4.650985944662629	3.934540242352546	3.6582928312602436	1.3461961940498426	3.9986952038280816	7.892705136410949	8.634707140176156	4.3296377032521	5.062830296319414	4.492344865080657	8.085176937984173	4.8211714065142175	1.9975906540089183	1.2725847579412357	4.123316868261907	2.8824961409885805	3.761195538828053	4.173748387562256	9.333016155030226	4.66739320744233	4.5888139193655215	0.70345667618377	1.52524319130422	3.477030986491016	7.223495996554735	2.8553193789735634	3.3055860376468704	6.220568366558187	5.706215311053983	9.689670632792785	4.0089429382049255	1.25085810055108	5.873761009747827	3.0308898747266007	8.96740553442823	3.7910904064694293	1.6832194400716363	2.0983670349428523	7.734458608182613	3.641252610205275	5.9618699687573224	2.8954865000791465	5.556875598497383	2.753246756314667	0.0	6.915616640141931	3.348392328161298	2.6313909513345566	4.1394617352129295	0.952823421179482	5.478736016955131	2.2161415693784905	7.5107917722155015	7.238779301788447	4.859319975914933	2.1253495679775862	6.246788978679822	2.920219700895336	4.854568556615655	7.473644309698831	6.868563924863226	4.091053934283161	6.239147498122737	3.472948627167774	4.51980279657238	1.5034530503854004	1.853850978797607	4.799251399081725	4.587264079928047	4.992581010879833	4.15248645056158	6.547995380298626	6.925698802904112	7.2363106583009	7.349273689779656	9.00891864943835	2.8549342825965	2.4534911610996297	3.1587962203219435	4.442154567659285	6.200566488804627	3.0761054118810023	2.9267045455529046	1.1037962074338075	5.062173501189741	5.549745212367956	3.0879239689374014	4.835022235970484	6.568531498837297	2.1629142074953256	5.289462691872638	4.029287691555493	4.262164162621704	5.000148592179196	3.8450057749547284	1.9429346034092925	9.671953142249734	1.9627150804582523	4.85813228112878	3.521034350893291	2.7136974766887616	2.4107560756433095	3.1556276886684413	4.075269204602178	3.084522813202102	2.715332973292582	6.389988472942195	5.627950703065185	2.5557774043700014	4.7553080042530285	4.0398733412985	4.028146064928692	0.0	2.363122590577421	6.80985125171248	3.404567714427434	2.3493927416958162	3.308179938928697	1.8935535520442512	2.438684767131926	2.5736924617173385	4.849457327414959	2.8880422123915195	6.812587881368622	4.603707497748991	2.3666263387029565	6.043775112224438	4.995987093952744	0.6076935593649724	5.844880812209193	2.3675910465730556	5.7494965765704045	2.695076336430123	3.6741801971496475	0.533187518677834	3.056800931658003	7.73696727884913	3.193978419254399	4.93894486029551	5.2809624903692365	6.681848949596263	1.8858988812923523	3.9516033269285447	4.006892300233122	1.9365545927379897	5.677641636251775	5.739167850322555	2.4588860423081114	2.9764134472110557	0.8404447600113126	3.2680040720522108	4.778303389479352	3.941586169214741	4.761609398416242	5.333470432765654	3.8138616403136143	1.5780118419797002	3.1049397404673176	2.17423305302488	5.074748917989767	5.994361670695495	5.899976036942251	5.0006470543366	3.736754959403615	1.9733108178400667	2.394417907241328	2.272017612455289	8.863531001507038	6.229209395337235	5.858298399084272	2.1759099693930244	0.7530364929812935	7.080535495625468	3.875827147038629	3.2040932459220772	4.568368031101981	5.617627617188554	1.1947455117914665	5.171834560199221	9.542115359283994	2.0319270421303863	4.462713517206934	3.682711755001243	1.2593549055266173	7.213615933628438	2.251438236764593	6.259056100264878	5.41556639230483	3.2638700662674185	7.244793311290813	2.3279450303965	5.829743075630157	9.68151659836047	9.145456168705046	6.853330488715324	6.673830753004241	5.8890801025111035	5.054304124091423	4.641549536475706	6.740467182752961	4.926533651784258	5.145499513456905	1.568956586709969	2.686762942240779	5.1970818731140795	6.33888349587793	6.110527709591083	5.124691861135493	4.155896846210692	1.9760523930099814	2.9854973295038696	7.591904204986965	4.485384426721402	2.956977228645065	1.9406330527126263	8.493208704353169	1.428931021116325	2.132324383712629	3.7986255048471036	5.083961605666855	3.1306665236049893	4.90184076678146	2.587264915868616	5.15927762404175	2.82401530085296	1.6521497422051519	4.36731319026947	9.204191763608213	0.7568775840663816	4.995841276379198	6.074520581618124	3.8139268718887043	4.257471718814485	4.291013589805702	3.717543233429003	1.9262021265537768	6.1618622673487415	8.030984871396347	3.365129548532283	3.550269045832195	4.3293082643443155	5.030478279234157	3.9365839269212954	3.3508081965415135	2.245006858008699	3.8602423021772614	4.088437679213933	5.61675292604785	5.330357423385534	4.884200520963783	3.4132509179109074	2.406921733390068	2.943874137209101	5.471335980779453	4.355932662822896	1.949147445639222	2.9156752618286945	3.8183207593684183	5.9004905032347486	4.696695806417304	9.12494157315963	4.151743823841605	2.9268814703397363	8.60131766278009	0.802683511286783	1.1778689354734506	7.166791333374753	3.9398307496466765	2.06257862054984	0.9720587861076021	3.850771127584628	5.854197533207079	4.839760957634841	6.828193272996343	4.08949386465191	1.6413660107374481	7.689013161451936	3.6867247286871945	6.894168747589938	2.445329614391023	6.426345869469769	4.5870150352108805	5.740403946408673	11.486422250935622	8.592403752892983	3.9312235485575044	5.027542406702096	6.211699609697781	0.0	9.757992622427272	4.7396033642622815	5.223972328707725	4.608912158909239	5.213582357030782	2.4307922920196257	1.6464713108958133	7.2585718062451905	3.215189560467816	2.3094823331608323	1.3002993683578168	3.3361257329570235	7.437618913256885	0.8022588625100119	4.846262382834912	2.2049365493509034	5.078954569040298	1.337150488075988	4.494254242458338	1.544427723990703	3.2180378899083593	3.1808467853974163	6.332956917186029	2.4304263927152654	4.306271461010224	2.273569272655857	5.401352391221238	5.151326962912399	5.798664000891869	2.1493923574557185	2.3539767956999484	0.8315559918427121	1.18964562454364	5.272013443526956	5.703070524080418	6.909430384338137	1.614940075868224	6.106793534355813	6.043749769459974	3.6749068935137394	4.180839542243007	1.6049976969541897	3.9261837910776323	1.9442732851527433	3.6784934972377927	3.404521837452352	7.057804783650871	4.157995493027994	5.856488022590427	2.2099190667758717	6.274076971658721	4.082186723512846	1.981547785701204	4.529487636779037	6.992345289178993	1.6264708913522488	5.276447604341265	4.906314913856387	5.603069207479051	1.9403026674599162	7.226311435239763	3.637433043775644	5.643523629585564	5.590774202752868	4.463502564678109	5.502088730408312	6.651027329076302	0.0	2.3981332352989497	3.620584570410138	0.668910330375734	1.9425509190025827	2.249886026991887	2.7782902281092205	1.952298374980924	4.643002011115951	1.6918606206055193	4.293752891839869	3.777915946377779	4.164173519389071	2.859831338907879	3.853239489969259	3.2494356398432456	5.164045578295229	7.739078748145274	3.990070212208089	1.4088828301387133	3.7943854078440697	5.783222121675868	3.942898208853191	4.747737644292639	0.7360133361662978	3.1003591346125523	11.646886630368735	6.841476949620936	6.961699598842347	3.187423906529683	3.568402081043515	5.307391140999448	4.28871160397103	5.92185604586869	5.5308880500137585	1.9886329709540305	0.7526429848361899	1.772604330921117	5.673327730626903	4.534894316236733	4.60132461063542	0.5803989436742165	6.412799319408082	0.7716703241846051	4.587236418834513	4.699463006919679	4.858341346262633	2.2934832935173755	0.6405256903528429	6.848532993189123	6.69436089395581	6.932531729538275	4.753032461579322	3.843080874563964	2.2745773913549687	2.2935809680582913	3.64086771631281	10.73570712371319	5.185139322088054	2.9918225682542023	5.947327830117538	0.7476460648683615	7.797714461278042	0.6502739070651399	1.9702716358330852	2.5572337169043395	4.13898331477604	3.405598472896684	3.8867171840044548	3.9599612945943483	6.430442485172458	1.1657553456297196	10.724604079235611	5.051870727760668	4.227916102463596	2.6522694762755816	3.2277473400973062	3.6501143984133626	7.047882025637792	3.656957711731743	4.056158397058069	3.106872586677569	2.107248968294897	0.5638565863978355	4.876824257357407	3.9209133250925468	9.963653058512184	2.8767205145350987	2.4410456996657905	5.964868696232971	5.676321964033948	5.817672659637749	5.397467044165428	5.301825201271056	4.234643156886684	4.064168569154161	5.334591338037877	1.8006423977050807	4.856273984823906	3.4775986892576656	3.3814508236731795	3.970143863076239	1.4670946728228575	4.2524496862141365	5.3621054977089955	3.180158362345531	4.808555137011788	3.8846997053346852	4.397584903798963	5.47525598830567	4.9150144227251635	4.664754945281902	2.373878705907137	4.700608603394771	4.458675676889551	12.812012920208122	2.370280225214265	4.9710943499095315	6.427018962989855	5.857723268076229	1.5589625186641212	2.924040698094874	3.88717774321026	2.0249843942940906	1.9889378104862978	1.5225205879630088	1.8269706951892832	3.8685691466152754	4.1883066684426575	6.821822759581714	1.6866406713336421	7.1286788984890865	1.7525849681660233	5.318725473343011	3.522782240431964	9.820061877134574	3.5113240918195383	3.9468364170614487	4.0406764173400695	3.15435582438707	3.9586568692949573	2.881630429328212	1.9923375088991948	6.0565289808202465	6.958910410997342	5.852553847616666	3.7473369718111607	3.352342786631912	7.132196677893828	7.703629097535489	3.1802671208305346	2.460079303685501	4.65912762544671	11.01264234636252	3.253168882151192	4.570195518792665	5.8799899448583535	4.7181748286628995	6.487896468581769	4.796753684258748	5.281371732978234	8.685549428247679	6.01317420122536	5.5924981665249085	4.73918478044914	5.206336263590385	5.981869511600193	3.20773583188464	2.8097492723799946	2.838891929865533	4.905217500163866	4.669785249708869	8.120392065057198	2.970117401543409	7.702722876159916	1.3985968640550512	3.399930627861793	3.9501752901432567	4.984690654684271	1.9485742320950366	5.7647093366685445	3.606063399514369	4.113052914067507	8.632459956148622	1.9739889239934212	3.574839446711301	2.1164828682680095	1.9606817356710022	7.841658901465496	3.784618503717454	6.078426625776444	3.4232181783968376	2.9100535263778036	6.258598037281247	3.1509905067049755	3.7851292463424033	5.299003300145085	4.851016848623867	4.1581686002702325	2.4648078382325433	4.547847718381944	1.4584979916021472	3.356133607549328	3.898843960918997	3.844622112980989	2.0294893241997993	2.655911870494552	2.000854336185059	1.9692532582825657	0.7156758044093374	2.913890536382572	3.8861343348243644	1.9181749817341396	5.942235023973934	1.630363807092376	8.45419726101852	5.655017654804556	4.2173364380030725	2.4197113861245647	3.966203642185874	5.970508816752245	0.7882765622048895	3.926054411333623	4.3186623101610495	4.5576865033041765	3.4731680733927344	4.625421477635811	3.179758751426399	0.9884828643405765	7.711749311448457	2.1403089185759234	2.977547123079998	3.6606147163694924	2.697491973851182	3.317330783768408	5.838038911495262	5.700308562503827	6.168357364414339	0.0	1.9913465716279275	2.7320360851396015	3.667554742486336	4.424805111864589	3.84528378210794	9.335007755947023	8.411012565481295	4.13507353750354	1.5287586700981917	1.5777116414473402	7.440495960301305	1.9811069649966624	7.571253987549185	6.58895978455122	5.479241060070943	5.845221959162803	5.446985568887399	2.283715161732597	8.390678963548966	5.168717585938596	1.2912157538927187	3.0099985698201497	2.3958453124141594	2.5666060669602664	0.0	7.078931005588431	3.9413112987147607	0.6919115469153402	7.436149579548896	3.8535390073045366	3.643257008417772	3.2508410932532836	3.4120982060130047	1.523329937151854	6.357929467790624	2.9048632759639452	4.5543891217222745	4.825068607345563	4.482038076710014	5.1246990547818925	1.2594986482044368	5.328074737911547	2.9416270260333164	5.4358738499429835	3.8624211497167567	1.4910738513514454	5.847567993783945	4.518557567336554	4.8355450975639425	6.872935318319713	4.987906710695548	4.10679078014752	3.553521519657663	3.1982143193408823	3.9798943546237053	3.0132865543729874	8.690071723689442	2.00063961328097	2.582080305136201	3.06775179405679	4.965112274344789	0.7747788961698423	2.4400662901477093	0.0	0.0	4.912291634236049	2.660603242174163	5.623450178993174	4.841969867697228	11.430774200346136	4.0103756352933555	2.824351019836321	2.972455776702242	7.806437986577393	7.224405362566246	8.002831426084795	7.1243551703006975	5.544519763135587	8.547139094531868	7.615129231870335	2.501838402141009	4.667451194367549	3.227270730205049	1.5051954676882857	5.99954986206489	2.5817323120155526	1.2640315360295609	3.9079550691460256	4.0330684945990685	5.800337671374665	1.5098906012660562	3.1897086281972613	5.022022395878344	4.291255767321522	9.82587392275023	4.824458016224961	5.733249504326878	3.0139737676704943	3.9279737195240476	4.0096167639268	3.0927892940393167	6.124374424724405	4.694744945448717	3.0965273462327723	4.260798652952886	3.276520522187598	4.489675340570751	0.0	6.270837547877407	5.131374890736263	4.21633896934245	6.365163292630286	4.855363212474565	1.5428976090201365	1.7082144329523004	6.44181832390562	1.9701949218751664	3.222195825274053	1.6095618815286032	4.5844160837415515	5.953579630176119	7.904585351194124	3.128805432944734	5.625484316972946	1.6345599109269304	2.8441398746575497	2.5992141596052685	6.906969849167599	2.886709215821632	0.6567924582466743	8.666560975328144	6.015546853508379	4.193429165200831	6.420284778764	6.031138720476178	1.9791130780129236	2.1046239738573598	1.1978027248570877	0.0	2.1093566722728987	6.17024737245408	5.873384953217284	5.760674246142418	4.5908889781052595	2.5478062736638005	2.083094561166594	3.682590654290826	1.874245410090381	3.1014131016905377	1.2520750334008324	3.0367121080726998	2.8799919080484067	3.0711644848035915	3.920472222081526	2.9210271048323406	5.039149727702239	2.7840548029245973	6.022231865909003	3.4467981034888364	6.744044525172041	4.990206607158177	4.999742419205936	3.1011119281202832	3.10051329691663	3.134636060186176	2.314816842761018	3.936910997195657	5.8836129532865185	5.940226024592116	4.743930949934757	7.449205864136383	3.402543427186567	4.388599077122658	3.38441165439631	5.686152953362543	10.045566915704644	6.813633895770043	5.064085919423825	6.246123302603236	6.131619864773274	3.552284560770283	4.676713682650043	3.8510573493731166	3.4541806865207483	3.7164597025058534	3.9022329263697837	1.8599662620954547	4.519029846978807	4.999869003094933	5.780186375982809	9.287671461965651	2.982707327355685	1.6388231430479787	7.724518536567102	2.422371020445038	3.8977832427737216	3.8775739522429844	3.988024082214128	3.5132497996578658	4.3311894370001465	3.971573368768364	5.933552552017079	4.411251412282113	2.031844718388854	3.748305825685939	5.073646692091317	4.803603091947417	4.253375355130098	1.5686108066886828	2.80157281687922	4.846111142157177	7.885950910244054	6.839405320109089	1.9408849125598384	5.815607823575983	2.7517136954921955	3.19126339866345	5.792329404678111	5.848364518438175	3.6557427160442924	4.953867959652025	0.0	3.1142025719071382	2.175433910956395	6.320180506634548	0.0	2.720955572888021	5.939018689284105	8.644324176211637	3.927314231255706	6.761301180849025	2.7727915456444263	4.898007985136238	2.541539812414504	1.6272317088702732	5.111150382677444	4.52247868559947	3.7824190557168578	1.9788690407184453	4.555342949576972	6.778733717671892	3.289853805727017	5.885980940635356	4.800531027232018	4.773178755604164	10.388049391262003	3.278270484852232	0.9877263576562921	6.996584777467078	3.1407027177356306	4.037841873759344	1.128692715026463	4.1948332779391695	2.4050273186422224	5.200364148771737	4.831765109114639	5.511229959415171	4.634678429022744	8.07305285788448	1.3065244633257576	5.7898058486252175	1.978087913151896	4.760295689619929	4.772892965509893	5.8955610573679085	4.466920708367983	1.6535946468478488	2.2410227368914692	5.070849567308679	5.596657418431463	2.4722262478228907	3.030806522166119	3.6837703785476514	7.260256653558785	2.0615870799497333	3.285006201774612	4.354192068898943	1.7867965591924402	5.085427018245611	6.82898027222752	1.9279563356024414	3.4339430937077284	8.159982004032202	6.9231286886708245	2.900454909595187	4.918065110265117	4.923093265168606	2.698778927664355	7.195031742154574	3.3479678908055712	2.895853761331909	5.252283930014652	3.0148607161798595	3.962313227183604	9.80388856223046	4.842870863591998	1.7166459660110365	2.8453649830114096	6.4866708833314455	0.0	7.747964376604165	6.1661810384380855	3.408017973822625	4.030323973993198	2.783216520272302	3.085360109002171	7.730270195699946	2.791991677260372	4.722047417029962	3.0742502100662126	2.969191102404583	2.507400019498122	2.877871832104891	7.286603518031173	2.900338786227486	5.641348184920861	5.707198406328732	3.0218813081431697	5.0932889543271145	8.875734460294685	2.993585946798878	6.338136993645973	2.67927254504935	2.9123646806631456	3.1766327044341502	2.6665161323711586	5.779617364974072	2.6061971608397303	6.056974312176149	3.9022015895125217	5.389657869022643	4.291684236815994	1.571895347035043	1.5179027055228151	2.3786470914219957	8.077487276480234	2.3806894261478906	1.8292849591474203	1.5065824516974706	1.5896179809167719	3.9215164517320837	4.290051784798238	3.8301444907656776	6.3438832106126855	4.704912910954135	1.9698482832269344	1.5897920780366281	2.535546426842496	3.9339696840312106	4.821731151022211	4.413542794517077	6.019944749171454	5.252694358450367	5.912560670034838	8.726833983464136	3.618091999751159	7.221430693366614	4.129301870344957	6.168284380782882	3.858130744519262	6.715323642187139	3.0865665253253205	3.915931722012189	4.957005953217111	2.956623811311808	2.1915626336168526	5.754246609331485	4.896616347618947	5.249585982947411	2.5124826326056944	6.597557292514895	4.018277127939056	8.922425985105948	4.126585063760756	4.3241081028196655	2.9080677981204945	8.383084561401946	8.013996360212337	3.739888688264984	2.1906347107023985	3.3345062202080733	5.714636327452057	2.043353590487539	1.6709334971445895	1.7859139101294472	3.9508151787336385	3.2398475917301295	7.794714128030918	5.956233488710519	4.603352180391581	3.946709342161331	1.570029161886157	2.5552736357454022	4.964691987579867	4.814360886951888	4.05952809799552	6.478215551457447	3.0967674918557653	2.713312083767105	3.2223967817752475	2.428181544215215	6.004542664367732	2.9705739885409286	3.7684732475478087	5.346616253298033	1.9623218414086805	3.0320069386488497	6.942264437688034	11.843946388576882	5.611022957409321	4.2264486349014465	2.0875485731228745	3.2220506589687576	4.98386342042501	4.429528855093266	3.5624041153680066	5.88374386337172	3.0610563409391816	2.7271680526830555	5.605374601235444	3.355327463776556	1.3168141952645664	1.9985096634711585	6.870087267790665	3.152346502721616	1.7479601856467095	4.4557788105828555	7.710650796556666	8.657423330304548	3.832062607719775	5.470788577468307	10.004446062549853	2.5906281791957397	4.763157562676716	2.6876168712842685	4.898920436767319	0.7845661497624464	6.916681202431542	2.589946411505026	5.629744770585148	1.8807699895384482	2.462372038530383	5.947173670237147	4.113776967228333	4.866779516021336	3.6223202488205515	2.6911031054856505	4.871715003777672	5.86772844968749	4.548650987528222	6.790771511114676	6.549147745772667	7.196983137285907	3.714325819715786	2.5991988208551455	3.565349947669566	1.3770733340428203	3.8346141155451474	5.389006486263537	5.315417099504075	3.013807076755857	3.125138657214716	3.343127426273492	3.8844089882246413	10.566905593958563	4.8706001192744095	1.7918072104361404	4.916519681347835	5.302299640939887	2.3842595531530697	0.7275475074587011	5.34571004219587	3.8370707134232966	2.7522852926713335	4.5471967343056106	6.188619217283489	4.075328821789731	5.5139808658508835	6.312413049778123	4.4462533489883755	8.708554479261528	2.4622372799208683	2.672265841017046	2.1451486733611254	1.54449388973056	2.7734863753977894	4.846448545006927	4.955233302254516	7.978780508488918	2.9207564106749033	2.264875189686568	6.125280418128909	2.9011409313549175	3.5779490361683277	3.351209263867344	5.507559324862968	3.554519929506041	0.9836873204216279	7.596168551671627	2.924338340749349	3.399567439809546	3.9670855753986665	5.7565502593397415	5.9243230695858955	2.12357015516553	4.90802539076826	4.979743086059611	6.746855662300727	2.4670253411571057	5.226176125338523	6.661577827630569	5.495421029246133	5.867622626554481	3.2812714271153465	1.5885869934725307	6.038485637992726	10.180019755790077	2.727118857909333	2.8883803628990674	4.856640226583988	5.666786451737593	4.975673842520422	1.5959909610381373	7.971683046722331	3.98340782887364	3.7031724896093166	4.95654131503622	0.9998066979411399	3.091305614064568	6.05422391059492	3.87493926589657	5.948831481608729	0.0	6.473313302390893	3.2018711353733478	5.1507737689630995	7.407907672029991	2.672108985038499	14.62610830897961	4.749915877362075	6.229678703839404	6.237732918888248	5.627498028324953	7.202994778078955	2.195796492540208	6.249476520412731	4.174190943478911	5.286524564110248	1.9404346903118497	4.152357483938384	1.6363971501072954	4.8713962766531695	7.387955893763134	2.9949366285394423	3.265761902540649	5.983305885372231	3.675390642517156	3.950369713444241	0.6405498990785649	6.237786129910464	1.718771076062167	1.9191204959135162	10.139369772346301	6.712033186599559	6.004183990417956	4.115072152478843	6.455672018398274	2.180476727837379	5.912218702282711	2.3647939324209855	4.52053911683833	6.73789674323535	2.142621865880892	3.409010691223789	5.769403825714221	10.009139584479648	1.638953656472329	4.195894799360649	4.407702749927287	3.7394334105559666	4.727417025930995	3.578580072991581	1.9558318072268697	0.7579621703075551	2.7819488370626537	4.550226124301497	3.8746569625654277	3.52071737503222	7.605858353387809	4.823094331019786	2.9704795061313045	3.894361338907703	3.2130638003284333	5.9725923696460175	5.799742954326715	2.6684891071544032	0.0	4.693401706009679	7.694168909948436	5.124856633872177	4.869407764228981	4.277609941290499	4.978526800636648	4.994066553254312	5.287624269712843	4.609777691120211	3.3622793640694653	3.061430212369117	7.692842488297677	6.423526150806499	4.705026161725282	6.833583183059606	2.837616336728823	4.3977033942687385	4.022679588157287	5.330222736580241	4.232797264965659	2.3109112783358383	3.7870697400153692	6.3003726679777	8.564938933531938	4.533690713383498	7.370765239990434	5.399177429250298	4.41125278835475	6.005352257442274	4.927244831973256	5.515375078582849	3.1025660064100586	2.6229732851293113	5.999021084697808	3.90316892188729	7.717089510481387	5.48496003581189	2.967584661301309	6.911242156395432	4.986116719192967	5.865794862620851	4.539175648862104	5.056268586993923	3.0740478981135198	1.6333108252131938	4.027140189564467	1.6903337776526561	2.9031955909451006	3.601381456678253	5.413460907069993	3.393911507003014	3.209826618669024	4.846428033472355	3.924794328852846	5.876099060411598	6.432258283501173	3.1433542614410053	4.805744180477889	4.139465152279991	1.9368502683475382	5.051366730625069	4.0941535065820585	6.858874431250711	5.453588225046072	5.756942450489476	2.907747223256259	4.830768730017902	3.8715269313788587	6.637783809660886	5.08245306263278	3.4793154364382755	3.511928878609428	2.704631887567823	4.324859925776902	2.5543162931038794	4.387521857206352	3.753596145367394	6.644105750221214	4.192534154162642	2.1639122203249563	4.889041491681103	2.957158790573549	0.0	3.636685365049436	2.2756377141642115	6.926991153392075	1.4691173273647318	0.0	6.550059760385345	5.731841385454744	8.469190631741087	1.5739469397866328	2.4683113685852516	2.5553539777906744	2.4267302514672453	2.814535555611332	3.232323637586513	3.205907673041764	5.348752081998771	2.971597626417132	1.9996294799643792	5.751732327686621	2.9582773066984833	3.137493575377248	4.1327932819194775	3.5002541236911244	2.8370873261067375	2.974598186740708	1.2205987595406924	5.228974537926724	2.2691988791503594	4.5543661841832375	5.380864264719307	9.34660489881042	7.744532557685003	3.3512899202468223	4.164902084991315	5.039090580976919	3.315871110064892	2.6231192928668774	3.732406006219066	4.182963922052017	4.354314565478791	2.6070943111210356	3.8594249101194604	2.446423809436696	4.20929047908729	3.96708895597213	8.763225596295449	3.850678055839891	2.1982613021055215	4.511059885119117	2.341058612993715	3.6133276587165013	3.8192976549644193	2.9471901547996513	9.32788318171396	8.611423927480793	3.416796278319767	5.534104328253709	5.671105037658423	5.089099439953652	1.9332491332260322	3.3643657362234825	2.9041638904950524	1.29895331115932	1.582825060631315	6.980543904349159	3.5595544559623065	2.955368408627438	8.00435004416527	2.589804312977611	4.21338094967622	0.5967450702888751	4.416416326021652	3.822838678430968	5.152488310232565	0.9888559185639656	3.1285123892619926	4.431914365454614	4.207460516338279	1.722547288142181	2.156196786161465	2.491744128507976	4.459300485174657	3.9138766002023706	5.250738925120884	5.04924582678823	3.232305975726213	6.5006458879497115	2.9486124468716843	0.9659540238875608	0.6467743863216596	4.736963922688956	1.7886506749563988	3.4900075491790314	4.312674112663373	6.492033626662947	5.636308780522866	6.944858749199455	2.5667505134830715	2.347871564766091	4.217526028038808	6.725690794831472	5.691476117476381	3.2352553832121074	6.70331388554268	3.8051639246886455	3.1399931253654954	11.3222704121852	4.982135212880578	4.712455744501316	8.820897166566327	3.7487867796100494
G9	11.26805265298473	6.491349277391893	5.615408882987879	9.32954147750095	7.670813954347236	6.1714497990417305	7.6824186659602365	6.506442453116883	6.922350832085393	12.911158074932358	5.713915678718802	9.882627884124476	10.309452178437683	10.325647572956234	8.841974927850101	11.641935547529648	11.800951308444619	11.37967586926982	10.410532460914744	7.268022603847409	8.025333361930027	10.52993696775001	10.933167444026644	14.673403656607237	10.576848222241576	10.448098351423656	11.576395184621573	9.60384432648433	10.528761787686596	6.2826826328534535	11.115892156091785	3.8514067076577305	7.090322105154664	5.763936465070459	10.811675791801916	7.84663675819232	6.516597539623093	3.882615191729126	7.2097986855521246	6.731963810633136	6.5151617558873625	10.305994735584743	8.652830496300858	7.025758337482647	8.814959421439697	10.018678611034975	7.453125638500312	6.698860341664502	9.838767560303124	5.962068520722567	7.940425323040636	6.9997205875915585	6.452416909604857	10.240541852242114	8.513971081277283	10.440430124745616	12.661189927748865	7.640352734822959	5.880100627095823	7.5508890443325045	9.858151876554716	9.799565321683742	8.087347753557278	6.71343975846842	8.169809190805736	7.721983611891419	5.919722118601548	5.889046709749764	3.9937529022075924	10.643108160575649	10.544782363533617	10.208690864456301	10.455662543122843	6.636850957443902	8.287861150204794	12.12469674317629	5.063542282651565	8.420831481842692	14.432420775007218	9.26671437755038	8.686973672416048	5.907621775513582	7.768041277582673	13.633451975234696	11.25291536820893	5.447360062819638	6.371874173831907	8.899674520513079	5.652798667047147	6.760207208299174	8.472622358449952	10.228235544692728	13.676779790886615	3.6339205884374772	8.840094253254216	7.6679961260576714	13.448836158229406	5.813496243035054	6.868856436145522	11.316647118297032	6.79998078137508	4.635835849614472	11.495449301853558	7.708361481287736	15.401935878721421	6.789317293755358	6.511659208432925	11.46606720121219	9.180851781696731	11.170526158941453	6.137910100639622	10.059694378275154	5.206589538862168	9.369208085907692	7.224359206150229	7.919017872722816	7.5209931818791596	9.456285850706276	6.877437980888955	5.76859417878378	16.34515668345748	5.33803412968665	8.924388175768794	11.834996695696443	6.957160397034978	6.939440757807938	5.978214943592343	13.096794623819955	5.610289804652581	4.695024658336575	9.140604914964866	4.7899387334815025	7.955235644908158	5.851766460953494	8.860095109971706	6.001481208057881	6.740726110603497	7.4271393985093805	6.971871757717603	9.07796214987824	10.33520981723748	6.918952052475297	4.64226821425949	11.405418681622015	6.160985022290936	13.308981016875244	9.027386289759978	7.367304281210875	10.895727081781063	6.777388939842301	6.263292933180243	6.7931978706055505	6.667435823277626	6.744259600940349	12.363411334243343	8.511311529218514	8.663658218360114	7.099866663952475	4.110071765850738	2.0017000915988685	11.156455127786794	8.769849565408222	7.95319030929228	9.100243348746575	10.437848276550202	8.629272069919026	9.199756975685927	7.916804794271298	17.164589475839172	5.827206501636283	9.401333232512346	8.8388668802503	7.5782880148716645	6.72392427567072	7.422457239649302	7.208536998868419	8.261756514817673	7.06522996136489	8.926894276708985	6.924531690325847	12.507030895535788	10.582589368628046	7.52485679539718	9.596607002760564	6.710002076619278	8.039426433249695	12.739473428104377	5.592173570506902	6.49658235528642	7.90520231968203	9.197553342771938	10.48006581579884	8.5401343527341	16.37801868949087	1.9882927428377737	8.36879674252605	5.547013389341396	7.636144856103462	4.887293628348288	10.752291077797317	12.832854591182253	12.382585516440008	7.972762678521499	10.524604141943035	6.739503278569009	8.782742366001372	5.8589181197842075	3.3187636561429454	6.54535505088991	7.326889187836048	8.57514988842174	1.996964594469191	6.812536995505627	13.599412577012982	4.82369933456202	5.11192904977006	8.241564972124786	13.487515602010088	7.9298065192327485	4.608781130793621	9.481893641138422	13.924223459685962	9.350514231847846	9.810837416074618	9.456959587408361	6.626173418589155	10.344621454859402	11.990797903188978	8.640710373515539	3.8954477490044033	10.19560485440597	6.289068044515133	13.58569133329459	7.9393100178257185	7.794946348280863	9.894060071756753	7.675142887658514	6.787037510044908	9.83304970035269	11.197590786569572	10.066963145306458	7.533314348462513	7.25529994893991	6.464161157523102	12.160519859989988	4.52470839161198	11.463187910000306	5.982604208781619	10.754698439509408	4.753309883249015	3.1521503268748323	9.681365156846091	8.117817258202399	3.761983182695527	7.346289252046344	2.892279211371359	9.245601423033536	8.729066836501133	7.004385636657964	9.760696559251027	5.978446046029138	9.737996611943437	10.328976079791007	7.676193921557448	9.14299139815264	5.572060170530095	6.666534628407571	10.204584830874243	9.16124103728073	4.81923468311862	8.666233225941436	7.0174590521306515	6.126857261351255	8.514827210788795	4.660478164936594	8.037767610020408	6.383683939889775	9.933986112564101	10.664541201279741	9.722930197970822	6.484435071206227	10.661022553132145	10.796385233367923	14.808333668412416	10.897838548115713	6.492715439900597	10.88641520254943	10.294726821150709	7.263735833003962	7.795315470673788	5.149569236646987	8.344772225412795	6.380645849750113	8.743612136900603	8.1298797952994	7.2602600767595336	6.583794529566536	3.9825804728143503	0.9936921532341909	7.2208647651297895	8.615565730194028	16.097428139453253	5.195231858935219	14.70069074965201	12.206759397159416	7.66802306677562	11.524491646325256	6.292122316300511	8.532124507484507	7.647244879776698	6.663300019784535	8.250345534338377	10.564175139754882	4.274626746599441	9.369836718435526	7.2079086938836765	5.194006828068492	7.110433734491658	5.22996804243526	3.4373405726136843	5.2114651131155645	13.915526097718338	5.31593455493702	4.981556343102542	7.636089084748095	10.500899144683313	7.196288060445787	10.7198701613867	12.5562046091151	9.975979610113558	6.185640573453096	11.361765011247734	10.251125326360723	5.339248574568739	7.782229028260566	8.635810624203545	6.865280186016983	9.108969979908213	11.670108148110467	7.650212748210641	8.733067106104114	11.710182455728205	11.605001035069865	7.590082957117668	10.300706495440295	6.345407880122445	6.9621589356991676	6.471045307258727	10.160253398987207	9.888033441043808	8.86923083499419	11.766220008504732	12.03186268926753	7.8709760713511345	6.725016827308613	9.680962693083606	4.927376442543846	12.040147958656794	12.963117134022367	8.764605179843457	11.934191189296033	10.591955285212283	4.929433332750609	10.683713616767331	10.066554009614592	9.289064027695469	12.46462315648864	9.425858006752655	5.745112453406976	7.027912174129074	7.556609127227681	4.830528023858573	6.715581291957829	6.749400714431727	9.851946864094959	6.6684620026996475	10.135180527001436	6.6015771275505415	9.24785499392486	7.693868354909699	13.833397049618725	8.77168574502646	10.866930461514182	5.4735449374375715	7.608080878851338	9.569885613273142	6.1672497209064705	13.788710137716956	8.060670619963755	6.142161971969162	9.705725994748711	10.177680731821457	12.662788838864676	8.949303688785244	5.697600046118895	5.678405599680475	8.948616498173669	7.594972026270334	9.687890603793075	8.253369471045147	3.7399087446255574	7.2947803874345	13.71784752583733	9.238678457534895	10.800391206392575	3.5761485516779934	8.360224260066415	5.595959189834875	7.683741063266634	6.171258613588955	9.665789573872832	8.574866220290403	6.411088112494888	9.668617195095727	17.49643131700562	6.847170983315307	9.691417159838005	10.978939589388304	6.39093451776018	4.247846757716761	8.8344546982469	3.9589209823076077	7.6601462949234564	9.72453060515133	7.256121040080148	8.738665278646465	5.655795814298515	4.216608719455879	10.564761716411956	6.894690668876607	10.01608189854371	12.441024214972211	9.389396207959157	5.498626319790704	13.62927081158851	14.269426353971134	9.68293247562889	11.361098964612067	12.019743820281931	6.631923890548547	8.57916203575218	15.961505426560684	6.728006307075391	7.950103418097983	10.101250232687129	9.01861917685603	9.610134694702767	14.370321386807591	9.070047229367823	18.866111500398436	4.936717519854674	8.09656539359921	5.232584857975332	12.591772104847335	12.493519721646845	9.810888846851961	2.996932169629209	6.301094272383009	7.60992429808378	4.102313505401662	12.843665124154327	6.242695286306854	6.285169765873961	7.151906870566442	11.452793446334784	5.572057905790574	8.90365155187911	4.135434067339336	11.701770504311103	8.896797875788263	4.844886300359338	6.791528005538049	3.0545092872089477	10.079320172871904	5.093075036190152	11.907058417181128	7.426540216395937	4.930794826011617	6.351202286261283	7.67729750543827	9.643964849129285	14.784317012330014	5.816437286734387	9.186827879943955	6.417414028868972	11.589744761346724	10.010120927645918	9.943542828590834	9.020981431016661	7.686640785542504	7.8477057456918295	4.846171529940018	8.862728231535769	6.11970163976524	5.6462765573525795	7.497080575148603	11.355244525707407	11.333566268241766	8.570205314445616	7.7604666044208805	11.21194071098968	5.455574252399749	8.996814201419685	7.837852458314867	11.448978179824902	8.19674323932765	7.503858096681325	9.006583766646562	7.913081938861397	7.572602680022331	9.553261721299455	9.111774839890943	9.739003796687427	3.95298878757836	11.106408456003575	7.687181410887051	8.053061623877344	8.364927241451856	5.676602649762911	9.700451000816505	8.054745470891827	10.64618404894969	1.961856070678859	11.684060408004514	8.198116440591432	8.109875463991234	7.762290086970962	10.312990925518102	5.7732909665402445	6.878330024274531	9.531683199669065	9.060104237541886	7.2913672197843145	12.192114047734565	7.691608505325411	5.522760041760143	9.819264439970977	8.614293052750076	6.970046085550717	9.924943016317094	11.378067707881959	7.280828487992183	6.86765511780213	8.56484871137648	5.857517010907469	6.27714000132169	4.388062253972893	11.305175481024227	10.927040628545564	11.75420760904121	9.072943483748853	8.745234171399765	2.983517858742126	7.909264916006187	8.233485332600585	6.659729505489306	9.553394396478238	17.07727904321187	7.008357013805793	10.189723878455743	12.40100826769234	12.029652561347316	11.377548315156146	13.029375116025214	9.339920122430653	7.546352755391488	5.622407636242285	10.558059517982938	7.253058047900775	5.088109013313734	4.857795415549462	8.216915057941442	12.231088684908967	12.936991081361484	5.803429300431627	8.996450022850444	7.641572018322858	14.569353909676169	12.78679283982209	10.883623417220633	4.773892228168994	7.7709561411313075	8.310251249367742	6.849787732474254	9.145445233586265	6.801706639942564	13.299692391979935	8.541650136599406	11.60947307169522	18.06765607056805	6.815359598834496	12.674963185782733	5.809832547147287	9.398081912381647	10.257596320160683	9.264965494058455	9.279521586120854	5.926961922401199	6.088893078736882	4.505997409271647	5.100093554824709	2.879235768998077	13.213361566525627	2.9044893722719	7.543716736391385	12.917684807117572	7.664142372775924	9.929052076423915	14.016794608109084	13.972402181929372	15.341804123326936	4.152498710033494	11.670776297463899	10.878777055712874	8.42620672264015	6.175780605286691	7.668966493570333	7.69886269880446	9.42253279888282	10.179171748352859	3.7810614545103993	11.392091922109364	5.610346007297712	11.610607336453567	4.733366959320529	7.023859451648281	8.58135658008757	9.613192887007889	10.724155247688852	3.8855036250875856	11.570859073996575	7.495043830081396	3.876998073780492	8.672738564645183	14.969731361114619	11.056692899860812	7.380122237115228	9.809800856386476	3.903547973930821	17.042737554572923	4.991580449072618	7.967661883670646	8.807986116300649	11.62439874307758	11.770444808807682	4.831897208146939	6.955787754812108	6.155690877256839	6.976432876708585	6.011905360123062	6.708397636285517	8.133550358953919	9.4041777885887	4.146016461891733	12.862386129531746	5.338813339996623	8.7711604348896	8.434919792001466	10.679380802724726	5.454754644784406	14.17015566724943	9.08897898662666	9.515160328884955	7.9120851763493585	11.490093847857755	9.087450166350274	6.938035646829104	5.001108816709826	5.229923686178338	8.983467828539533	5.389254273382892	6.278900309319925	7.422320495069099	9.945994975554012	5.157951853585256	7.868872708733719	8.447076836619525	8.425864796293338	5.755408319052292	7.880194205156789	10.901097521835547	6.4359634742749785	7.753917511808964	7.60420089063202	6.802100351092468	5.918645268699519	8.208922813461792	9.61904759403883	5.854980707030039	10.995548291984887	6.724972176535705	7.276165573930145	5.315328713261797	2.5807958984982426	9.64833585489321	4.938851244970142	7.620730688332387	9.6234736562173	8.884441254760068	7.860937654334219	12.764392544631956	13.591329581480396	8.421836449179537	5.217649068469056	7.557962234352533	8.834697636676767	7.79194014242284	3.9519904709268925	8.645512560567388	5.978953809092318	6.352379251044036	6.798113996590966	7.297849098898652	6.243930733939496	5.183703667622917	8.7357444522054	7.86258754871171	6.3995210546054055	9.395829082545195	15.754779880687545	4.769551314870301	6.779701059080614	9.55860036436481	11.626172607467424	11.355117561653623	8.748729383961537	4.209721201511997	7.640871243275163	7.485754171109328	6.437833738666432	3.9143715584682206	7.823158743964426	4.936863245595121	6.108456135503262	9.533263756257838	5.602321380587405	11.085653557568644	6.706463310340655	5.205688881737694	7.743515171804896	6.249495994206011	6.588564978960941	10.459283050076241	9.212693597058637	6.24058966681191	7.30647501730903	10.865144659405347	10.90427260692012	8.852513140518493	10.855683767022683	8.547400447973363	4.946436281910757	7.493974096436865	9.488144668103136	4.9203149330629525	8.978159722838377	8.259654570749824	11.3918314057803	6.455012885966415	8.118616663988654	10.435870843059934	12.610127284770648	8.93113178807238	6.097124255779247	4.588943796188351	9.086954022930815	12.977935554345517	7.619040265084167	6.419357756286791	5.8898140733128175	8.848354144744011	9.636821876390554	7.82136290255138	7.750453548481663	7.90613072796186	8.54959128658329	6.465738803117813	8.294691162111945	9.03522877019905	6.977474920237659	8.811324706906104	5.292253435671908	3.6099133488902004	5.44960886114833	2.470907525550062	13.612207627049834	8.655148995622405	13.891648144715212	4.622645136094806	9.71715320884652	7.188922644740185	5.291243596492968	7.188057277329225	5.620530017408617	6.880847682040875	10.745133209502377	6.9667576648787835	4.599597976940711	7.82142456198001	5.966229514433782	5.984129267210964	7.860562514437213	5.751138855945897	9.041226602612145	10.272335943168759	9.175584049963756	9.638764722087295	2.9900076181277147	10.690663488526466	8.885260807486357	7.228975922287176	6.660294845460476	7.737337544474972	14.780468121581539	6.150652538606646	5.086330194051257	5.82367781119303	9.626578111415975	7.4297535240157995	3.9285441784618946	6.34871517027353	6.289504193503094	10.55375177624726	8.233128998530045	9.359878166905357	6.949117243932575	6.995768110964583	6.886533585413059	5.745774536731842	9.991645872469702	13.888552002585902	9.23805167973421	5.15077062671022	11.141562716505723	6.910290452222545	4.958777093011632	8.230720476442348	6.942506493769591	7.296857173446213	9.7899441598309	7.557964493843938	12.109903921227584	5.345074143580188	10.128408816834963	10.959958408004944	7.793511260265526	11.46355791549963	9.657167718101284	12.11123577281793	6.77334672898284	8.355365259840577	4.133741579592918	3.790948896306162	2.21021120556524	4.694590232444735	13.003325240787827	6.7292962452579514	5.5852053535442465	6.926869375743004	14.527374214679622	4.092924504068497	4.9685277959314895	10.71964564014077	8.013866699930144	10.34197402806045	7.908497276749389	13.590273390760643	6.225597955026741	13.196505449542013	5.89392356468402	6.768350050132984	8.940620847112289	11.129077827523542	9.54275919561384	9.47330410879508	7.136807543670253	6.8732791254763255	5.748454639188063	12.012840368806145	6.902317333861893	12.117090347079893	4.8681833238911745	8.974986477980986	3.6493746430879637	12.038927290843814	7.066090145733541	7.7615866403952705	10.464072591253188	7.7602135812730655	7.802888732982227	9.552410732662894	11.370205168330694	11.09791723690258	10.365542356127596	10.726007153187181	11.63505745224903	7.225731374349357	8.79359209454472	16.07303605746372	6.646232623059705	6.015787265530879	6.900783847349135	10.129719223786546	10.554278087926617	6.190083953969905	6.766082001391356	9.123702621794179	10.896588902355054	6.951088334296327	6.692860433403782	4.358030941593449	13.171023236565434	6.975855299635536	13.59929090978696	7.818250682615928	8.699143417013993	10.20097780375085	14.170211997753322	9.158214442572351	9.936669595039357	11.082863198109909	5.781334296560822	13.20228338607544	7.712254926230528	9.665147931136406	10.48442308713806	5.7192517538284555	4.869052138385207	8.434714317661918	5.610486171700328	9.658053936207324	10.486016728619722	9.66187980332235	12.973174853861543	11.554932365372368	11.180590792103505	10.672734832155173	9.597050962463147	6.2062400367841475	3.7944439386365216	8.373825689651447	7.1500017562758895	11.35127690665318	7.07565488015795	9.068656107387472	10.96313433880101	8.580255665079724	17.118250743770304	13.678560886024561	8.708470788806737	5.405728440963649	6.324398002846429	13.297614619289423	8.015511868684362	12.749570847948624	8.64385194623932	10.016077251970078	7.005523002507316	5.872575324003479	7.954366935355667	4.460518538330949	12.503982343330382	5.7237696145065575	11.42951599920962	11.909087421501042	10.408859797351955	16.289042834007	13.206018109354604	7.252975377671523	10.186186831771868	7.047312879373696	6.2273397998897755	6.081195352480446	5.88826522018449	8.915884247591073	10.610102137618698	10.828913894762657	6.086836756529751	11.545377485302446	6.689028552562971	13.143965649610223	8.609704284663472	5.597895931910646	10.703491929899812	7.718955781654462	12.229573165329727	9.009184298548371	12.34598791340036	4.787169760852531	9.846560991661859	7.838969072099096	11.087673337945478	10.287662140755797	3.912816714046881	8.888612304599087	9.143206491093139	7.6935705125926654	5.807052852781189	5.800644012223884	13.825379067073817	7.89600269696607	7.100695848030552	8.7788862294668	12.75948042810243	7.607541879001646	6.092371083433131	7.568752785308949	10.376876430095843	4.627640084886618	7.015930552265235	9.295467242850313	10.893862466900389	6.246956249524596	9.35256984202664	5.538742804983719	9.3961600668352	9.437544544426848	7.360699456456798	9.149267063979492	4.859276363136216	9.655809457464612	17.113569619837136	9.51797226757066	6.58883305835358	12.541978993312346	10.204930317494346	5.490174769278162	7.857142980367862	7.9216454082148955	7.406386499835724	8.4913297271037	8.72231824865533	8.87472326322136	6.6998823089006105	6.849067484875887	6.21677313850064	6.670360928744083	11.099019622391008	5.861355358158817	8.414351900908311	5.990333688156431	6.250732718149864	5.890244528987692	11.222775653857374	4.6824158113430165	4.531602384978399	5.904279075478043	9.812437297158409	5.5618974672730035	7.796049190461832	10.259356537144365	9.871092981474668	12.828167691547998	6.6974251088713554	7.477158508096423	11.657397557714832	9.000683982982574	5.85454792766626	6.804451804266761	6.351757120457467	7.002277442017178	6.914290771619439	5.959658460082721	5.420657653533618	5.106606908431524	5.085505178185217	6.268748638289573	6.994531765655993	6.7008988193058405	13.5788958425624	4.976195638198573	10.45264195804463	7.105109627226569	7.233228688625037	7.572668187672259	6.819972104778455	4.527476783551849	6.148278754287285	6.626967225127516	4.303182160455993	5.81901814619595	2.034784800620643	7.676265989273707	5.113123113124859	10.671565346288139	6.66380014375955	7.625103663777046	4.843795893150671	4.889492186165118	6.912634437100161	8.975873518957805	5.334952250265965	7.096549095913216	8.346556572609893	7.958202590190089	8.45182272401772	11.217076378611747	6.245720403793078	3.9709543798494216	7.977919018249447	9.362487499758998	6.775068830763243	10.738043611800572	6.163113835713663	6.782148232056407	10.291499653030295	6.073286469649809	6.190784291317295	7.267454174532592	9.780434293128424	6.733899676721534	7.254340847210456	7.764330119375959	10.802516913145185	9.444420711258916	9.821494103643696	10.871550485218153	5.832296555523487	9.74250483372226	5.560856798699793	8.518574456195338	7.857197004461627	8.804496265988798	6.6930793473818815	8.026389950026456	10.295217122803107	7.368915207645389	7.068094710134725	8.698965730605401	9.508838285263144	2.962866456783691	12.18055618365473	7.56135321111977	3.878836257605894	6.725392734060582	17.86522731172537	5.622397399696315	7.232371904701685	5.957114000230992	5.96445276516358	9.939900658234377	8.865271768283908	12.958030899346891	7.676441912516072	6.2842997032025805	7.047397225982155	9.892502832682318	13.699618931911967	3.9284257215041873	4.532999874515484	9.941850954663256	5.982327314715995	7.283096169831548	11.48774693950868	6.870326177192347	6.152883571257677	9.253858699832444	8.572658577848449	7.890370956184362	11.463075221596812	7.654045843364358	7.65416705853289	8.408796025692743	11.032706900467069	6.785920630106946	9.068357645318581	6.90430530761874	9.84695192955383	7.0944200187265025	12.907171815125684	14.763923625906518	11.051594859584235	5.207215476938194	9.521581130468968	7.231128062154981	6.310504756501265	8.886395296158021	11.383538603903407	13.544762558079677	8.104391766018257	11.637479483067489	10.33792229450329	10.69234655463882	9.501270914956484	5.12408008927918	6.549777248795629	14.214574622653357	10.566341918661907	8.393225119624493	11.692958473137956	5.9856491117350625	8.146478100087515	11.350753303977202	6.897868139053244	3.962735687595533	6.978525780916075	2.948011986865986	4.2281848196212755	8.898204707725373	8.975715494148984	7.582281424903987	4.763187615664973	10.550591384403278	15.108391568195117	6.881600687419731	4.957143093842933	4.886676492719191	9.469466066908907	13.531997338214277	6.131804461867849	9.376586442142015	6.70681276616386	12.881268634345961	7.275449838266273	6.2230995482260125	9.008000775695223	8.130494242124264	7.643160283364123	11.542859616239022	4.666364358085333	7.4394654937127065	10.700345918615554	9.084026432673296	8.945496914860383	10.414501719060729	12.901733150759387	13.46182875899383	9.26236882188319	5.750698897341869	9.243067570064225	9.724131707816131	5.336342032515832	9.932359797013826	7.883168207806227	11.110248286746161	11.721245205227794	6.921503894216662	5.979157678367595	7.645533052555495	9.38515505452821	10.96551792787111	5.7070248154450605	6.173366564288186	7.578610538967959	9.286525483892133	11.732355660165	14.602748921600911	7.242404873590885	11.035833113057897	6.201946050904844	2.890330213401993	11.094768014340554	14.019246806843691	6.976623936087364	8.774751556184638	14.08126174031132	7.402996444995977	13.471040345999553	7.978110856936858	5.743233035477815	5.408454757361985	9.652265561690335	7.479880089317744	10.565511655485803	6.944166575167291	10.604352213368069	8.431669363249064	10.626557159983784	8.7577483222025	12.387048864659091	6.962484028861344	10.305003587105114	1.9265439933049595	6.7591929507113715	7.140940534096746	9.102946280677545	13.353646346289459	3.3676109104382417	5.798365534597168	6.036939257651694	5.950220861751144	3.963980604910494	6.804414712963371	12.195597459507868	4.534690792667179	10.09543988150521	7.951028492805497	4.985054311735333	11.119736623061799	4.507983949520908	10.890082801965697	3.996418908483762	6.572620480068398	11.52910699243542	6.884410281553722	8.17893315325132	6.39660600992863	3.376015313146166	5.338134178108695	5.795704405464596	3.9182414911459236	11.422830435625857	5.676659811188235	13.052319950512967	4.723345699836521	3.8837911285072044	7.524203166812311	5.979751491648629	13.416870451074145	7.387217619427874	1.9586886009494413	8.675189372641704	7.4896258044071296	3.810469105968415	5.4242862644520535	8.72103904230062	11.263409297743113	10.939366794055003	7.484852720386493	5.0693456537451915	6.442635563506939	10.900536258445408	7.325458966004978	8.883387263099552	4.962610759137991	13.349293251754112	4.86407459596378	16.82364631753094	7.781672447833198	8.690942301194342	6.787944233143882	5.909332947841425	5.283761771921481	7.8095905884244115	10.698653873945698	9.634884975170722	3.9860168751081444	7.087446434223096	15.36713941199769	11.626077563950044	12.154092182731326	10.650213453000442	6.24408530696059	10.354124111147417	11.368385657147417	12.880600250249909	4.567995179619954	8.562446378315355	5.397651798564396	9.171859404380218	10.088410071726768	7.961392464131681	9.324862780842402	6.347591204723466	4.834388149619202	7.268701682990583	11.63402860969501	8.671441952933105	6.919851975973875	7.749319382602968	6.655533714793249	6.879129063405416	10.383694189965333	9.756126689894101	9.059782208104968	5.555067139099401	11.044533912594531	8.855297725899527	3.805114930352038	6.845296806923629	8.775532059358824	8.19479359437442	6.692736283909115	8.145900362721848	12.411833605569573	7.243364964727287	5.985133527530143	11.101493193004716	5.488339631081952	8.337685035559629	11.238161361539015	8.476447438262706	9.449151750451463	7.709005306990135	6.8527686802331065	10.559432254397974	6.68111701396417	13.769358556381038	4.146764304513489	8.637394182486041	7.899864391575068	4.632049955698485	8.283110162750228	14.061543065115437	9.887659505908518	10.764057775923849	6.9976051173322915	3.7924146759147934	7.70819448932967	12.674400409036236	6.6406044906033435	11.395490376780089	8.421041757850992	10.395895159671216	11.09316343712119	3.907262746552755	9.026807255441126	6.006331059817678	11.294811011628273	9.29837713489501	7.439330411655569	10.26233125189122	10.126436039215411	10.824051264947176	10.755224107151891	11.337563921077024	7.012202236829076	9.004713763539367	6.596908219983369	6.938283485722151	6.926934610503943	10.603402076373321	11.496718698970808	6.317834070201346	7.977414161043447	7.997621422300341	12.092116303962522	4.814723459217711	5.196498163134623	10.140852523636122	11.23289445127775	6.0757462997267035	10.618641766885464	8.137244190319864	11.112428435568178	6.460567522825594	5.8646258875736175	8.617312722156996	9.4134126760985	7.2849229998186935	3.989942586129822	4.939085029563275	4.851355262827595	9.808413974723521	5.954602563928865	7.04811795345728	9.352198864293227	10.923472287973903	9.363974532480006	7.562179401991866	11.140935370273478	6.132392410199429	10.287374991081297	5.633540824976015	12.911533481280268	9.653455245088734	10.064855813293965	6.881093350783115	7.535549870018111	8.689171287336045	7.905238832648228	2.684165098616078	8.844881041118095	6.866892991488352	10.842564728653505	10.557591265437924	7.891716021377642	9.536638916488318	5.50099246974228	9.388061496665355	10.759746545592739	8.326256977550129	9.813860554069768	7.500041713856793	6.258526301702116	6.114071908974138	8.724221953016782	6.920220198570281	8.849112932767603	5.739675526893132	6.887746702181338	6.798767136867224	7.614169686323172	9.045566333287864	7.289070520275637	6.819548601839911	8.280154696718897	6.962790973229078	6.236692002367094	8.157781045933922	5.119383526395344	13.035497127430187	5.101843292232124	4.916059899830883	11.947543708995763	12.371676132660676	4.660615058343023	14.255954747898937	6.965567297251802	3.8926484857009442	9.284320855928552	12.267974888787618	4.843776540056473	4.0609329657127216	5.383181471748485	2.9842307466018605	7.9221113263616445	10.360826731931276	9.403190473487147	3.9719882449900137	6.959262093642593	6.9211985526893045	11.54443123779601	8.627106471366561	7.784342639706375	10.569815298572788	12.433073053413045	10.853954606857668	6.906423641708404	10.648919122409339	11.232459267955793	6.403809305337017	8.532107968216224	8.04142398696506	5.78014657153658	9.91241262299383	6.657329143745725	10.341886360373818	7.974347120105285	8.949507799018733	7.137654506665783	12.970943019004084	8.87348167843905	4.758163140168542	8.037304060370309	6.750598554852175	11.655689051760428	5.883142868586027	7.873927635975305	9.357037584583239	7.159499776262364	7.575155106945808	6.296869660821202	6.986342889451403	3.845687079673072	7.866015916943697	13.703899772612305	5.811193048583583	10.135545345586376	7.9311056185409345	1.923173329116362	7.196561374398159	6.2652986259922665	14.854250172278613	7.702030386775301	6.066176262382864	14.026944666466582	5.718870471734507	3.953547807293334	6.276256883273036	10.109305288295426	14.59629019907858	9.66911642937583	8.70997189580157	6.718090808957131	10.819985666469503	11.70653706003278	6.057882873224292	4.9983690047851015	3.9463525682054743	8.634707140176156	7.2160628387535	6.328537870399268	8.342926178006934	8.085176937984173	14.463514219542652	7.990362616035673	6.999216168676796	9.424724270312929	8.070989194768025	6.447763780848091	7.82577822667923	10.181472169123882	7.001089811163495	9.177627838731043	5.62765340947016	7.626215956521099	11.821905354069454	6.191567997046916	5.139574882152414	9.090361603528894	11.87563051797472	8.299949543351248	6.78276944295495	8.819674464050836	4.37800335192878	4.894800841456523	6.566928061907635	4.981891963571239	12.131489300702174	3.9275120268338175	7.694012461457125	15.468917216365226	8.739006264492659	11.923739937514645	8.686459500237438	5.051705089543075	7.709090917681069	6.493812602624607	1.97589046861198	9.48711159645701	7.89417285400367	5.795246429298101	8.575410790615338	6.696232909611827	9.603280133973458	6.008633417772401	10.134291022503826	12.148299939787332	9.032735663904742	11.712729335024667	6.813845968755785	6.796395979261917	10.79526400289831	12.210780310867957	5.6251991596393465	6.759076456299632	9.550608724711378	13.55940838971714	7.517265251927003	7.415403915190428	4.799251399081725	4.587264079928047	6.989613415231767	5.190608063201974	9.524356916798	10.883240975992177	8.844379693478878	4.8995157931864375	4.504459324719175	7.4228291347508994	10.631795031431729	6.317592440643887	5.71134158699051	8.267421985072836	8.613095153266807	6.585085227494035	4.41518482973523	11.389890377676917	6.937181515459945	3.602577963760302	8.59559508616975	7.115909123740405	10.814571037476627	4.114026538123163	4.53294865299993	6.0888059466024345	3.000089155307517	6.728760106170775	4.857336508523231	9.671953142249734	8.50509868198576	12.955019416343415	7.628907760268798	3.256436972026514	8.839438944025467	6.942380915070571	4.657450519545346	12.954995815448829	6.788332433231456	9.584982709413293	7.235936618226667	6.133865770488004	15.058475346801258	6.4637973460776	9.063328646089559	3.8639468909671706	8.270929067020973	6.190773865193163	10.89461668616779	7.048178225087449	11.578629786250438	11.992505829613592	10.364410260310684	5.147384923434677	13.578480516761886	5.198475982304735	6.812587881368622	7.16132277427621	12.622007139749101	6.648152623446881	11.419399071891986	7.2923227123796694	8.501644817758827	11.837955232865278	9.582494294284007	7.4114599251828395	9.552868512589084	7.464625261489676	9.17040279497401	6.769846368992989	10.380429862576797	1.975577944118204	7.393347486516931	5.139883807381741	9.429494406461762	7.903206653857089	6.868958228971066	10.651050260058943	12.977466597146915	7.014538483727566	7.991379637501362	10.417447065238694	10.925781880147063	8.496810587335748	10.239221548884325	7.883172338429482	4.232541687481104	5.333470432765654	9.916040264815397	8.67906513088835	9.832309178146506	7.247443510082933	11.841080808642792	14.236608967901802	9.83329339490375	9.376213226881125	8.220860910687954	7.893243271360267	8.779532326551536	5.1120396280244	10.949067707743987	6.795501158549711	6.834681465598318	11.604853170096131	11.295547394719403	7.080535495625468	12.919423823462097	9.612279737766231	7.178864048874542	12.840291696430981	10.752709606123197	9.604835611798553	7.296911745334819	7.111744647456353	5.100244019665068	7.979208802502693	5.667097074869778	11.148315533789404	6.191455151102631	5.0072448802119025	8.123349588457245	8.975642682235401	5.634839242115077	7.565821348788625	9.910563228571267	19.36303319672094	12.956062905665481	5.874283276041706	8.58063953957688	10.79664685460369	6.498391016688972	10.609256083373042	6.740467182752961	9.305674675592488	7.718249270185357	6.275826346839876	11.821756945859427	13.363924816579061	12.67776699175586	6.874343673289968	9.395268412081737	6.753332375092374	7.245525441036598	10.150690920313156	13.496718586643492	5.046057480061577	6.899613533505152	5.175021473900337	10.085685336419388	10.002517147814276	7.4631353429942004	13.675051817449573	12.346763899476647	6.783110801144143	9.259032559476092	12.289508350375925	18.425991514434823	8.47204590255888	4.130374355512879	7.096883934187889	9.204191763608213	9.839408592862961	7.993346042206716	6.580730630086301	8.581335461749585	9.224522057431384	9.808031062413033	12.639646993658609	7.704808506215107	8.626607174288237	9.178268424452968	7.851968946575327	6.086175507140906	5.566253482728405	3.3536521861561046	7.873167853842591	8.041939671699632	8.980027432034795	4.825302877721577	6.132656518820899	6.74010351125742	12.183674110595506	2.9305203125782695	5.119876376866361	7.822495633517721	10.303559480231854	8.20700397116918	6.533898994234344	6.822016059737277	14.578376309143472	8.909415105192975	13.276103632278184	6.262261075223071	8.554632724837152	7.61153034370961	5.1220425730945385	10.947131570811024	8.026835112867829	4.7114757418938025	9.121370787931504	3.9398307496466765	4.64080189623714	3.8882351444304084	5.776156691376942	7.805596710942772	7.743617532215746	8.779105636709582	3.407911553876592	7.3861470483185165	6.151210529161549	5.266749612410278	4.924406248278527	9.169986053966335	8.568461159293024	6.307145673414961	6.697137937476786	8.614816688201715	9.45164412818228	7.862447097115009	8.379237344503494	7.764624512122225	8.958737495724607	7.5061481710979026	6.846093748378851	10.970341890286221	6.913368238363859	8.937569754909914	1.823094219014719	10.976475405972089	12.904127655547006	11.253163461637355	11.547411665804162	5.851347157610176	6.11623051042121	6.198015761047404	12.033882937650178	7.754019812535859	7.717277922728162	6.771939425387064	9.360053416531915	8.988508484916675	11.583207929930271	7.508755076452838	5.566481874445478	9.499435375779044	8.101421309050885	6.766998010158924	10.609989939060666	9.452366684637166	4.1210615703299185	9.020144001387353	4.836132804275367	11.181389779574756	7.484003926584409	5.9482281227181995	14.309750775287451	10.455629294147432	1.9741229669537532	10.497110493143456	4.5800951507668595	5.49431797223634	11.024720680541218	10.452098855607515	4.279993858544506	6.870821634385856	5.83281985545823	11.035480491713377	12.256278614828467	10.26589786712854	5.939993561468563	4.791672018483077	11.04959533387936	6.274076971658721	12.246560170538539	9.90773892850602	7.1177662863670585	5.593876231343194	6.505883565408995	8.96996092738015	8.722337624633576	15.208330706014568	5.820908002379749	7.883248838443378	9.457325913816675	7.336580718461234	8.386161304129303	5.579378205847636	8.646139433498776	8.313784161345378	9.040717439251399	4.7962664705978995	7.241169140820276	9.364744625260276	7.770203676010331	8.999544107967548	9.029443241354967	4.88074593745231	8.254225797539469	8.459303103027596	10.734382229599673	7.0161296147015895	6.940289198981786	7.626216903754345	7.706478979938518	8.123589099608113	7.229663809613322	2.9021545305544776	5.985105318312134	7.7488555657629234	6.9563732477141285	8.93770691531725	9.857245522132978	6.528139260902378	7.360133361662978	7.75089783653138	4.8528694293203065	6.219524499655396	6.961699598842347	7.012332594365303	8.666119339677108	5.838130255099393	9.190096294223636	8.882784068803035	11.061776100027517	7.954531883816122	9.031715818034279	7.090417323684468	7.564436974169205	6.235479684825509	9.20264922127084	4.643191549393732	10.260478911052932	4.6300219451076305	4.587236418834513	7.310275788541723	6.801677884767686	10.32067482082819	8.9673596649398	5.8701711370192475	6.69436089395581	8.913255080834924	8.449835487252127	13.176277284219305	9.098309565419875	8.600928630218593	4.681115635259327	5.964281735396217	8.148076077566943	11.96729027301681	10.903434355215484	11.214690973025423	5.848285845958531	7.803286884781679	6.895950725415799	6.819289911744906	9.460533290916663	7.946396436758929	9.328121241610692	15.047852919458524	12.860884970344916	5.245899055333739	4.874820036016187	12.62967681940167	10.56979025615899	3.7131772667858143	6.4554946801946125	6.778783882767674	5.537621591572551	8.776698508156183	8.92354847352775	9.320617760032706	6.321746904884691	3.9469961047848487	10.729013366186296	6.16143522514543	3.985461223404873	5.753441029070197	6.712875674080925	8.52124099461853	10.72194148761968	3.878448439758499	9.595496967405206	8.83637533545176	10.58660789221671	8.128337138308321	11.431267152938307	10.803854386230485	7.77003837571825	8.11439694160122	7.608264353264653	10.917895623459659	8.069020700525716	10.934870621693495	10.724210995417991	10.335514677622974	5.409624529138261	7.1219494597802555	7.329308172998272	12.167235529568154	8.601275239769036	4.664754945281902	4.747757411814274	6.043639632936135	9.660463966594028	5.275534731850404	9.48112090085706	3.9768754799276254	5.712905744879872	8.786584902114342	7.794812593320605	6.822761628888039	8.42221844362223	6.5811992814557945	5.966813431458894	11.418904409722566	6.089902317297611	8.70428057988437	9.42369000399598	6.821822759581714	14.336445706335958	10.296980631150902	13.43648475593951	8.357997172396159	7.548819086639923	10.802068064848031	7.607868865609	9.02134038185474	12.122029252020209	5.782985678042962	9.2368660283549	12.487065193755585	4.980843772247987	6.0565289808202465	3.976520234855624	5.852553847616666	10.49254352107125	14.750308261180415	5.94349723157819	6.740675460343553	5.830489721522647	7.995257736977879	6.988691438170066	6.006895825288647	8.4582390935931	9.90209029071744	3.9199932965722355	12.806474534942156	9.731844702872653	7.195130526388122	5.281371732978234	4.825305237915377	6.01317420122536	11.184996333049817	9.47836956089828	5.857128296539183	11.963739023200386	8.55396221835904	9.83412245332998	9.084454175569705	7.848348000262186	14.787653290744752	6.090294048792899	9.652881555016078	4.401555929234237	8.391581184330306	10.199791883585378	4.937719112679071	4.984690654684271	6.820009812332628	9.882358862860363	5.048488759320116	7.711974213876575	8.632459956148622	6.908961233976974	4.085530796241487	7.0549428942266985	9.80340867835501	8.821866264148683	11.353855511152362	5.571891073628407	6.846436356793675	13.580249789763082	7.823247546601559	11.028466773467414	7.570258492684807	10.59800660029017	14.553050545871601	11.642872080756652	11.091635272046446	7.5797461973032405	5.104742970607515	4.698587050569059	9.09730257547766	8.650399754207227	6.595840303649347	3.9838678057418284	7.002990176647706	5.907759774847697	10.019461261730724	9.47014424324336	8.74380225335482	7.672699926936558	5.942235023973934	5.4345460236412535	7.397422603391204	7.270736984748715	7.731783469672299	12.098556930622824	9.254475165100372	2.9852544083761225	7.094489059844005	5.608649159048033	9.716990197862362	6.836529754956264	8.682920183481835	8.479939375665653	5.087614002282239	5.93089718604346	7.010681192225871	6.42092675572777	5.955094246159996	7.321229432738985	8.76684891501634	7.740438495459618	5.838038911495262	6.967043798615789	9.76656582698937	12.947738001966792	5.974039714883783	5.464072170279203	7.946368608720395	7.190308306779956	8.789220073389577	6.789096549779654	12.940019331509685	5.3165231196474085	9.17255202058915	5.521990745065691	9.034887951794442	7.264058871654429	9.193665556309725	8.565647719916585	7.67093748409932	8.767832938744204	7.867868043948465	10.657337421418786	6.865100970176426	7.7530763789078945	9.68411815419539	6.62199685360433	9.583381249656638	12.833030334801332	5.817008163423983	11.798218342647385	11.823933896144283	8.302938562984082	10.14020397211213	9.63384751826134	13.844376631987533	13.003364373013135	10.804977652374514	8.378314654335197	4.768447100842968	9.682877586546484	5.566475593216113	9.650137214691126	8.964076153420027	11.957631127824415	5.037994592817747	7.696107954761124	6.863796394077738	10.871747699885967	7.724842299433513	10.437516959460119	10.720541321937231	8.535053182746825	1.934218039025577	8.747372223315999	10.973394763530207	8.72693040781348	13.503381774699118	11.513571549627176	3.41133801824889	9.039859663118962	8.690071723689442	5.001599033202425	12.910401525681007	6.646795553789711	7.723507982314116	10.07212565020795	8.133554300492365	8.44809424086355	10.553661109746647	8.187152723726747	7.449689078087657	9.841037813238055	6.455959823596303	5.715387100173068	9.624901524704052	8.473053059508963	7.926548737872645	6.605447527103948	8.891575830850764	6.0021235695635955	12.30570438506484	10.296965274394662	6.033274654963671	4.75945576991896	9.173407474517033	7.334566162577579	7.745449752492118	8.278575072285571	10.999174747118966	10.32692924806221	6.952173448162585	2.9309663018595193	8.066136989198137	7.733783561832888	9.059343607596338	9.569125884591784	7.254032349602052	5.364069709151903	9.82587392275023	6.7542412227149455	9.746524157355692	9.041921303011483	5.891960579286072	5.728023948466857	6.701043470418519	9.798999079559048	8.867851563625353	12.386109384931089	8.521597305905772	8.518953357687755	7.055204106611181	6.974188045593616	10.973965708785462	6.414218613420328	4.818673107819944	7.426023841402	7.283044818711847	5.142992030067122	5.694048109841001	8.784297714416754	6.895682226563082	9.129554838276484	6.438247526114413	12.989178903934395	6.945842901872139	6.916512182294859	11.733020373542754	11.250968633945892	4.903679732780791	7.963591649041139	10.396856638421074	7.438275222180491	8.082785804300569	9.851886873700115	5.777707316885429	9.023320280262569	7.787797021087258	4.9935548279275555	12.062277440952355	7.916452312051694	9.821578544667679	5.390112261856895	9.946850635065545	8.964765857159819	6.17024737245408	4.894487461014403	6.284371904882638	8.034055711684204	3.057367528396561	7.638013390944178	10.311253832014314	9.371227050451903	9.304239305071613	8.138487717105411	7.59178027018175	6.719981118779615	6.654189717074448	7.187532407149464	8.032824538288937	8.95848840480398	16.008315116816433	12.044463731818006	9.765927959885037	8.300362492519435	9.35663738842158	9.443957902944547	5.582001470616509	11.161847868899867	10.187567195605071	6.365746317592799	3.936910997195657	6.864215112167605	7.260276252279253	7.708887793643981	12.77006719566237	9.073449139164179	8.777198154245315	3.38441165439631	12.184613471491163	8.538731878348946	10.70713897906721	10.761182578775626	8.58841954107945	12.263239729546548	11.164322905278032	6.23561824353339	4.813821686716396	3.4541806865207483	9.556610663586481	10.731140547516906	7.439865048381819	11.297574617447017	4.3748853777080665	7.706915167977078	6.009669769507187	7.953886206281826	13.11058514438383	10.041874097537232	7.267113061335114	4.8722290534671515	6.785754416425223	7.976048164428256	9.535963741928493	4.9499307851430245	6.808411489317195	11.019454739460288	12.130941383775811	2.5398058979860676	9.99548220182917	9.51308754767122	8.64648556550535	7.7978548177385125	8.888794571235868	13.307470880176295	6.461481522876237	9.857438637805068	7.891621523202795	10.67486701907911	6.461786470639981	9.630997934222684	6.3825267973269	12.55004704346924	9.503592342462035	9.40048126982818	11.323126764918916	7.941091770943339	8.719767201339987	6.526301732869185	11.938118734754147	12.69272433963662	9.523344505108074	9.898364482140174	4.610306227312873	13.745599809394973	7.727201349541743	13.170759841811025	5.510258983278268	9.53077429655439	10.577006107656775	8.305619371850845	15.828675399598147	9.077805733720458	4.9471726017961135	7.5922382492949545	3.1286463312331807	9.211590656035648	7.491248469899545	9.601062054464036	7.955297926006939	8.310439513009602	6.010162555562426	10.864989934219214	6.996584777467078	6.909545979018387	8.075683747518688	11.286927150264631	11.88536095416098	7.816338785587223	4.680327733894563	7.7308241745834225	9.185383265691952	6.694535508588407	9.58675026873782	8.492409011617424	5.7898058486252175	8.901395609183533	14.280887068859787	8.485143049795365	12.633345122931233	5.743183767901693	12.401959851358868	10.458106105493522	7.099189394232151	9.594269860168222	10.506961553247285	7.880096957631909	8.595464216611187	12.907122939660061	8.246348319798933	8.21251550443653	5.987014094736046	7.147186236769761	5.932998187953213	5.853411661909303	6.747847174608545	6.295562338464168	9.68997862978824	5.934110304574992	6.767728122388769	9.836130220530235	6.769253239606833	6.477069426394452	8.301959702486048	6.026342203450028	15.203232246992522	15.006525514327576	6.783436611404684	4.952891533979505	9.80388856223046	5.811445036310398	4.577722576029431	3.4144379796136914	8.919172464580738	5.972215501927465	5.810973282453124	9.249271557657128	10.905657516232399	9.672777537583675	8.906292864871366	9.256080327006513	5.797702646774959	9.07397295109621	12.816985846224181	4.9188003361059405	11.876764409618332	8.775900068243427	11.511487328419564	8.501037437703035	8.701016358682457	7.179897689899277	7.337826522422656	9.065643924429509	8.731352493132196	7.692303198922062	8.980757840396633	5.809958910842142	8.03781763514805	16.50339985709116	8.25924503152879	7.332919364020686	10.595965169119133	6.254873186015353	6.056974312176149	4.877751986890653	5.389657869022643	6.437526355223992	4.715686041105129	11.384270291421114	8.721706001880651	8.077487276480234	9.522757704591562	7.317139836589681	8.035106409053176	8.742898895042245	8.823412016397189	10.725129461995595	9.192346777837626	11.894781019898785	6.273217214605514	4.924620708067336	6.889099004825389	8.113748565895987	4.9174621050390135	3.857384920817769	6.6203141917756145	9.531579186188136	6.30323323014044	7.883414226713118	10.666130424233945	11.457291332545337	12.473380288542334	9.910324488827897	11.775815636040049	8.680794175168339	5.596103035155949	7.716416313313301	7.179208157022346	5.948407143860533	9.855412704372693	11.688334045956546	5.2311332812104405	5.875939617142736	5.8328733143860125	5.024965265211389	9.896335938772342	5.166356307350215	6.29818304831008	7.221523861581323	8.648216205639331	9.693559327068316	8.383084561401946	8.013996360212337	9.616856626967103	6.024245454431596	7.335913684457761	7.857624950246579	10.216767952437694	7.240711820959889	10.715483460776683	10.864741741517506	8.63959357794701	9.920545253857533	6.948939070162273	8.631285338234214	4.933386677701664	10.20518955226002	5.749365680427155	7.943507180127788	9.628721773903775	10.554773054788352	12.146654158982713	10.529009472309601	9.496592293184866	4.833595172662871	9.71272617686086	10.674742514431523	6.9313393065955	10.049261993460822	4.81195462796823	8.830448286339063	9.854022550608763	4.95876031263431	11.843946388576882	6.121115953537441	6.33967295235217	16.700388584982996	4.833075988453136	2.990318052255006	5.167783664275476	8.312276269192015	7.8449918178289595	11.63201409556889	7.090636936975944	7.7073900766987355	11.184424879255188	3.2920354881614164	7.994038653884634	7.8515283060464744	16.549819139288484	8.157147533017978	7.001938130915916	9.638313495695833	10.581295181483338	6.706109563509607	8.753261723949292	8.003556850039882	9.067198627185089	9.526315125353433	12.363037607907636	2.9393522620603916	10.199359946911803	2.9642919438992323	3.2374330143812826	9.21230962459388	8.150003287999942	4.924744077060766	10.903151728768103	14.398219385299166	11.355818870716451	5.433480373230827	9.418860869199776	7.794744006044277	6.40115830874999	8.086490644494617	5.746037432481649	7.556708937430001	6.39731834425414	6.8095973361456075	6.238077170052349	9.982979853474784	6.196830003192691	6.710574702204008	3.2334038917581225	7.9731256492561124	4.520710615133786	7.291990200167671	6.686254852546984	8.416219474486722	9.606277812689601	4.329422328243919	5.375421631308421	11.799647235234804	9.08965652732552	10.331791396996636	10.185665104421815	12.218765810733418	7.674141426846593	8.944927201181834	10.610125713379759	4.641464412962617	8.150657643579462	7.3519744878011775	6.312413049778123	8.892506697976751	9.289124777878962	9.848949119683473	6.413438018440911	9.116881861784783	14.67269195244032	6.656367300954694	13.570055926019396	11.011629560565591	9.973475635611148	4.867927351124838	11.324375948432841	6.6357204529729845	7.978137561226023	6.440308265102989	9.383385938828562	8.261338987294453	6.09346273629607	9.836873204216278	12.153869682674603	8.773015022248048	5.099351159714319	3.9670855753986665	7.675400345786322	3.9495487130572635	8.49428062066212	6.871235547075564	10.789443353129156	10.426958750828396	11.718370370496253	7.839264188007785	11.84280502689879	6.182348657901899	3.9117484177029875	5.906288568807624	3.9714674836813266	8.453879893189816	7.352236490292833	6.8177971447733325	10.975845379016457	8.499120396521977	10.625224597007987	3.9805390740163378	5.851966857139837	4.982301904201457	4.97925978609205	6.348295696473114	10.904390893079682	4.999033489705699	6.69782883047323	9.08133586589238	7.74987853179314	4.957359568007274	12.09866581399793	5.8848302749008115	8.00467783843337	11.037372362063785	9.687263878808448	5.344217970076998	8.775664985387765	4.749915877362075	5.537492181190582	9.356599378332373	7.737809788946811	7.7174944050845955	8.783185970160831	6.249476520412731	7.5135436982620405	7.929786846165372	5.8213040709355495	9.342804338861363	6.5455886004291814	8.930893173864144	11.820729430021014	8.984809885618327	9.797285707621946	3.9888705902481543	7.350781285034312	10.863516711971661	12.170448082492731	7.623960825446123	9.73970276435228	6.716921735697307	16.378981939944026	7.551037334924504	6.004183990417956	9.405879205665928	7.042551292798117	9.26702609330886	9.853697837137853	13.400498950385584	12.808194164375271	11.22982790539225	5.892210131172453	10.227032073671367	12.981158607856997	4.741171382121938	9.287404053343197	9.091105398614738	4.958665593668198	11.966186913779092	5.909271282413744	4.089805797704663	10.431102971876639	9.09554604369066	8.902236278600492	12.892307352187578	10.655306647054926	9.153865175083771	9.680183358857212	6.752332063427701	8.911438518393913	7.788722677815406	11.245723301149516	3.9817282464306785	8.69961443149007	7.338345044674609	4.973595370877485	8.343825255128317	5.642390533962186	10.249713267744355	8.521463587400717	9.16630701705107	3.9828214405093187	9.155788680966237	10.575248539425687	12.292740509653898	10.647217986219973	4.898288339790588	9.616053110372095	12.133327173745608	8.62588129649635	6.833583183059606	5.675232673457646	5.863604525691652	5.746685125938982	4.264178189264193	5.820096239327781	8.473341353898073	5.410099628593384	6.3003726679777	10.900831369949739	9.067381426766996	14.741530479980868	7.018930658025388	7.168285781076468	4.670829533566213	5.912693798367907	8.824600125732559	6.722226347221794	5.2459465702586225	7.998694779597078	9.757922304718225	8.68172569929156	6.033456039393079	5.935169322602618	6.911242156395432	10.96945678222453	11.079834740506051	6.052234198482805	6.320335733742404	9.99065566886894	7.349898713459372	9.665136454954721	9.015113480814167	6.387030300079222	12.604835098373886	8.796873973988738	6.787823014006028	5.884682134226544	6.784999246861297	11.774382986558539	5.141586677860148	7.017009036546734	10.687404488899418	8.54354520973847	7.761497160524982	5.810550805042614	9.541470491180686	8.188307013164117	10.778231249108261	6.135286753176831	8.635413675734215	5.815494446512518	10.466665581705454	8.710935595602432	5.105987545892989	6.098943675159336	6.958630872876551	8.428629308662627	14.064085815352678	11.121068380569177	8.940107025863577	6.89467720418141	11.260788436102182	2.768377395925506	8.385068308325284	5.95075860589363	7.822466386689763	8.871476371720647	9.152527173563817	6.061142275082394	4.551275428328423	9.44589702735283	7.345586636823659	8.66890885285369	9.279251327212572	10.189940240808435	5.293244144838179	9.443681638719797	11.724479000779944	4.088566364465079	8.898010922046566	14.07267777805666	3.8787883651038157	8.816246100864852	5.348752081998771	4.95266271069522	5.998888439893138	5.751732327686621	4.9304621778308055	17.256214664574866	9.81538404455876	11.200813195811598	10.639077472900267	4.957663644567846	9.76479007632554	9.804327258612608	7.5639962638345315	9.86779339906368	5.380864264719307	9.34660489881042	4.8403328485531265	11.17096640082274	7.288578648734801	10.078181161953838	6.631742220129784	10.49247717146751	6.2206766770317765	11.503150785643047	10.160067319450514	10.428377244484142	11.578274730358382	8.154746031455653	9.997064887832314	6.800723924523651	9.736917329217166	8.664025625639756	4.946087929737423	10.525806398611275	14.046351677962292	7.226655317433003	4.910525556382825	6.876777027865853	11.19345981805675	8.611423927480793	7.687791626219476	10.453308175590339	6.702215044505409	12.72274859988413	6.766371966291112	8.410914340558707	6.776382411155122	9.09267317811524	8.705537833472233	4.0719839442036765	6.610601132501426	5.910736817254876	4.5024468998429645	7.251452076337311	13.34237300730803	7.7576859137553775	6.0725724482797725	12.105655815031398	5.152488310232565	9.888559185639656	7.039152875839483	8.863828730909228	5.609947355117706	9.186918870091633	4.31239357232293	9.136395137862579	6.131538167115154	5.8708149003035555	10.501477850241768	6.564019574824698	16.161529878631065	11.05109800951451	8.845837340615052	5.795724143325365	6.4677438632165964	3.684305273202521	14.30920539965119	4.1880090590148376	6.46901116899506	6.492033626662947	8.141334905199695	4.9606133922853255	5.77518865533691	10.956733968908424	5.27190753504851	4.656247473344865	11.382952234952763	6.470510766424215	8.937751847390238	3.8051639246886455	5.023989000584792	7.719729826489909	14.116049769828305	10.013968457065296	6.860697796218255	9.996764745626798
G10	11.26805265298473	10.548442575761827	16.044025379965365	6.458913330577581	4.931237542080366	9.257174698562595	7.6824186659602365	7.80773094374026	5.191763124064045	12.911158074932358	4.761596398932335	11.626621040146441	8.836673295803728	8.695282166699986	8.321858755623625	8.731451660647236	7.635909670170047	9.75400788794556	5.783629144952636	7.827101265681825	5.8852444654153535	14.290628741946442	6.728103042477935	12.083979481911841	7.05123214816105	11.940683830198465	6.128679803623186	5.649320192049606	4.211504715074638	6.2826826328534535	6.840549019133406	4.814258384572163	7.596773684094282	8.234194950100656	7.4330271068638165	4.707982054915392	8.688796719497457	4.52971772368398	9.784726787535027	7.343960520690693	13.030323511774725	14.2698388646558	12.49853293910124	8.587037968034346	9.79439935715522	11.560013781963432	5.420455009818409	12.44074063451979	7.993998642746288	12.917815128232228	1.985106330760159	8.99964075547486	7.097658600565342	4.819078518702171	13.157955307428528	8.834210105553982	6.817563807249389	6.003134291646611	11.760201254191646	5.932841391975539	8.009748399700706	16.332608869472903	8.087347753557278	7.4593775094093555	6.284468608312105	7.721983611891419	11.839444237203097	4.907538924791471	5.990629353311389	5.805331723950354	12.167056573308018	6.282271301203878	7.380467677498477	8.296063696804877	7.4590750351843145	6.466504929694022	9.564468756119624	6.315623611382019	11.885522991182414	9.26671437755038	9.927969911332626	8.055847875700339	9.886597989650674	12.781361226782527	9.4761392574391	8.715776100511421	7.646249008598289	5.933116347008719	12.718797000856082	7.28022314739911	9.884726084858277	6.818823696461819	9.654197499449376	6.229578151607104	12.858318913824315	10.22399483474356	7.685049233273946	10.658076445564266	5.619973447755427	8.083319370212166	4.759986546962556	6.953753774421709	7.389931694048715	10.79170607380283	7.295653837289094	6.789317293755358	5.426382673694104	8.918052267609482	5.6105205332591135	6.205847866078585	9.974103913539386	11.736310107987679	7.289225354407035	4.684604042953846	10.836538809225344	4.94938617045176	6.363917307743904	9.456285850706276	16.047355288740896	7.69145890504504	7.491530146584679	7.47324778156131	10.547004207726756	5.522998457991673	7.951040453754262	6.308582507098126	13.949168201715468	6.16319747003292	6.171318785117839	6.781702284263941	7.426741493408954	9.579877466963005	6.960831189294638	2.925883230476747	5.9067300733144705	7.001728076067528	3.6767596966928164	6.18928283209115	10.955798476413374	10.590955841524615	6.360129118299988	10.378428078712947	8.704252901736544	12.74723264416578	11.201790949619884	7.705199536085668	12.036515053013304	9.577495565574138	10.895727081781063	9.681984199774716	7.402073466485741	7.763654709263487	8.71895453813228	4.817328286385963	9.272558500682507	7.295409882187298	9.241235432917454	9.466488885269966	6.458684203479731	7.339567002529185	6.972784454866746	13.49207625447419	6.72962256940116	9.100243348746575	9.046135173010176	11.505696093225367	13.14250996526561	9.047776907738626	12.483337800610308	4.661765201309026	8.678153753088319	5.682128708732336	4.546972808922999	4.137799554258905	9.012983791002723	8.238327998706763	9.532795978635777	10.276698125621659	8.926894276708985	5.770443075271539	9.380273171651842	6.803093165546601	5.518228316624599	7.677285602208451	6.710002076619278	9.111349957682988	8.280657728267844	7.68923865944699	13.805237504983642	2.9644508698807615	4.3282603965985595	6.986710543865893	8.5401343527341	12.068013771203798	7.953170971351095	9.564339134315485	7.92430484191628	8.908835665454038	13.684422159375206	8.601832862237853	9.455787593502713	5.865435244629477	4.982976674075936	9.56782194722094	5.514139046101916	10.37960461436526	11.717836239568415	4.9781454842144175	9.272586322094039	6.512790389187598	7.25589605943378	6.9893760806421685	10.59727977078653	14.449375863076293	8.682658802211636	10.22385809954012	11.5381909609747	12.644545876884457	10.903483963945028	15.36260376931207	11.852367051423029	5.967524339865412	10.78905488290136	7.8486699328596945	12.895853982829584	6.626173418589155	12.170142888069883	10.65848702505687	10.800887966894425	8.44013678950954	11.555018834993431	6.289068044515133	7.192424823508901	8.661065473991693	3.8974731741404316	6.849733895831599	7.163466695147946	8.82314876305838	7.98935288153656	6.718554471941744	5.921743026650858	6.0266514787700105	9.069124936174887	6.464161157523102	6.840292421244368	10.557652913761286	9.313840176875248	5.982604208781619	13.82746942222638	6.865892053581911	6.829659041562136	12.908486875794788	7.035441623775412	11.285949548086581	11.019433878069517	8.676837634114078	11.767129083860864	6.161694237530211	4.002506078090265	10.73676621517613	1.9928153486763793	8.764196950749094	4.426704034196145	8.857146832566286	5.6264562450170095	8.10481479349832	7.179344984438922	8.929011727014963	5.637686792172756	10.173939886583753	8.666233225941436	8.576894397048575	5.012883213832844	6.690221379905482	6.6578259499094194	5.564608345398744	6.915657601547257	7.095704366117215	7.109694134186494	12.315711584096375	5.305446876441459	10.661022553132145	10.796385233367923	9.872222445608278	7.784170391511223	13.706843706456816	7.983371148536248	11.37838227600868	5.58748910231074	6.820901036839565	8.582615394411645	8.344772225412795	11.166130237062697	7.10418486123174	5.69091585670958	3.9093708105628258	9.576428406642234	6.969515827425113	5.9621529194051455	4.81390984341986	3.829140324530679	10.463328290644615	4.545827876568316	6.533640333178671	6.424610209031271	4.929443400070041	14.236136739578257	8.389496421734014	6.980829142487324	4.779528049860437	12.814038499585646	5.077135713439001	9.055007262647042	8.014925149873953	10.221640056475119	9.980181268454322	7.2716095592958885	13.50982409553415	6.392183162976429	7.562149259750106	5.732611624427121	7.59028696239182	6.497253344923024	6.974178880343559	9.545111355935118	10.500899144683313	4.626185181715149	10.7198701613867	10.624480823097393	8.400824934832471	9.559626340791148	7.1758515860512	9.17205950253328	11.44124694550444	7.782229028260566	7.402123392174468	7.846034498305124	8.458329267057627	7.780072098740312	6.375177290175533	5.239840263662469	10.539164210155384	3.8683336783566213	10.626116139964735	3.218970779825092	10.152652608195911	9.945941336713096	8.412358899436345	5.644585221659559	6.398139285381288	5.912820556662793	7.563998576895899	9.775888435029868	11.019366499891587	4.890921328951719	9.680962693083606	8.869277596578922	6.772583226744447	8.187231874119389	8.764605179843457	3.9780637297653443	4.459770646405172	7.8870933324009735	10.015981515719373	12.58319251201824	5.001803707220637	7.7903894728053995	8.079306862930848	8.936841594188628	9.839077043780705	9.881719627913121	8.587605375748575	7.275213066287647	3.8568004082467007	7.259329268280496	9.526374289570924	7.239414662143883	6.6015771275505415	6.679006384501289	3.2973721521041566	12.845297260360244	4.873158747236922	4.890118707681381	9.383219892750123	5.977777833383194	6.579296359125285	6.1672497209064705	11.908431482573736	6.045502964972816	11.516553697442177	9.705725994748711	9.329540670836336	6.753487380727828	8.949303688785244	7.325485773581437	6.309339555200527	5.965744332115779	5.69622901970275	6.781523422655153	8.888244045740928	7.479817489251115	14.589560774869	2.9395387555365704	17.637477055293893	6.872976222249821	7.152297103355987	8.957383135785445	7.122129877971659	4.939547826385693	6.685530164721367	2.8997368721618497	10.913466098551421	9.616632168742333	11.481482919176177	5.832143772335207	7.373876443570331	9.045322682515472	9.515080977469864	6.39093451776018	5.309808447145952	5.889636465497934	8.907572210192118	5.745109721192593	6.807171423605931	4.837414026720099	5.560968813684114	8.740775349370432	13.493147902258812	9.604328833101778	12.257227855780636	7.380270872611155	10.245549353506526	12.519194943945543	8.797802111665126	8.607960512582217	4.963278731816047	4.841466237814445	6.682999390948274	10.302637560241656	8.440630406152696	7.721245832176962	10.080950795722536	7.763084200471605	5.678645298641417	10.101250232687129	5.411171506113617	8.64912122523249	10.588657863963487	9.894596977492169	6.860404181963068	11.107614419673016	5.566388708099457	7.1948041797160815	12.591772104847335	7.688319828705751	7.5024444122985585	7.9918191190112235	4.200729514922005	8.19530309024407	6.666259446277701	9.17404651725309	7.377730792908101	6.285169765873961	14.95398709300256	9.816680096858386	5.572057905790574	5.342190931127465	7.237009617843838	10.47000518806783	10.873864070407876	5.813863560431206	6.791528005538049	9.92715518342908	9.407365494680445	7.275821480271646	11.907058417181128	11.139810324593906	6.903112756416264	5.557302000478622	8.530330561598078	8.679568364216356	7.884969073242674	10.663468359013043	11.63664864792901	5.347845024057477	11.589744761346724	8.133223253712307	9.943542828590834	7.732269798014281	8.455304864096753	13.341099767676111	9.692343059880036	6.777380412350882	8.901384203294894	4.61968081965211	6.961574819780846	11.355244525707407	10.254179004599694	10.907534036567148	5.969589695708369	10.464477996923701	7.274099003199665	8.996814201419685	3.657664480546938	9.813409868421344	10.245929049159564	5.6278935725109935	6.604828095540812	8.632453024212433	8.077442858690485	8.87088588406378	2.603364239968841	9.130316059394463	6.91773037826213	8.88512676480286	7.687181410887051	9.911460460156732	6.134279977064694	8.830270788520084	6.790315700571553	5.369830313927885	15.969276073424535	7.847424282715436	10.126185686937246	10.24764555073929	5.614529167378546	12.613721391327815	8.839706507586945	7.697721288720326	10.808804323859977	7.148762399751798	9.060104237541886	7.898981154766341	8.128076031823044	9.614510631656765	6.526898231171078	9.819264439970977	8.614293052750076	4.978604346821941	6.947460111421966	11.378067707881959	5.200591777137274	6.86765511780213	5.353030444610301	12.447223648178372	7.418438183380179	10.02985658050947	10.174657932921804	3.973469319471114	8.815655706780907	4.5364717418744265	8.19865703568728	5.967035717484252	7.909264916006187	8.233485332600585	10.822060446420123	4.495715010107406	14.637667751324459	9.81169981932811	8.916008393648774	10.334173556410283	11.227675723924161	5.688774157578073	11.657861945917297	4.2454182374684795	8.707330102374794	6.644663570104518	11.370217942443164	5.698831323350609	9.540204399963251	7.016815600238112	9.038606563735586	4.8924354739635865	8.624660720907656	5.803429300431627	4.998027790472469	12.008184600221634	11.79423887926166	5.265149992867919	2.9682609319692634	12.730379275117317	7.7709561411313075	8.310251249367742	5.871246627835075	6.455608400178541	7.4818773039368205	13.299692391979935	17.083300273198812	7.739648714463479	8.603645747889548	6.815359598834496	5.8499830088228	7.746443396196383	6.506364400879602	8.334297010130555	7.411972395246764	7.138093527785273	8.8904428836018	6.088893078736882	4.505997409271647	9.350171517178634	6.718216794328847	10.881591878315222	9.681631240906333	5.927206007164659	7.266197704003634	5.620371073369011	7.17098205519505	6.424364195383331	14.70779177045197	5.652243624383608	8.824059758821175	3.8902587658212995	6.527266233427724	11.234942296853532	10.807616059251709	6.710345681874042	7.69886269880446	14.562096143727993	11.027436060715598	10.80303272717257	9.873146332494782	9.973948457418153	5.805303668226784	7.43814807893226	5.8532162097069005	10.921726556475091	10.254072412808416	8.200824601173828	4.856879531359482	14.050328875567269	11.530836661663686	7.753996147560984	5.5190154502287525	7.7842603077796015	8.455118099893562	5.367361626992893	9.293495548155608	8.782982941344347	13.944057999196028	2.994948269443571	7.967661883670646	5.871990744200433	7.7495991620517195	9.416355847046146	15.462071066070207	9.936839649731583	4.103793918171226	6.976432876708585	3.005952680061531	1.9166850389387193	11.091205034937161	7.640894453228319	10.779642800918506	8.03899133095734	8.304820751105858	10.7203071981984	4.7446423830008255	6.182799412103789	6.6669223436253855	7.085077833624715	7.43643735269454	6.343440219256637	7.9120851763493585	9.958081334810055	9.087450166350274	4.955739747735074	7.001552343393756	7.321893160649673	8.983467828539533	7.1856723645105225	9.767178258942106	11.545831881218596	9.945994975554012	5.673747038943782	8.852481797325435	7.797301695341099	9.722151688030774	10.551581918262535	5.7788090837816455	7.2673983478903645	5.792367126847481	7.753917511808964	11.40630133594803	7.848577328183617	8.877967903049278	9.701454234091209	8.24489793774757	9.758301178383398	9.529475186386902	9.527043916758915	5.291756781040105	3.986496534946348	8.387586670119289	5.628195915354372	10.865472738934312	4.0643897004439395	8.420539449190137	9.871601394177853	5.614955467381584	9.761006063542084	6.795664790740198	7.82027670280957	6.7829437890097735	5.038641489568355	2.9448992122255886	4.869962589014275	8.891978559585509	9.263049172036487	10.96141531666925	12.704758502088072	10.506176176549674	6.255299227627416	3.405780400330634	5.702074034385209	6.7944679072708665	12.055967574691289	8.799341450082434	8.724698433791966	12.174148089622195	10.069052775837303	11.622344672709623	6.372400242909873	9.446265243567282	9.462597968044685	6.014751451473558	13.831941090682278	11.113994535672965	8.733379866294216	12.875667477332865	6.850150227319386	6.619595860277592	7.898981192952194	5.599418124211324	8.066607793756633	7.002901725734255	11.778506904916684	5.748397123149133	6.362508633234959	7.147860158589135	9.374243991309017	11.713004407041673	8.045602346212492	5.419231527681552	9.707583926151859	5.0583288581370205	5.9264425414938255	8.723418085536096	10.462060984249128	6.6804207797062665	9.768457654826701	8.903585307439362	5.764595458797589	11.860180835128919	14.760944799188856	6.733619792128783	6.710969338734232	14.42965311398838	8.802290299045112	9.742339996786384	10.435870843059934	11.209002030907243	3.9693919058099465	6.7745825064213845	7.648239660313918	9.086954022930815	7.300088749319354	4.761900165677604	8.559143675049055	6.425251716341256	7.865203684216898	7.7094575011124435	9.776703628189226	7.750453548481663	6.776683481110165	2.8498637621944303	6.465738803117813	15.081256658385357	10.541100231898891	9.967821314625228	13.216987060359157	5.292253435671908	6.704124790796087	6.055120956831478	14.001809311450353	7.562337570583241	9.616832217358228	9.261098763143476	8.218035797501878	6.478102139231014	8.4959994892384	10.582487192985935	9.5840763697723	6.131487291718492	9.829782402915535	8.44260466460901	5.9715065698961	12.484623080267644	7.219776518750778	5.966229514433782	7.978839022947952	11.790843771655819	10.543754569234146	5.563831755453628	7.533046358323756	7.340467239971005	9.638764722087295	7.176018283506515	5.831270993741708	4.181299203522992	7.745331345307688	13.320589690920952	9.52287697781535	8.445981783760878	10.76364194256163	5.086330194051257	10.482620060147454	4.813289055707988	8.491146884589485	5.892816267692842	8.657338868554813	6.813629542961686	6.828898208159992	8.233128998530045	9.910459235546847	11.11858759029212	5.996372666541071	7.870324097614924	6.70340362618715	7.136889908906929	8.98671011932029	10.659290399693319	9.443079482302071	10.284519430620668	8.884659152857557	6.942287930216285	10.288400595552936	4.6283376625130614	5.051670350847378	12.237430199788625	9.619227537619558	5.651288496572873	11.877942541289308	6.330255510521852	5.157627486119973	7.014160134238973	9.007081219321138	5.432156841431972	8.65088269486995	8.708588651549366	12.91283721975362	7.234047764287606	7.581897792612324	5.157159479652227	4.694590232444735	12.238423756035601	4.658743554409352	6.143725888898671	3.1970166349583096	8.87783979785977	7.601145507555781	5.962233355117787	5.895805102077424	10.479671838370189	7.15982817327262	12.941177361953546	12.835258202385052	7.263197614197864	8.797670299694675	8.84088534702603	6.768350050132984	4.967011581729049	4.868971549541549	5.05204898591321	11.367964930554097	6.627035576265235	4.7584240099451485	5.748454639188063	6.864480210746368	6.327124222706735	14.389044787157372	7.78909331822588	3.9888828791026607	6.256070816722223	6.771896601099645	8.243771836689131	7.7615866403952705	12.556887109503826	7.7602135812730655	12.484621972771563	7.42965279207114	7.817016053227352	11.79153706420899	6.478463972579748	10.726007153187181	6.787116847145269	10.437167540726849	7.816526306261974	8.767110576798393	7.2504355887924055	6.562677016942777	7.886610111256155	10.129719223786546	6.110371524589094	10.058886425201097	10.632414573614989	7.464847599649782	8.853478483163482	3.9720504767407583	4.633518761587234	4.90278480929263	14.817401141136113	5.979304542544745	11.656535065531681	4.975250434391954	4.832857453896662	9.520912616834128	11.808509998127768	9.92139897945338	5.752808712917522	6.333064684634233	7.708445728747763	12.468823197960138	10.925694478826582	6.7656035517954844	4.586935100622901	8.838843619553067	13.63334598747858	12.268675371144608	7.140618763982235	9.658053936207324	8.018718674826847	11.59425576398682	9.729881140396158	11.554932365372368	7.234499924302268	4.851243105525079	8.858816273042905	10.343733394640246	6.504761037662608	10.950387440313431	11.440002810041424	9.837773319099421	7.718896232899582	5.038142281881929	9.592742546450886	5.720170443386483	11.412167162513537	5.471424354409825	9.330504416578647	8.649165505541838	9.837952448872224	10.342589148336216	6.4124094949474895	5.884417314437826	15.366847904425457	10.016077251970078	8.562305891953386	2.9362876620017393	4.971479334597292	6.690777807496424	5.683628337877447	5.7237696145065575	11.42951599920962	7.939391614334028	9.107752322682959	5.749073941414235	10.271347418386915	11.282406143044591	6.790791221181245	7.047312879373696	11.676262124793329	15.202988381201115	8.832397830276735	9.90653805287897	12.883695452822705	10.828913894762657	8.369400540228408	13.194717126059938	10.290813157789186	4.928987118603834	8.609704284663472	8.70783811630545	5.8382683253998975	11.227572046042855	6.1147865826648635	9.572258317207645	12.34598791340036	8.206576732890053	8.861904892495673	8.818840206111483	9.239727781621232	11.659350426189905	13.303576827759397	10.50472363270801	10.549853643569007	10.001641666370466	7.742737137041586	9.667740020373142	8.731818358151884	10.049457977956816	8.875869810038191	7.02310898357344	5.888990966816506	8.777932937309592	7.753926833460348	7.568752785308949	6.385770110828211	8.484006822292134	7.51706844885561	7.552567134815879	8.851263254356565	11.713042967858616	8.72906518589153	10.070441463606763	7.382697195370515	6.920865999246354	12.044780928747487	14.139776371604668	4.859276363136216	9.655809457464612	4.8895913199534675	3.9658217781544414	7.320925620392867	9.901562363141325	6.378081448433966	8.235262153917242	3.928571490183931	7.9216454082148955	7.406386499835724	13.122964123705719	10.357752920278203	10.776449676768795	10.528386485415245	7.827505697001014	6.21677313850064	8.671469207367307	8.879215697912807	10.25737187677793	8.414351900908311	8.985500532234646	4.1671551454332425	7.496674855075244	3.206507329673536	9.364831622686033	7.049159265521954	7.872372100637391	6.793225821109667	5.5618974672730035	5.568606564615594	5.39966133533914	14.10156140210667	5.497786153520571	5.740650093318305	8.224874358906066	5.100111431500238	7.000531986764225	11.70909585533252	13.608903608533522	12.703514240914934	8.002602790876775	8.066672566889345	6.952934870096508	6.504789184240342	5.674007676035027	6.215617440004154	9.751386770672669	8.992969412986277	9.381258347028178	9.052597228374934	13.269855035196194	6.432395051104388	11.052392753463552	5.166591920446455	15.902603194111745	6.819972104778455	4.024423807601644	9.501885347534895	7.831870356968883	9.144262090968985	14.547545365489874	4.578265801396447	7.676265989273707	4.090498490499887	5.335782673144069	8.885066858346066	7.080453402078685	11.62511014356161	4.346215276591216	9.87519205300023	6.904518091506004	9.484359556028382	7.096549095913216	5.365643510963503	9.549843108228107	7.683475203652472	5.234635643352148	12.491440807586155	6.949170164736487	5.983439263687085	7.356240178382071	12.582270685703165	10.738043611800572	10.956646819046512	3.651925971107296	7.264587990374325	13.66489455671207	6.706682982260403	10.901181261798888	5.868260575877055	7.251891959546268	7.254340847210456	6.3526337340348755	6.9444751584504765	6.820970513686994	11.785792924372435	6.988853883354527	7.953131666622937	11.134291238539726	7.414475731599723	5.679049637463559	10.714359551538582	9.53820428815453	6.1353227351000585	10.945077204581532	8.711337565448783	6.842564121385004	8.699193489396585	10.873707163256753	5.943023928289465	6.913355065828612	9.744444946923783	5.234782992313686	5.818254386408841	8.646933515220748	10.874486189745879	5.622397399696315	12.857550052802994	7.942818666974656	9.940754608605966	6.626600438822918	8.343785193678972	5.669138518464265	9.59555239064509	6.2842997032025805	7.830441362202394	7.914002266145855	7.610899406617759	10.803170734136515	6.23287482745879	8.69911958533035	5.982327314715995	5.958896866225812	9.026086881042534	5.888851009022012	8.614036999760748	11.721554353121096	6.2346607838897805	7.2328400431689985	9.17046017727745	9.567557304205447	6.697396176216278	13.75984804204267	7.968066094781772	8.724755095851789	9.068357645318581	3.94531731863928	6.371557130887773	7.0944200187265025	10.629435612456446	8.547534730787984	7.561617535505002	5.785794974375772	7.736284668506038	8.436316072514144	5.784629360126159	8.886395296158021	12.095009766647369	11.951261080658538	9.26216201830658	6.649988276038566	7.7534417208774675	7.637390396170586	14.617339869163821	6.262764553563442	6.549777248795629	10.153267587609541	10.566341918661907	8.393225119624493	10.231338663995711	4.988040926445886	9.775773720105018	9.729217117694745	7.524947060785357	8.916155297089949	8.141613411068754	7.861365298309296	8.98489274169521	6.67365353079403	4.9865086078605465	10.615193994865582	6.35091682088663	8.88470853423434	10.575874097736582	9.175467583226308	4.406349416749274	6.1083456158989895	6.944275115733199	6.765998669107138	5.5186240156810635	3.750634576856806	11.49739331342376	7.245713606819603	10.91317475739941	5.09162690309401	5.732364129987869	7.317444817911838	6.114528226691299	14.428574520298778	4.147879429409184	9.671305141826519	8.025259438961665	6.98771264051792	5.963664609906922	9.801883970880686	9.67629986306954	3.3654571897484575	8.490504753392925	5.750698897341869	6.162045046709483	4.8620658539080654	6.861011184663213	9.311587309700462	3.9415841039031134	15.07819410344122	8.019799350945332	5.932717623614281	4.982631398639662	10.425726889848402	13.295636327248298	9.59482818688722	10.145821894124552	6.173366564288186	7.578610538967959	7.647726869087639	7.82157044011	6.814616163413759	7.759719507418805	6.791281915727937	4.134630700603229	5.780660426803986	11.948211707751366	7.009623403421846	5.979963373789169	8.774751556184638	9.387507826874213	10.767994829085056	4.811085837856983	8.775921942630545	7.657644047303754	4.732397912691737	7.239199171267752	6.856556748541265	4.802505297948093	9.9202379645247	9.013699381362859	8.431669363249064	4.554238782850193	12.738543014112727	10.064477202535512	5.891332639805753	11.097696170728584	6.742903976567358	11.060497555709517	14.281881068193492	5.601813095801566	8.433881902919659	8.980295761168644	4.831971278830974	8.232189896797765	5.950220861751144	8.918956361048611	6.804414712963371	8.130398306338579	8.502545236250961	10.872012180082535	3.9755142464027484	0.9970108623470666	9.811532314466293	10.947961020265064	8.167562101474273	2.9973141813628215	5.477183733390332	10.705599350118604	6.884410281553722	12.26839972987698	10.234569615885807	9.00270750172311	8.007201267163042	10.625458076685092	7.836482982291847	8.376742319458963	12.772484575173527	13.052319950512967	6.297794266448695	7.767582257014409	4.514521900087386	4.983126243040524	6.708435225537072	13.132831323427332	3.9173772018988826	7.22932447720142	12.936626389430497	4.8991745648165335	7.458393613621574	9.8838442479407	12.067938533296193	6.961415232580457	7.484852720386493	3.942824397357371	7.731162676208327	4.152585241312536	6.7150040521712295	10.933399708430219	10.91774367010358	6.674646625877056	9.72814919192756	6.729458527012375	7.133199743847097	7.668478501053832	4.848531595102774	10.833777071042613	9.057877323293967	11.714385882636616	7.132435915963799	7.606488138292675	5.979025312662217	11.597639619637793	7.279171300419958	12.352707411696922	8.913000934002973	9.889483920643267	7.947017663404388	7.629354608213887	9.852600902861095	5.520257250107104	6.090660239493273	12.130132369280087	7.4217712230260435	7.553295980077825	8.743288728829866	4.9758702900823	7.679298760693743	12.695182409446932	10.635653929162244	5.03217808822425	13.296032696794297	7.7079484026072045	10.874053105101803	7.749319382602968	2.8523715920542494	6.879129063405416	11.981185603806153	12.682964696862332	10.569745909455797	7.93581019871343	7.363022608396354	4.167198929835072	8.697405555090373	13.690593613847257	8.775532059358824	9.287432740291012	8.923648378545487	10.861200483629132	9.491402168964967	5.691215329428583	5.985133527530143	4.7577827970020214	10.427845299055708	6.114302359410394	11.940546446635205	10.788205830516171	9.449151750451463	8.672630970363903	7.37990473255873	3.890317146357148	4.6253887019751945	8.851730500530667	8.811874147091164	4.798552323603356	6.912381342628184	7.527081178010038	11.29515022193213	10.865737823043746	7.690401837928848	12.463645845806562	8.552628476739468	9.101795222195504	9.249833387195604	11.88225038347147	6.6406044906033435	8.953599581755784	7.01753479820916	10.395895159671216	7.626549863020817	6.837709806467322	14.581765566481817	6.006331059817678	9.788836210077836	7.867857575680393	10.096234130103987	7.243998530746744	10.126436039215411	8.277215673194899	3.9109905844188697	8.90808593798909	5.84350186402423	7.619373184533311	7.796346078162164	5.947100130618987	9.235912814005257	9.088630351177132	15.807988211084862	7.897292587751681	6.980237390913016	8.997324100087884	11.285975217031687	9.027606486033207	9.81560764147651	7.9678126971426675	11.23289445127775	9.113619449590056	5.621633876586422	6.781036825266553	7.143703994293829	10.49842222459159	7.81950118343149	8.617312722156996	8.068639436655857	6.47548711094995	6.982399525727188	3.9512680236506195	8.62463157836017	12.260517468404402	5.954602563928865	3.52405897672864	9.975678788579442	8.010546344514195	5.762445866141542	8.937121111444933	9.655477320903682	5.57490219109039	5.143687495540648	8.450311237464021	7.595019694870746	5.79207314705324	9.226117828852802	4.915066679130796	6.5308098873490295	13.757854538282071	4.940774270405143	8.58932831557145	6.4862460968199365	7.395115529295148	7.744689091895361	7.038394176958616	5.918787016033232	9.536638916488318	8.801587951587647	11.265673795998426	5.063410139102465	13.450107425273286	11.776632664883723	10.961599427944543	6.258526301702116	7.2257213469694355	2.7263193603177442	9.226960264760375	6.126308953454495	5.739675526893132	8.95407071283574	5.827514688743335	6.442758965350376	13.157187393873256	6.167675055617847	7.43950756564354	5.520103131145932	6.962790973229078	8.575451503254754	10.197226307417402	7.679075289593016	6.517748563715093	7.652764938348187	6.882483859763236	11.200822227183528	8.505527341204216	8.803383999092377	10.504387708978163	11.609278828753004	7.229204330587468	5.0641750123246645	8.996514918444253	5.449248607563532	6.961599369793237	7.775706570303368	9.947435822006202	5.941583494771233	10.360826731931276	6.791193119740717	5.674268921414305	5.965081794550794	8.074731644804189	11.54443123779601	7.668539085659166	9.730428299632969	11.274469651810975	10.239001338104861	7.893785168623759	3.9465277952619453	9.396105108008241	16.848688901933688	8.324952096938121	11.944951155502713	4.02071199348253	9.633577619227633	6.814783678308259	7.212106572391203	5.568708040201287	8.58775843703646	13.017465889481793	12.689163567405837	8.106839386877553	7.690350787980511	6.872902313576783	12.859686496592493	12.53682588758261	9.324551241408342	8.557298717943311	11.452985652327717	12.955898194038332	7.756124757617561	13.402197496904122	5.7721305224194355	2.9941469526220295	8.652795929264412	4.91625994808981	9.343568026781117	9.87902818259209	10.135545345586376	1.9827764046352336	7.692693316465448	7.196561374398159	6.834871228355199	10.610178694484723	4.813768991734563	7.58272032797858	7.013472333233291	10.865853896295565	3.953547807293334	6.276256883273036	8.213810546740033	10.78856232105808	9.66911642937583	12.339126852385556	5.167762160736255	6.8854454241169565	6.584927096268438	5.38478477619937	3.9986952038280816	6.90611699435958	6.71588333124812	12.26730682588095	9.492806805598901	8.342926178006934	8.085176937984173	8.838814245276065	7.990362616035673	8.271800926618031	6.479497935840139	10.953485335756605	4.29850918723206	6.260622581343384	11.029928183217539	8.556887546977604	6.309619139127593	12.662220171307858	6.863594360868989	4.172437183789219	7.7394599963086455	10.279149764304828	13.222344150587482	6.220568366558187	12.449924315026871	10.658637696072065	8.819674464050836	5.62886145247986	7.831681346330437	6.061779749453201	10.960162319856726	10.615053138114401	10.660389787120362	13.289657887971398	7.734458608182613	13.10850939673899	10.839763579558767	12.547108167009634	3.0310230537258454	8.259740268944002	10.552445479264987	6.915616640141931	7.254850044349479	7.367894663736759	7.451031123383273	6.669763948256374	9.739975141253566	10.341993990432956	3.505036160367234	7.238779301788447	10.528526614482354	10.626747839887932	10.151032090354711	4.86703283482556	4.854568556615655	8.3040492329987	6.868563924863226	6.647962643210136	7.279005414476527	10.418845881503321	12.806107923621743	6.013812201541602	8.651304567722166	11.51820335779614	5.897910959907489	3.994064808703867	5.190608063201974	2.9763615364993754	7.915084346176128	8.844379693478878	7.961713163927961	6.005945766292233	7.9938159912702	8.1783038703321	8.686689605885345	6.345935096656122	6.717280362871679	9.843537318019207	9.511789773046939	4.967082933452133	5.062173501189741	10.405772273189918	8.234463917166405	9.670044471940969	6.568531498837297	14.419428049968838	5.289462691872638	6.547592498777677	7.306567135922921	5.000148592179196	3.8450057749547284	9.714673017046461	4.029980475937389	7.850860321833009	8.096887135214635	4.6947124678577214	9.769310916079542	16.071707170955396	9.466883066005325	13.97235155863604	8.636663876965885	9.503665406524037	10.862980404001732	8.039929575807408	3.5780883661180023	7.925513340421714	10.503670687376099	8.056292129857384	9.659867227417926	3.544683885866131	6.80985125171248	10.89461668616779	10.180701880681871	4.962269908393045	12.623690346961675	8.53539668496174	8.750554369838952	10.66880612031291	8.664126637174558	9.840404717532454	8.184368884887096	11.044256247280464	7.252530134669326	8.564549303918989	10.330790509204531	5.844880812209193	9.470364186292223	5.7494965765704045	8.08522900929037	8.083196433729224	11.730125410912349	10.698803260803011	3.868483639424565	7.984946048135997	3.951155888236408	10.561924980738473	10.279767614763482	8.172228485600193	7.903206653857089	8.013784600466243	7.746218370951959	9.733099947860186	7.014538483727566	4.303050574039195	11.161550427041458	12.60667140016969	12.418415473798401	8.19137723910746	8.868568880733166	7.406947953091932	6.93351156259535	13.729901905129012	6.312047367918801	8.279839307912846	15.944375722182453	9.303706349647907	8.991542506043244	6.8833053764326255	9.376213226881125	12.704966861972292	5.9199324535202	6.3851144193102085	5.680044031138222	5.7352259421516125	7.928084684974663	6.834681465598318	9.428943200703106	11.295547394719403	6.06903042482183	10.981510249942783	14.09801028205714	5.220992035545121	10.432737003350171	6.571100314853065	6.649501577398999	8.9808144557967	12.191562252782319	7.012835527039468	6.137852925002072	13.85290396079279	11.148315533789404	9.568612506249522	7.510867320317854	10.83113278460966	8.975642682235401	15.294563657169496	5.81986257599125	11.076511843697299	6.77706161885233	7.6212134739208715	7.832377701388942	6.673830753004241	9.815133504185173	7.220434462987747	7.956942062529782	13.480934365505922	9.853067303568515	7.203699318839666	5.22985528903323	4.836173296033402	7.424402675877256	7.747524272739692	7.6381596369888545	9.395268412081737	4.155896846210692	7.9042095720399255	7.165193590809287	10.966083851647838	2.8033652667008764	7.8852726097201735	10.996920632038215	7.431557616309023	5.7157240844653	9.062378630778673	6.077800807755366	7.262802293809793	4.6959997854074835	7.080436663128776	4.527713602770078	11.055594908660893	8.47204590255888	8.260748711025759	8.188712231755256	7.889307225949897	11.353163760995725	4.995841276379198	5.06210048468177	13.348744051610465	8.51494343762897	7.969025238210589	10.409121053601208	19.262021265537765	10.475165854492861	8.604626647924658	8.412823871330707	10.650807137496585	7.42167131030454	7.825188434364244	6.889021872112267	6.701616393083027	8.231691812698562	6.755424028810207	8.176875358427866	6.178428218652635	5.330357423385534	3.9073604167710263	6.826501835821815	7.822495633517721	12.51146508313868	7.659870373091234	8.16737374279293	7.796589782556888	3.8875670157715927	10.182188691649115	13.276103632278184	6.784116164824994	7.984323876514676	9.687402255630413	7.31720367584934	8.60131766278009	6.421468090294264	5.889344677367253	5.863738363670253	4.9247884370583455	5.156446551374601	7.776470288860817	5.776156691376942	7.805596710942772	7.743617532215746	1.9509123637132406	10.223734661629775	12.310245080530862	5.63860965173142	6.320099534892333	9.848812496557054	6.113324035977557	9.28249958923411	11.467537588027202	8.61060591961301	8.614816688201715	9.45164412818228	6.879641209975633	8.379237344503494	13.976324121820006	8.958737495724607	11.259222256646854	8.95258413249542	7.313561260190815	13.826736476727717	7.447974795758261	6.076980730049064	6.585885243583253	10.484603720131942	12.860758241871263	14.626721443351938	6.501496841789084	11.120419109856744	6.198015761047404	6.418070900080095	6.784767335968876	5.512341373377258	9.311416709907213	12.034354392683891	8.346472164565485	3.8610693099767572	6.972415428134778	15.109022230637727	3.1664784585930144	4.050710654525442	3.0759081864358744	17.430697757028238	8.102028586831857	8.757255836951078	9.020144001387353	6.985525161731086	6.473436188174858	9.978671902112545	7.73269655953366	7.53144777646708	15.208188064214445	4.935307417384383	12.919520606945792	8.396841109739242	7.142613363907242	6.124844822522899	8.361679084486013	6.954990020134822	10.797005425463489	6.804956498034602	5.517740245856689	11.575374247337997	5.13294893356427	7.721991629909131	10.648160041073503	11.78623502280465	9.696300774381658	9.79724813643083	5.944643357103613	9.058975273558074	12.586221520522187	8.945589902437368	7.3870266460777705	5.451461015395985	8.804823040324223	11.641816004759498	13.138748064072296	9.457325913816675	5.643523629585564	13.976935506882171	15.62225897637338	11.79019013658924	9.145162577479915	9.040717439251399	11.1912884313951	8.68940296898433	14.716027268266147	9.065237622012052	7.874601094471605	9.724015798382272	16.594536187337855	4.643002011115951	13.534884964844155	6.440629337759804	7.0161296147015895	6.246260279083606	8.579494016723638	13.486338214892406	12.18538364941217	9.811686598760936	11.60861812221791	8.977657977468201	7.7488555657629234	10.118361087584185	6.834717052889662	4.928622761066489	5.934672055365799	9.56817337016187	9.301077403837656	5.823443315184368	6.219524499655396	8.950756627083017	5.73736303175343	5.6074889844969515	6.368869369199338	6.126730862815758	6.908832053513472	6.63706566001651	3.977265941908061	10.537001787706657	8.863021654605586	13.237764704796108	5.101756105766325	9.859981308504473	6.3843883804163815	12.184318706875356	8.488373566030656	6.88085462825177	5.743788119568497	10.688350961777793	8.027191527310814	10.248411045645486	10.761980417868621	9.669632402380614	5.94217005388995	6.337376615439095	4.9411039815822395	12.889271884344822	12.04130008230603	5.201239594732585	6.560709908935839	5.925873510957776	5.983645136508405	9.912213050195895	11.962337037893784	3.898857230639021	11.054656420107378	21.672987994163936	4.262056194840566	6.504116637505207	6.243597200310587	10.882808115212473	13.463868401620784	9.645663727758688	8.160287419408037	10.724604079235611	11.366709137461504	8.455832204927193	5.83499284780628	7.262431515218939	8.864563539003882	8.558142459703033	10.23948159284888	8.112316794116138	10.874054053371491	9.131412195944552	6.202422450376191	10.729013366186296	5.6013047501322095	6.974557140958528	10.547975219962028	6.102614249164477	7.669116895156677	8.829834166275031	5.817672659637749	9.595496967405206	5.890916890301173	7.763512454292255	9.754004565969986	12.193351629800862	4.801713060546882	7.77003837571825	8.693996723144163	15.216528706529306	2.9776078973071796	10.269662709760002	15.187320307907632	7.660150711012851	12.720633449382124	9.617110274023576	10.359199214225827	7.329308172998272	9.733788423654524	8.601275239769036	7.774591575469836	7.121636117721411	8.05818617724818	9.660463966594028	11.30471728253658	6.3207472672380405	7.953750959855251	6.427018962989855	10.739159324806419	12.47170014931297	9.746802326982914	12.9572591440342	8.606183675749884	6.961282336702042	11.418904409722566	7.916873012486894	5.802853719922913	6.805998336219319	12.885665212543238	7.5898830210013895	5.544528032158178	9.931314819607465	9.877633021922733	5.535800663535944	6.874043313994202	9.948751593488693	6.766005286391055	8.889488118148153	7.885889560967676	7.917313738589915	7.684347811541898	5.977012526697584	4.542396735615185	9.94130058713906	6.827979488886111	6.7452065492600894	12.738902589201267	5.94349723157819	3.8518145487677447	7.950667802076337	6.150198259213753	9.31825525089342	4.004597216859098	9.759506646453577	7.616992531321109	4.899991620715294	9.436349657325799	16.219741171454423	11.991884210646871	7.393920426169528	6.755427333081528	5.512076351123247	6.391426476028467	11.84796195112285	6.507920329487981	3.987913007733462	10.6924527729488	9.83412245332998	6.813340631677279	6.867304500229413	12.452760665890317	9.135441073189348	11.880469606173635	7.702722876159916	4.195790592165153	6.119875130151227	2.9626314676074426	0.9969381309368541	15.588593856760292	13.176478483813817	9.375764838737359	8.226105828135013	8.632459956148622	7.895955695973685	6.128296194362231	7.760437183649369	7.842726942684009	4.901036813415935	8.200006758054483	8.104568834368592	9.699118172124374	6.790124894881541	7.823247546601559	11.028466773467414	7.570258492684807	9.273255775253897	5.659519656727845	11.642872080756652	6.162019595581358	15.917467014336806	8.02173895381181	7.383493936608521	12.346339209576824	11.533866338942968	9.132701958899096	6.6397796762363805	7.002990176647706	10.830892920554112	7.872433848502712	6.556253706860787	6.800735085942638	12.468137381271909	8.643250943962085	8.695273637826006	6.869035274577547	7.270736984748715	7.731783469672299	8.065704620415216	9.254475165100372	11.94101763350449	10.247595308663563	9.534703570381655	7.017826254011706	9.874987423825715	7.525197492350924	10.021746534877591	9.539276254279198	5.93089718604346	14.021362384451741	4.815695066795827	3.970062830773331	6.798284473257628	7.418102928090749	7.740438495459618	3.8920259409968416	12.667352361119617	7.710446705517924	12.947738001966792	6.637821905426425	11.611153361843305	6.723850361224949	12.168214057627617	8.789220073389577	6.789096549779654	8.411012565481295	7.0886974928632105	7.6437933504909585	9.46626984868404	7.440495960301305	8.58479684831887	2.163215425014053	5.2711678276409755	6.027165166078037	3.8968146394418683	7.262647425183198	11.418575808662986	10.679045953607774	8.786819896095613	7.101686646409953	6.62199685360433	6.588574609138938	4.4915606171804665	6.786509523994647	12.584766232157211	7.882622597429521	9.686761656814763	14.872299159097793	8.670462766435207	6.557862615151989	8.93981300644653	6.8241964120260095	6.093319748607416	7.94741183473828	5.8097265519278904	5.060432357469193	10.615150936160239	5.042292836298765	11.957631127824415	8.816490537431058	7.696107954761124	6.863796394077738	9.318640885616544	9.012316016005766	8.946443108108673	9.745946656306575	5.522681471189122	5.802654117076731	9.372184524981426	7.980650737112878	9.75362810285036	11.371268862904522	8.955000094154471	9.665457718371856	9.039859663118962	4.055366804388407	5.001599033202425	10.328321220544805	8.691963416494238	8.275187123907982	17.04513571573653	8.133554300492365	12.997068062867001	12.815159918978072	7.0955323605631815	6.385447781217992	7.732243996115614	5.917963171629944	6.667951616868579	12.833202032938738	9.602793467443492	4.954092961170403	6.605447527103948	5.557234894281728	7.002477497824194	11.010367081373806	12.6731880300242	6.033274654963671	15.23025846374067	5.003676804282018	13.335574841050143	7.745449752492118	11.288966007662143	5.99954986206489	7.745196936046658	7.584189216177366	9.769887672865064	7.39395890676496	8.700506507061998	9.059343607596338	9.569125884591784	7.81203483803298	4.827662738236713	8.843286530475206	5.789349619469953	8.026549306057628	12.055895070681977	6.546622865873412	6.300826343313544	4.639183941058975	7.961686752141727	11.476043199985751	4.954443753972436	13.39108148070907	7.863649253250235	9.62073287265161	8.369025654712338	5.486982854392731	8.338484197446427	7.830343800207408	5.834733018244429	6.473817616632753	8.228787248107395	6.832857731809201	7.613058019161187	3.940389843750333	3.222195825274053	4.82868564458581	8.404762820192843	8.930369445264178	8.89265852009339	8.60421494059802	12.054609250656313	3.269119821853861	6.825935699178119	8.447446018717121	9.56349671423206	3.4640510589859583	7.881509498960092	10.592463414289954	5.514251282382681	8.386858330401662	11.413839606691555	6.031138720476178	7.916452312051694	11.224661193905918	7.78571771157107	4.973425317532772	8.437426689091595	3.9265210551980507	7.8311799376230455	7.331767222363078	3.443166733578945	6.114735056793122	9.721107952110772	8.838217570297983	5.622736230271142	16.282418783875322	11.894712817307909	10.62849237825445	14.399959540242033	6.142328969607183	8.49435648117664	8.763081314497022	5.599055253002488	10.44020551096724	6.691368739898892	5.744663505814727	3.112635934694788	8.732861562526809	7.221850161075241	8.683113398736793	6.8211292532165855	9.403908180558528	11.57408421380509	4.921138746494571	6.864215112167605	8.58032647996639	13.045810112320583	5.852947464678587	4.5367245695820895	11.702930872327087	6.76882330879262	8.935383212426853	9.04101022413418	5.840257624945751	5.064085919423825	9.369184953904854	11.581948633460629	10.65685368231085	6.755253097161172	7.702114698746233	9.211148497388663	7.9638422196554	6.828907621147121	9.299831310477273	9.038059693957614	5.6248526284818	10.597008355968482	4.370668923277954	4.971178878926142	10.652350429811863	6.179614829253681	9.689484081780153	11.693349728321165	7.755147904485969	11.964072246642385	7.0264995993157315	10.518602918428927	8.510514361646495	11.867105104034158	10.476722104170019	7.11145651436099	10.620199839443494	8.878881711159805	6.7250443287263835	8.506750710260196	6.797313495650958	12.607077675956491	8.884537093954824	10.843182501585574	6.313297218562235	7.763539650239354	8.400322411831976	8.943069510349634	11.169421895322076	9.653882341130185	10.965683472071579	6.789236472653686	8.492345073689187	11.911637656415008	8.719767201339987	4.8947262996518885	10.533634177724247	5.8581804644476705	8.843105611886068	5.939018689284105	5.1865945057269816	5.89097134688356	7.727201349541743	12.477561955399919	8.571513973988417	6.989234484139885	7.322542689916229	8.944513169685527	7.537464475999117	7.5648381114337155	8.904910683233004	5.061492166196636	4.692969496849772	10.527532178326455	4.8158025877925645	5.867315699950244	6.364238340805551	6.232829634757202	4.917405727278348	5.926358145937753	6.996584777467078	8.793967609659765	8.883252122270557	6.207809932645547	11.186222074504451	8.417595615247778	9.8806918826663	4.831765109114639	11.634818803209805	9.784321127936904	5.5502238397955805	12.411982401594697	10.000573738534467	4.94521978287974	9.520591379239859	3.1819286436732623	7.58000707375874	6.381315297668547	13.22875717478279	14.193144000312639	8.620444264424755	11.992837325210278	9.27084842933584	9.69858087093158	7.367540757095303	12.100427755931307	8.761745089786366	3.832507235403714	8.164110129185516	7.742785089833908	10.170854036491223	8.780117492863955	7.711825342409766	7.440210036366745	7.139984253528176	6.9231286886708245	7.734546425587165	8.852517198477212	7.384639897752908	9.715604139591678	3.3207838809944192	6.026342203450028	8.687561283995727	11.254894135745683	9.798297327584542	4.952891533979505	7.352916421672845	4.842870863591998	6.294368542040467	9.105167945636511	17.838344929161476	8.958323252891198	4.842477735377603	4.932944830750468	10.905657516232399	9.672777537583675	4.453146432435683	9.256080327006513	10.629121519087425	11.167966709041488	10.118673036492774	9.222750630198638	6.680679980410312	11.283300087741548	5.755743664209782	6.679386558195242	5.800677572454972	3.5899488449496384	18.75222333508012	8.310173597393716	10.914190616415246	8.875734460294685	9.57947502975641	8.450849324861299	6.43025410811844	6.795517588214007	6.988591949755131	7.332919364020686	9.63269560829012	9.903549211190976	7.158242368935449	11.706604768537565	7.5455210166317	2.6823026480099967	8.90740696653191	11.384270291421114	8.721706001880651	9.80837740715457	7.737240634980644	5.487854877442261	8.035106409053176	8.742898895042245	6.862653790531146	10.010120831195888	6.128231185225085	9.515824815919029	6.79598531582264	7.879393132907738	9.008821775540893	5.071092853684992	4.9174621050390135	6.750423611431096	7.172007041090249	7.023268874033364	6.30323323014044	5.912560670034838	8.726833983464136	7.236183999502318	5.908443294572685	8.258603740689914	7.289790631834316	6.751728802908708	7.834544249218328	7.716416313313301	5.873897583018284	4.957005953217111	8.869871433935424	7.305208778722842	6.800473265573573	7.834586156190314	10.499171965894822	6.532454844774806	8.796743056686527	10.90675220440601	4.198788698873386	7.221523861581323	8.648216205639331	8.724203394361485	8.907027346489567	12.020994540318506	8.548317001748535	7.667221487458395	8.002814928499376	11.429272654904114	9.535650088941848	5.5697783238152985	7.738960277227604	2.963111384050229	9.719542775190387	11.337766004408609	8.93435023306578	6.329609248038424	10.85345069094366	3.9250729047153925	8.304639316172556	6.950568782611814	8.826328292745128	8.930961815590145	6.478215551457447	9.290302475567296	9.496592293184866	7.518925824142244	6.4751507845739065	11.341913921583494	4.950956647568214	8.79310424427822	5.346616253298033	7.849287365634722	11.370026019933187	7.934016500214896	8.882959791432661	7.141301945793681	7.748489163985986	11.133592389988664	9.666151976906272	8.970954156765018	5.906038473457688	7.718542249964014	11.76748772674344	13.4686479001324	9.817804989658999	9.108733727007596	6.151433683590353	7.242478073955116	9.992548317355793	6.870087267790665	9.457039508164847	9.905107718664688	8.911557621165711	12.529807544404582	6.73355147912576	6.706109563509607	7.65910400845563	11.004890668804839	10.362512716782959	7.938595937794528	8.60037398810966	3.919136349413855	9.414793797149358	4.940486573165387	8.417325837391335	7.165129708017462	5.642309968615344	14.7742322311823	5.947173670237147	12.341330901685	10.544688951379563	7.244640497641103	13.455515527428252	8.769087006799811	7.468018026874988	5.054056652809136	5.746037432481649	8.060489533258668	11.195307102444746	9.90486885257543	8.317436226736465	12.835259811610438	7.573903337235511	13.421149404408016	4.850105837637184	5.846958809454482	11.301776537834463	9.896272414513268	9.47219437444156	7.768817976449283	6.724394468882721	3.7882445372134295	11.348112332762224	5.899823617617402	10.604599281879773	10.331791396996636	3.6377375372935052	9.164074358050064	10.87170035469934	6.8807132316783335	6.062928979074147	8.251492289711319	9.780789172295355	4.901316325200785	6.312413049778123	9.527685747832233	8.127984180644091	8.61783047972304	5.878984850237502	8.580594693444501	10.81145722811392	11.648642776670716	6.785027963009698	6.056396258311075	6.981432944927803	6.815098291574774	8.304542362184083	9.69836066203744	10.87927849258094	9.302667494037651	8.042902233281625	7.572894071686581	8.632405543086099	8.853185883794652	9.875019117173116	5.848676681498698	10.198702319428637	5.950628363098	5.7565502593397415	5.9243230695858955	5.308925387913825	9.81605078153652	12.449357715149027	6.133505147546115	7.401076023471317	7.316646575473933	8.882103770174092	10.990842058492266	4.889685522128734	6.562542854230693	9.531521960835184	11.473122712186179	10.745576408889526	10.226695717159998	6.932112870957762	6.677880311552983	7.0834830646719915	5.970808611024506	2.12798794805085	3.9858415233611657	11.95022348662092	6.877320337845873	6.939157841050707	6.998646885587979	4.6369584210968515	6.558742569811163	6.781143715318997	6.940303395210184	6.805499520373837	8.238762384861136	11.206548973806717	6.62242341723827	9.117424827113835	8.550748752123198	7.800591098122458	5.277684308180083	8.306238271785872	9.980372670221197	11.958433310190527	8.231994032090235	10.430033339565988	7.030661085464323	10.85289645304517	4.757872107699224	9.702173451559249	5.190446854922979	5.454657167024318	14.61418882995951	6.649160304386821	5.989873257078885	2.4493214269054864	6.98052353293427	7.875837091108191	10.863516711971661	10.248798385257038	9.703222868749611	4.583389536165779	15.35296396730813	7.019563688547439	7.551037334924504	10.00697331736326	5.8786745035412045	5.868792743998431	5.996311001552792	9.853697837137853	7.882646441403285	6.0273854891177745	9.732517518006617	8.570487463523568	6.818021382447578	12.981158607856997	7.9019523035365635	5.463178854907763	5.594526399147532	9.917331187336396	5.235206774778353	6.500198410655119	8.179611595409327	9.779159036134349	17.433129917073767	5.007507906712776	9.858823269319911	6.780649684489498	5.633147800051551	2.7657666739592033	6.752332063427701	13.36715777759087	6.8151323430884805	11.245723301149516	4.977160308038348	9.666238257211191	6.671222767886008	8.952471667579472	6.779358019791759	7.181224315951873	10.981835644011808	9.738815528457963	2.444348537880285	9.957053601273296	5.826410978796697	6.79837406105937	6.9146665366803175	10.647217986219973	7.3474325096858815	9.616053110372095	6.423526150806499	5.489197188679496	4.881130845042575	7.945325742840705	7.329505657114564	8.045359176314575	4.264178189264193	5.290996581207074	16.946682707796146	4.869089665734046	7.875465834972125	8.564938933531938	5.667113391729373	9.380973941806008	5.399177429250298	7.719692379620812	9.341659067132426	5.912693798367907	6.066912586441134	7.756415016025146	11.147636461799573	11.998042169395616	4.878961152359112	10.610998076911907	7.678944050136646	8.902753983903926	9.873203080564902	7.9777867507087485	11.079834740506051	6.556587048356372	10.744570747362086	7.685119745283799	8.983209538672565	6.443424303303147	8.451668888263281	9.290225891024322	12.604835098373886	10.150239200756237	9.616082603175206	6.954624340449552	5.815713640166826	9.811985822132115	5.141586677860148	8.771261295683418	9.430062784323015	6.941630482912506	3.6220320082449917	10.329868097853536	10.663996431319589	3.5823843182593014	7.838713635715099	7.498683809438349	3.837961633659651	6.784743520931271	12.882049946714405	9.678817328447145	5.616586300482288	4.574207756369502	8.118402685022643	15.452487065881483	7.032042907676339	10.503231248315334	6.385790732759698	6.89467720418141	6.00575383258783	6.644105750221214	4.7914676047573055	5.95075860589363	5.866849790017323	5.914317581147098	13.312766797911006	6.061142275082394	6.258003713951582	6.926991153392075	8.814703964188391	8.66890885285369	7.09589807375079	7.005583915555799	3.7052709013867253	13.37854898818638	6.170778421463129	5.110707955581349	9.706921005868981	9.147240555736829	9.050506185242236	12.022153773906615	12.989826484854158	9.90532542139044	7.998517919857517	5.2288475706242	10.847016791227771	5.490613756910185	10.331983204798695	9.100660721596924	7.801990146793528	7.932261831308555	3.6617962786220777	11.111570893094289	7.5639962638345315	14.422159583246918	5.380864264719307	10.68183417006905	9.680665697106253	10.612418080781604	3.6442893243674006	10.078181161953838	10.776581107710898	12.459816641117667	5.598609009328599	6.797316373334527	10.885786413696978	7.821282933363107	7.075612335219011	9.785695237746785	7.892419648288669	6.233996930813347	4.868458664608583	10.5893646535597	4.396522604211043	8.270276456051715	10.924940193970672	10.839982976149503	10.912279014184055	7.859173746132404	9.94974206049489	8.611423927480793	16.229782322018895	6.763905290087866	5.671105037658423	13.570931839876405	6.766371966291112	5.887640038391094	9.680546301650175	11.690579800433879	7.122712772840917	6.980543904349159	5.085077794231866	10.83635083163394	8.5046219219256	6.733491213741789	9.83122221591118	9.547921124622002	7.176676529785186	7.645677356861936	10.30497662046513	4.944279592819828	5.474896681208487	9.496959354545602	11.219894710235412	9.186918870091633	5.929541161944029	10.79755789020123	10.033426091642978	5.8708149003035555	6.750950046583994	8.078793322861168	4.848458963589319	4.550452121564798	7.666392361866379	10.62549426276317	10.995164567468214	8.947598520634694	10.731904049738393	16.054034726223545	5.3908426408292165	8.43964371466183	8.141334905199695	6.944858749199455	13.475440195786124	15.652477098440606	4.7447167815436595	8.277773285946427	8.943748184605742	3.7744646137474587	6.70331388554268	6.5231381566091065	10.675976626242685	6.690432516291255	9.133914556947726	4.712455744501316	5.880598111044218	9.996764745626798
G11	10.463191749200107	8.114186596739867	6.417610151986147	7.176570367308423	6.027068106987114	6.1714497990417305	6.500508101966354	10.410307924987013	3.4611754160426966	4.841684278099634	3.809277119145868	6.975972624087865	11.04584161975466	8.151827031281236	6.241394066717719	11.641935547529648	15.271819340340095	4.87700394397278	10.988895375410008	6.1498652801785765	4.815200017158016	7.521383548392865	5.887090162168193	8.631413915651315	8.46147857779326	10.448098351423656	8.852537494122378	10.16877634568929	8.423009430149277	3.4269177997382476	5.9854803917417305	7.702813415315461	6.583870526215045	8.234194950100656	9.460216317826676	5.754200289341035	10.860995899371822	10.35364051127767	6.179827444758964	5.50797039051802	6.5151617558873625	7.1349194323279	8.652830496300858	11.709597229137746	1.958879871431044	10.018678611034975	5.420455009818409	8.612820439282931	4.919383780151562	6.955746607509662	4.962765826900398	4.999800419708256	10.32386705536777	10.240541852242114	15.47994742050415	10.440430124745616	7.791501493999301	8.731831696940525	9.62198284433862	6.472190609427861	8.009748399700706	11.432826208631031	11.819969793660638	7.4593775094093555	8.798256051636947	11.58297541783713	11.839444237203097	8.833570064624647	7.987505804415185	11.610663447900707	8.922508153759214	10.993974777106786	11.685740489372588	8.296063696804877	13.26057784032767	8.89144427832928	8.43923713775261	6.315623611382019	10.187591135299213	11.794000116882303	10.548468030790916	8.055847875700339	10.592783560340008	6.816725987617348	5.330328332309493	5.992096069101602	7.646249008598289	3.9554108980058125	12.012197167475188	4.680143451899428	8.472622358449952	7.387059004500304	4.827098749724688	7.2678411768749545	12.858318913824315	8.519995695619635	9.606311541592433	6.782412283540896	8.117739424535618	12.12497905531825	11.559967328337637	12.7485485864398	9.85324225873162	9.250033777545283	9.727538449718791	4.849512352682399	10.852765347388209	8.918052267609482	8.160757139285982	6.205847866078585	8.43962638837948	15.08954156741273	8.851202216065685	11.125934602015384	7.826389139996081	6.9291406386324645	8.678069056014415	9.456285850706276	9.934077083506269	10.57575599443693	11.577819317449048	6.939444368592645	10.547004207726756	10.25699713627025	2.981640170157848	5.0468660056785	8.967322415388514	12.32639494006584	5.610289804652581	4.695024658336575	6.284165879038346	9.579877466963005	6.960831189294638	9.752944101589156	7.875640097752627	9.002221812086823	11.030279090078448	9.283924248136726	7.967853437391545	9.834458995701427	10.33520981723748	8.072110727887846	4.64226821425949	12.076325662893897	6.160985022290936	11.207562961579153	6.018257526506652	9.577495565574138	6.409251224577096	1.9363968399549432	9.11024426644399	7.763654709263487	7.6931951807049535	7.707725258217541	5.563535100409505	7.903360705702905	9.241235432917454	7.099866663952475	5.284377984665235	12.010200549593211	6.275506009380072	12.81747244175048	7.34140643934672	10.50028078701528	10.437848276550202	8.629272069919026	11.82825896873905	8.482290851004961	12.483337800610308	5.244485851472654	6.50861531481624	6.313476343035929	8.588726416854554	7.241149219953083	6.362106205413688	7.208536998868419	5.719677587181466	10.276698125621659	8.926894276708985	4.039310152690077	4.377460813437526	7.55899240616289	6.019885436317744	9.596607002760564	6.710002076619278	4.28769409773317	7.643684056862626	13.281412229953892	12.181091916162037	5.928901739761523	7.5744556940474785	6.4044846652104015	6.832107482187281	4.3100049182870706	3.9765854856755474	4.184398371263025	6.339443873533024	6.999799451428173	6.842211079687603	7.1681940518648775	9.455787593502713	5.213720217448424	5.9795720088911235	7.654257557776752	4.90145692986837	9.581173490183316	5.8589181197842075	7.190654588309715	7.6362475593715615	13.839679577023645	7.25589605943378	8.986340675111359	14.382022546067434	7.649669574569802	5.788439201474424	9.371869924578444	9.065721469337264	10.958606426633198	5.947354889424561	6.145041507724828	11.852367051423029	5.967524339865412	5.754162604214058	5.886502449644771	10.316683186263667	6.626173418589155	9.127607166052412	7.993865268792652	11.520947164687387	12.335584538513944	8.156483883524775	10.062508871224212	11.188216392124957	10.104576386323641	9.743682935351078	11.416223159719332	5.628438117616244	6.787037510044908	9.83304970035269	8.958072629255657	7.698265934646115	4.519988609077508	9.673733265253214	5.87651014320282	6.080259929994994	9.04941678322396	8.597390932500229	8.97390631317243	7.681927456792434	5.809600968415463	9.456450980624497	12.101706446057614	8.117817258202399	9.78115627500837	7.346289252046344	2.892279211371359	15.969675185239742	8.729066836501133	8.00501215618053	11.712835871101232	5.978446046029138	1.9475993223886874	6.640056051294218	7.676193921557448	9.846298428779766	4.558958321342805	5.640913916344868	7.653438623155682	11.980084433367107	9.63846936623724	6.740403620176672	14.814635776720264	12.25371452270251	8.514827210788795	9.98673892486413	9.892637058486656	5.319736616574812	14.19140873223443	7.702168645368701	13.61210227715915	11.200387850265301	8.662080824419869	5.3981926166839616	9.1670636994934	14.011506704720201	11.54260522648995	14.515220270065905	5.418277274289847	9.498731473928258	5.846486603005341	6.866092315529316	8.344772225412795	12.761291699500227	9.83656365401318	11.38183171341916	5.026333899295062	7.182321304981675	5.973870709221526	10.9306136855761	9.026080956412237	4.786425405663349	6.4389712557813015	10.390463717870437	6.533640333178671	10.279376334450035	8.76345493345785	10.846580373012007	9.088621123545183	13.961658284974648	3.823622439888349	5.638176939817684	6.981061605978627	6.791255446985281	7.4805968065490225	13.628853408633493	6.098999664055419	7.791010242102738	7.821477107940823	5.22996804243526	7.562149259750106	3.6480255791808953	8.222810875924472	7.678572134909029	9.963112686205085	8.908770598872778	8.885376199347418	8.73834978768417	8.77080285931639	11.590342716106246	5.775567142697324	3.373985767338052	5.979876321709334	8.632526590619557	9.152997556403552	11.67334354239085	3.084218080072695	3.923017249152562	8.458329267057627	9.076750781863698	8.925248206245747	9.897476053584663	7.611618596223333	13.539167874248175	10.626116139964735	7.081735715615203	7.614489456146934	7.956753069370477	13.589195145243327	6.773502265991471	6.979788311325041	7.686666723661631	9.244887149539432	6.015931344633765	4.197853904720605	14.672763986855156	10.425652131013114	5.912851731052615	6.772583226744447	10.234039842649237	8.764605179843457	3.9780637297653443	8.362069962009697	6.901206665850852	7.34505311152754	8.38879500801216	5.001803707220637	9.34846736736648	5.386204575287231	10.851879078657621	9.839077043780705	6.975331502056321	4.293802687874288	6.1559495176280095	5.785200612370051	6.222282229954711	13.336924005399295	5.067590263500718	5.585949877158151	4.110157775077716	6.04518227885762	11.857197471101765	4.873158747236922	8.693544369211345	10.165154883812633	5.977777833383194	8.373649911613999	7.195124674390882	8.147874172287292	5.037919137477347	9.213242957953742	9.705725994748711	6.785120487880971	3.376743690363914	11.932404918380325	13.837028683431601	9.46400933280079	4.971453610096482	4.746857516418959	8.719101543413768	9.523118620436708	8.975780987101338	9.726373849912665	4.8992312592276175	14.277957616190294	6.872976222249821	7.663175467881414	5.374429881471267	7.122129877971659	9.330257005395199	4.628443960191715	8.699210616485548	7.795332927536729	12.020790210927915	7.855751471015278	3.332653584191547	10.007403744845448	6.460944773225337	10.978939589388304	11.184135406080316	9.557655204862712	11.779272930995868	6.928111719038314	7.6601462949234564	5.834718363090798	5.643649697840115	8.738665278646465	6.169959070143834	16.866434877823515	12.485627483032312	9.958997632821767	6.853108667424644	12.441024214972211	5.007677977578217	4.398901055832563	12.911940768873325	9.306147622155088	6.778052732940223	8.01959926913793	11.161190690261794	9.646434749888796	6.863329628601744	6.720633863815024	9.833239987264033	3.9750517090489916	9.427833550507987	7.816136619941892	6.727094286291937	9.832325159394667	9.894596977492169	5.145303136472301	4.319627829872839	5.060353370999507	7.848877286962998	11.332594894362602	11.532479743058627	8.079555520936909	7.9918191190112235	7.8763678404787605	8.19530309024407	5.1278918817520776	4.281221708051443	6.810213039607477	8.799237672223546	6.501733518696765	6.544453397905591	8.611362218039979	7.122921241503287	6.720080359426421	6.774709239338008	11.862397167717683	8.720795340646808	9.702182865054354	12.981664470638028	8.063456138297523	7.275821480271646	7.938038944787418	9.654502281314718	2.9584768956069705	8.732903143609263	11.089429730077502	6.750775394390499	8.870590207398008	7.755249715645849	6.7370071119589	5.882629526463225	10.9079950695028	9.384488369668048	8.286285690492361	7.732269798014281	6.917976706988253	13.341099767676111	8.07695254990003	8.341391276739548	6.676038152471171	8.21276590160375	9.103597841251876	6.623892639995987	5.936629950031401	7.791095740405105	7.163507634850044	11.959403425055658	9.092623753999582	8.354184615603993	9.927946447198831	4.906704934210672	9.562867112548926	6.253215080567771	12.609217273305187	11.509937365616578	7.572602680022331	6.823758372356753	8.460933779898733	9.130316059394463	9.8824719689459	6.663845073602145	8.96837831270156	4.955730230078366	10.595574505839018	10.722471671774388	1.940090200163301	9.128711533677405	10.64618404894969	5.885568212036577	7.789373605336343	13.321939215961077	8.733712038144406	3.881145043485481	8.103064298621366	3.848860644360163	7.860948599170892	12.708910932892085	6.471503026815632	13.367506569604577	12.192114047734565	7.691608505325411	8.03310551528748	10.637536476635226	8.614293052750076	7.965766954915106	7.939954413053676	9.581530701374282	3.6404142439960916	4.9054679412872355	9.635454800298541	9.518465142724637	7.418438183380179	8.776124507945786	7.348364062665747	2.9801019896033356	4.897586503767171	8.064838652221203	9.838388442824735	5.967035717484252	5.93194868700464	10.133520409354565	6.659729505489306	11.239287525268516	20.33009409906175	9.81169981932811	8.27915065124529	4.133669422564113	8.821745211654697	8.939502247622686	10.972105360863338	8.490836474936959	9.868307449358099	7.155791537035634	10.558059517982938	3.108453449100332	8.904190773299035	4.857795415549462	10.681989575323874	8.154059123272644	6.468495540680742	10.63962038412465	8.996450022850444	4.9124391546361235	11.100460121658033	10.530299985735837	2.9682609319692634	6.365189637558658	5.828217105848481	9.821206021980059	11.74249325567015	9.145445233586265	11.56290128790236	9.388018159044659	4.880942935199661	8.707104803771415	13.765833196623277	5.841736799000997	6.824980176959934	10.651359669770025	9.398081912381647	8.334297010130555	4.941314930164509	4.282856116671163	6.914788909468066	5.535357344306256	9.512661197351255	9.350171517178634	8.637707306994232	11.658848441052024	4.840815620453166	5.388369097422418	10.495618905783028	7.664142372775924	7.17098205519505	9.34452973873939	9.56006465079378	8.882097124031384	5.709685726296054	6.807952840187275	8.703021644570299	9.83057450974684	8.749022524156146	8.627587305266625	9.79855252575113	13.705502252920464	13.572228997803814	5.401516363586285	9.873146332494782	9.350576678829519	7.463961859148722	10.14292919854399	8.19450269358966	13.26209653286261	7.049674783805786	9.46248992443134	5.828255437631379	13.22383894171037	4.612334664665475	8.723245666006106	14.191754014873935	8.383049562224187	16.25984249979531	6.709202033741117	7.744579623463006	11.710643921792464	10.070708554974908	1.9966321796290472	6.971704148211815	11.156782413980823	12.177941540366989	8.239311366165378	5.798276649776327	8.943155684758425	4.787759571199763	7.9730661448098115	6.5128974734666505	12.458452753101675	5.915309351966486	7.640894453228319	10.779642800918506	6.431193064765873	7.118417786662165	6.822013671580799	6.3261898440011	5.620726738276171	10.909509289568811	9.919108967074601	10.741520620558779	13.479810465920353	6.5934043136244656	9.958081334810055	9.087450166350274	5.946887697282089	12.002661160103582	6.798900792031839	3.992652368239792	8.383284425262277	11.860145028715415	12.370534158448496	9.945994975554012	7.736927780377885	14.754136328875724	3.2488757063921248	5.8332910128184645	10.551581918262535	6.829501644469217	8.720878017468438	10.941137906267464	15.507835023617927	9.125041068758424	8.37181581672919	7.891527024932692	13.43278278566475	7.557823109601939	5.204427295137813	2.1991096583969774	7.285386524580347	6.614695976300132	9.301825248208145	11.613581543242091	11.256391830708743	6.914391742958197	10.669022963665341	8.420539449190137	5.922960836506712	7.860937654334219	6.006772962179744	8.737283302380254	13.234314420139274	10.435298136938112	6.550233936438862	12.761229919644217	4.869962589014275	11.855971412780677	10.498122394974686	3.985969206061545	9.175658918174719	8.034134723243868	6.255299227627416	9.64971113427013	6.738814767909792	0.0	10.483450064948947	11.999101977385136	7.38243713628551	7.161263582130703	7.949252191450502	11.622344672709623	15.13445057691095	5.813086303733712	5.6775587808268115	8.748729383961537	10.824997375316565	4.862372609356922	11.228631256663991	8.852021390666344	9.785928896170551	5.416032976590757	1.9747452982380485	7.126532158087139	10.266591737508442	11.20464276117481	4.849973431436282	5.748397123149133	6.940918508983591	10.12613522466794	7.811869992757514	9.516816080721359	12.872963753939988	8.670770444290483	13.174578185491809	8.430548096895034	9.877404235823043	7.269515071280081	9.65728706238381	9.185578572096116	8.547400447973363	3.9571490255286057	12.682110009354695	11.06950211278699	9.293928206896688	8.417024740160977	10.32456821343728	9.11346512462424	7.628651592505763	8.118616663988654	6.7087741133956715	11.909564657838946	4.9617398822624335	5.419666005137108	13.766831388565054	5.67934626433176	11.355693610052327	6.666660231948645	7.489250715667923	4.8189387872559415	11.797805526325348	13.491550626946777	8.799033265370303	9.688066935602079	9.600301598239401	9.689536791461062	8.082173503897266	6.032502663354142	10.541100231898891	5.980692788775136	9.545601765814947	5.292253435671908	8.251230511749029	9.082681435247217	3.294543367400083	11.343506355874862	10.578515439094051	11.576373453929344	6.677154085470275	4.048813837019384	8.4959994892384	8.314811365917521	2.995023865553844	8.686273663267864	6.880847682040875	9.977623694537922	5.9715065698961	10.513366804435911	10.228016734896936	4.971857928694818	6.981484145079458	9.825703143046516	5.751138855945897	9.73670557204385	10.272335943168759	6.11705603330917	9.638764722087295	2.3920060945021717	13.60629898539732	5.749286404844114	11.876174729471789	7.326324330006523	9.52287697781535	7.742149968447472	13.070136644539122	5.594963213456382	10.482620060147454	4.813289055707988	5.837663483155271	3.9285441784618946	6.34871517027353	9.434256290254641	5.587280352130903	6.736196453342764	3.3034864118489495	5.55929379514606	1.9987908888470238	8.85411460981679	6.70340362618715	8.564267890688315	7.352762824898418	10.659290399693319	7.726155940065331	9.42747614473561	8.884659152857557	7.934043348818611	7.201880416887056	6.3639642859554595	7.296857173446213	11.013687179809763	6.870876812585398	15.339211633554939	10.09625116009591	4.431178857365296	9.67055153647495	7.793511260265526	8.188255653928307	6.639302806194633	6.92070615589596	4.838104806416315	6.836207939869563	7.750765461736721	10.83128256087475	7.367370685217468	9.38918046488947	10.708620786531151	6.7292962452579514	5.026684818189822	4.795524952437464	7.263687107339811	13.448180513367921	4.9685277959314895	6.967769666091502	5.5480615614901	11.933046955454367	9.346405872522006	6.040121507004731	7.263197614197864	8.797670299694675	2.94696178234201	9.024466733510645	3.9736092653832396	10.43351046330332	6.174726538338367	10.736411323301091	8.156351478480289	8.988134241007502	6.38717182132007	12.012840368806145	3.4511586669309464	12.874408493772385	9.736366647782349	4.9861035988783255	6.256070816722223	5.2670306897441685	7.654930991211336	5.691830202956531	9.76646775183631	9.977417461636797	12.484621972771563	8.491031762367017	9.23829169926869	9.017057754983346	4.534924780805824	2.9794464314408837	8.726293089186774	12.042885623915595	9.770657882827468	16.07303605746372	6.042029657327005	6.015787265530879	11.829915166884232	10.129719223786546	9.998789767509425	8.51136543670862	11.598997716670898	6.635420088577584	5.448294451177527	4.965063095925948	7.2076958513579195	5.992292544690992	9.878267427424076	5.979304542544745	10.68515714340404	9.239750806727915	6.766000435455328	8.16078224300068	11.021275998252584	14.500506200739554	7.8447391539784395	10.291230112530629	10.599112877028174	8.068062069268324	3.856127463115264	7.732118344909125	6.552764429461287	5.199319776207687	7.790483421416331	9.201506528358456	5.610486171700328	4.829026968103662	11.102841242067942	6.763315862325645	6.486587426930772	4.333099637014637	10.5229089808033	5.821491726630095	13.288224409564355	8.274986715712195	7.588887877273043	10.950387440313431	11.440002810041424	9.837773319099421	7.07565488015795	8.061027651011086	5.481567169400505	8.008238620741075	9.985646267199344	9.574992620217193	8.708470788806737	10.270884037830932	6.324398002846429	13.297614619289423	9.618614242421234	12.749570847948624	1.9208559880531821	10.731511341396512	14.011046005014633	6.851337878004058	3.9771834676778335	6.133212990205055	6.820354005452935	9.539616024177596	8.254650443873615	13.496965744367847	12.360521009355445	10.539968892592762	10.271347418386915	6.447089224596909	9.054388294908327	12.685163182872653	8.562592224848443	11.402241285900836	9.568430982799796	3.962615221151588	8.336508822414691	11.465908829748695	9.130255134794627	10.7207076649237	5.659947236784052	4.928987118603834	9.392404674178334	5.597895931910646	8.757402488099846	10.525848793165176	8.153048776886484	11.261480373185465	13.992119635187077	8.206576732890053	4.923280495830929	10.778582474136257	8.007764077405067	8.915973855321692	9.390760113712515	13.73694628892586	8.439882914855206	13.848426922666798	9.678421421301982	6.767418014261199	5.093560708921933	9.3316395509599	9.467594464040737	7.608368065537893	6.870489461285923	7.022346349847673	7.753926833460348	11.353129177963423	11.17509769394937	9.255280169773236	6.514792655674861	9.876433945528458	7.489530445994017	6.246956249524596	11.223083810431968	6.545786951344395	7.382697195370515	8.1792052718366	9.368162944581378	15.803279474146393	4.859276363136216	12.230691979455175	14.668773959860404	8.72480791193977	10.9813884305893	5.940937417884796	5.102465158747173	6.176446615437932	6.875000107821879	12.24254290360484	7.406386499835724	7.719390661003365	7.086883577032456	5.0712704361264915	5.742756264771952	7.827505697001014	10.568514335451088	9.338505300241716	9.434166679032357	7.326694197698521	8.414351900908311	6.988722636182502	5.729838324970708	6.425721304350209	8.016268324183839	7.8040263522383615	9.063204769956798	7.872372100637391	12.076845904194965	4.550643382314275	6.682327877538714	8.09949200300871	9.871092981474668	7.330381538027427	8.610975139977457	12.711169463763918	8.743048168286123	5.000379990545874	3.903031951777507	11.664774521600162	7.763258702781348	8.002602790876775	4.609527181079626	6.952934870096508	10.299249541713873	6.808809211242032	6.780673570913623	10.447914397149288	6.994531765655993	9.381258347028178	9.806980330739512	12.440489095496432	10.45264195804463	5.526196376731776	7.233228688625037	9.844468643973936	10.717099021794715	7.545794639253082	3.912541025455545	6.626967225127516	3.2273866203419947	4.849181788496625	5.595658201706768	6.280581263951215	6.135747735749831	7.1143768975254265	8.885066858346066	6.535803140380325	9.687591786301342	4.346215276591216	8.887672847700207	9.666325328108405	6.520497194769512	3.548274547956608	4.769460898634225	6.366562072152071	11.52521280547871	9.721466194796847	7.63365827130265	4.963692974811777	3.9889595091247236	5.349992857005142	5.8072018549399225	12.690415177582494	4.793532983332849	8.347259362530963	13.923793648217458	7.591608087062261	5.6748856003741865	8.824765783361004	5.868260575877055	6.733899676721534	8.866416591035001	3.529240963352709	9.259300211267302	10.493800790287684	6.8750458725505865	6.988853883354527	9.543757999947525	11.134291238539726	8.650221686866344	5.679049637463559	6.428615730923149	5.869664177325864	7.250835959663705	13.863764459136606	4.751638672062973	6.842564121385004	8.699193489396585	10.873707163256753	8.914535892434198	11.851465827134763	7.308333710192838	5.234782992313686	8.727381579613262	9.607703905800832	10.874486189745879	4.089016290688229	7.232371904701685	4.9642616668591595	5.96445276516358	8.283250548528647	5.736352320654293	10.52840010571935	5.757331434387054	7.99819962225783	11.745662043303591	2.9677508498046956	11.416349109926639	7.856851443008375	9.065999749030969	7.456388215997442	6.9793818671686605	5.296797214422944	7.384980175398437	2.944425504511006	12.305767142515354	9.870782613154606	10.131323773820894	10.520494608245816	7.642050147731208	10.843231611432842	5.740625293899668	13.75984804204267	10.41977873933001	12.602424027341472	10.201902350983403	4.9316466482990995	11.005416862442518	6.449472744296821	11.388681013346192	5.439340283228717	8.143280422851541	9.257271959001235	7.141185847851727	12.051880103591635	6.83638015287637	15.551191768276539	8.537653952927554	7.170756648395123	10.998817396739064	10.80623094856267	5.168961147251645	10.69234655463882	2.9234679738327642	7.401449017847705	5.954342953450572	6.768845058406361	9.811603210186057	12.912654030191527	10.231338663995711	6.98325729702424	12.219717150131272	4.864608558847372	8.15202598251747	9.906839218988832	9.304701041221433	10.809377285175282	6.342277229431914	6.67365353079403	4.9865086078605465	15.164562849807973	6.35091682088663	6.108237117286109	8.309615362507314	7.6462229860219235	8.261905156404888	7.330014739078788	5.681679640145345	9.665712384438768	8.584526246614988	9.376586442142015	6.70681276616386	7.245713606819603	12.368264725052665	7.354572193358015	12.283637421402577	12.195741363186396	7.643160283364123	5.771429808119511	6.740304072789924	10.415251691197788	8.025259438961665	9.782797696725087	9.939441016511537	9.801883970880686	11.289016506914464	5.048185784622686	7.718640684902658	12.220235156851471	7.702556308386854	10.696544878597743	5.336342032515832	12.415449746267281	7.883168207806227	9.523069960068138	7.402891708564923	8.899076435421422	2.9895788391837974	9.730678430525176	12.51354007270428	4.112069222951666	7.609366420593414	5.050936279872152	12.401362700129388	9.832791688826964	5.8661778300825	4.867582973866971	9.311663408902566	13.582563831455873	4.651459538178633	9.249056682886378	14.508542787983803	12.461552717194392	9.966605622981948	14.624585926974396	6.70536273348158	11.440994505902873	7.697737340571173	11.169355199711601	7.657644047303754	8.112682136042977	8.847910098216142	9.973173452423659	14.407515893844279	10.91226176097717	7.423046549357648	10.73121555322608	9.108477565700387	10.35006619896659	12.387048864659091	10.175938196028119	9.512311003481644	6.742903976567358	7.988137123567985	9.521254045462328	7.002266369751958	14.759293330109402	11.786638186533846	9.663942557661947	7.1345645772247295	8.925331292626717	6.936966058593365	8.041581024411258	10.162997882923223	8.502545236250961	9.318867582927888	12.920421300808933	4.985054311735333	6.5410215429775285	4.507983949520908	4.764411225859992	11.989256725451286	6.572620480068398	13.176122277069052	3.9339487323164124	10.905244204335093	8.315587812907218	9.565376720580804	5.871947595919565	8.693556608196893	2.9386811183594426	7.615220290417239	13.482067051572056	7.341929972163544	7.3474266441901435	4.854738910634006	8.025816711266465	3.986500994432419	3.8333915574497555	7.387217619427874	4.896721502373603	11.566919163522272	8.851375950662971	4.354821835392474	8.814465179734587	4.069818219740289	12.872467768849273	8.95039101331773	5.821552115856162	6.759127538326921	7.086899119857633	6.2288778619688046	3.0522745691687407	4.78336237243822	5.955132910965589	7.2814326827749705	9.72814919192756	10.93537010639511	6.4847270398609975	9.713406101334854	6.787944233143882	7.8791105971219	4.5289386616469836	5.857192941318308	11.411897465542078	4.563892882975605	6.9755295314392525	4.510193185414697	9.705561733893278	7.992928325215656	17.015729055823858	9.889483920643267	6.24408530696059	6.539446807040474	6.82103139428845	5.520257250107104	12.181320478986546	14.270743963858926	8.096477697846593	5.934732555775435	10.088410071726768	7.961392464131681	7.13077742064419	11.98989449781099	11.602531559086085	6.709570784299	9.14102247904608	4.817467751629503	4.942751411409911	12.680704444259403	8.557114776162749	5.896396340061785	13.578677017646974	6.8292886829258705	12.079709610806624	7.93581019871343	7.363022608396354	6.771698260981991	7.610229860704076	8.556621008654536	18.34883976047754	7.648474021416126	9.667285743424278	2.715300120907283	7.301078591511513	8.278131388259757	8.977700291295214	19.031131188008086	6.586007557298342	6.670148028447702	9.833391191346639	6.935275176760396	9.449151750451463	13.490759287232736	7.907040784884353	8.892153477387767	5.139320779972438	6.884679278190519	5.701800918706048	4.798552323603356	8.887347440521951	4.632049955698485	8.283110162750228	5.113288387314705	3.2958865019695063	8.497940349413565	8.552628476739468	7.584829351829587	5.395736142530769	11.090100357906707	5.618973030510522	4.883781590048609	4.210520878925496	15.288081117163554	10.399840722301114	13.675419612934643	9.026807255441126	7.098391252511801	9.788836210077836	9.29837713489501	6.376568924276202	4.8293323538311625	10.126436039215411	8.913924571132968	7.821981168837739	8.098259943626445	7.596552423231499	5.541362316024226	8.995783936340958	6.938283485722151	9.813157364880587	6.816472763382849	14.37089837371351	4.21188938013423	7.977414161043447	6.997918744512798	11.285975217031687	10.231287350837635	9.238218956683774	12.313892350129576	10.430544847615053	12.910960886919245	5.621633876586422	13.562073650533106	8.731193770803568	10.49842222459159	11.729251775147235	10.340775266588395	8.068639436655857	12.9509742218999	7.979885172259644	5.92690203547593	5.390394736475106	6.130258734202201	4.962168803274054	6.544680956781759	5.611319318575936	10.923472287973903	7.923363065944621	11.687004530351066	9.655477320903682	6.132392410199429	8.001291659729898	5.633540824976015	14.430537420254417	7.0792005130650715	10.90359379773513	3.9320533433046374	7.535549870018111	7.240976072780038	3.952619416324114	7.515662276125019	7.665563568969016	6.866892991488352	10.842564728653505	5.865328480798847	8.878180524049847	4.238506185105919	5.50099246974228	3.755224598666142	11.392672812980546	8.966738283515523	9.813860554069768	9.807746856581959	8.136084192212751	7.781546065967085	8.724221953016782	7.496905215117804	9.52981392759588	6.261464211156143	9.642845383053874	11.65502937748667	11.714107209727958	10.690214757522021	6.167675055617847	7.43950756564354	7.728144383604305	9.94684424747011	7.795865002958868	4.758705610128121	4.60744517375581	11.850451934027443	12.116877819051297	10.815331779627943	11.200822227183528	10.825216616078093	5.696307293530361	11.254701116762318	8.126495180127103	5.004833767329785	6.752233349766219	9.814379911030095	7.871136877591769	7.541732650609339	7.177575295664647	4.973717911003101	8.91237524215685	9.065723390439866	4.701595236743573	6.809122705697167	8.94762269182619	9.805031282976515	11.54443123779601	5.7514043142443745	7.784342639706375	11.97912400504916	5.119500669052431	10.853954606857668	6.906423641708404	11.901733136810439	6.418548153117595	6.403809305337017	6.825686374572979	7.538834987779746	8.67021985730487	8.053835256182488	6.102551715100248	6.364237760230043	9.201169753967635	10.576691035203956	14.275309013331565	12.970943019004084	8.87348167843905	8.458956693632963	9.64476487244437	16.394310776069567	3.8852296839201426	5.3483116987145705	8.589739239245787	10.796581828365277	8.949374720327954	11.654084779916628	9.445304491231802	5.988293905244059	8.652795929264412	1.9665039792359242	6.851949886306152	8.135670268017016	12.474517348414	8.92249382085855	7.692693316465448	11.121958487706245	5.695726023629333	16.976285911175555	8.664784185122214	6.571690950914769	9.818861266526607	8.57830570760176	1.976773903646667	7.845321104091296	10.741136868813891	6.9808344430375815	8.702204786438246	11.613295861068758	6.718090808957131	6.8854454241169565	13.901512758788925	15.481256231573191	8.997064208613184	4.932940710256843	3.837647617856069	11.545700542005601	5.062830296319414	7.0593990736981755	6.352639022701851	12.856457084037913	9.322089718708286	6.999216168676796	3.5342716013673487	11.529984563954322	8.059704726060113	6.782341129788666	7.636104126842912	10.89058415069877	6.309619139127593	6.331110085653929	7.626215956521099	9.04028056487664	8.255423996062556	9.708085888510116	13.222344150587482	8.4825932271248	7.7812026968917944	7.751736506234228	7.216097288768866	8.75600670385756	4.894800841456523	7.0720763743620685	5.978270356285487	10.615053138114401	9.538243493739271	7.694012461457125	4.834036630114133	11.65200835265688	8.671810863647014	7.72129733354439	7.072387125360306	9.911688322732802	9.74071890393691	4.9397261715299505	10.603242372510778	7.89417285400367	13.246277552681374	8.575410790615338	8.52247824859687	13.296849416270943	8.512230675177568	7.238779301788447	9.718639951829866	6.907386095927156	8.589334845684755	1.9468131339302241	6.796395979261917	6.64323938639896	5.342216386004731	4.091053934283161	6.759076456299632	3.472948627167774	15.066009321907933	10.524171352697804	12.35900652531738	9.59850279816345	8.519204719866373	8.9866458195837	6.747790482162567	6.547995380298626	5.9363132596320956	9.648414211067866	8.574152638076265	10.510405091011407	9.135789704308799	8.1783038703321	5.527893385563401	10.153496154649796	6.200566488804627	6.767431906138205	10.243465909435166	6.622777244602845	10.124347002379482	6.937181515459945	2.5732699741145013	8.59559508616975	6.021153873934189	9.372628232479745	9.4034892299958	9.569558267444297	7.306567135922921	10.000297184358391	6.728760106170775	9.714673017046461	9.671953142249734	9.813575402291262	9.71626456225756	6.455229643304367	8.683831925404037	9.643024302573238	5.680129839603195	9.314901039090692	5.552141063763783	8.824832163200892	12.77997694588439	8.843922533388149	5.6227102896140035	11.888270010632572	8.079746682597	8.559810387973473	7.727893781934341	9.452490362309684	10.524315570828378	11.575530229053276	7.831309138986055	9.097494832053917	5.049476138784669	10.364410260310684	6.176861908121613	9.698914654829919	4.620867539826431	9.083450508491495	10.230461106108871	7.888754462343188	7.856907645891769	8.564549303918989	9.723096949839558	7.438939215538973	13.416349263913983	11.498993153140809	6.063921756967778	5.143852276009507	5.3318751867783405	9.17040279497401	8.704088188705272	10.380429862576797	9.87788972059102	4.224769992295389	4.6258954266435675	6.914962564738625	12.513410535273724	8.586197786213832	9.682772963689949	12.166374934825232	7.014538483727566	8.60610114807839	7.441033618027639	10.925781880147063	16.993621174671496	10.921836318809948	5.912379253822111	7.93601566402707	6.400164519318785	12.204357249003566	11.046082893857902	4.139919653956423	11.595909616132694	11.841080808642792	17.983085012086487	7.866634715923	8.126051463296974	8.220860910687954	6.906587862440234	8.779532326551536	7.384057240479689	6.777994295270088	6.229209395337235	4.881915332570227	8.703639877572098	6.777328436831642	5.563277889420011	9.689567867596573	9.612279737766231	7.178864048874542	7.222664079242427	11.35008236201893	9.604835611798553	5.051708131385644	5.0798176053259665	9.562957536872002	7.979208802502693	10.074839244212939	11.148315533789404	10.694331624631818	6.259056100264878	10.154186985571556	11.423545231935964	4.829862207527209	6.401848833590375	4.08082015294111	7.745213278688377	11.431820210881307	10.769519339409795	14.301065899294802	4.9075667520925865	6.498391016688972	10.609256083373042	9.62923883250423	6.568711535712344	5.6600494648025945	9.413739520259815	5.9108784729297135	8.166842943464982	6.33888349587793	12.984871382881051	9.395268412081737	7.792306586645047	12.514998489063215	7.165193590809287	15.18380840997393	11.77413412014368	7.8852726097201735	7.115654526612963	5.839080984242804	5.7157240844653	5.330810959281572	13.675051817449573	10.894203440714689	3.1306665236049893	6.535787689041946	7.114978518638694	11.792634569238286	10.590057378198601	14.04327280874379	10.372368826889991	10.51907630126653	8.325653424730199	2.9975047658275185	5.06210048468177	2.8604451539165283	16.320308255455526	8.582027179611403	10.409121053601208	10.594111696045772	8.626607174288237	6.310059541811416	9.534533720841468	10.143625845234844	3.092363045960225	9.502014527442297	6.889021872112267	8.712101311007935	11.225034290043494	7.720484604354523	11.583906757772809	11.2335058520957	14.468113006332164	10.745241146120323	6.826501835821815	9.627686933560271	5.151779740115927	5.471335980779453	5.989407411381483	10.72031095101572	8.747025785486084	5.091094345824557	11.063419693565153	5.2185508960192255	8.554632724837152	9.687402255630413	11.707525881358945	9.383255632123735	8.026835112867829	7.656148080577429	9.772897272783753	5.909746124470015	5.156446551374601	6.804411502753215	4.813463909480785	6.829897122074925	11.615426298323618	9.754561818566204	10.905316972405094	11.489562075162137	9.739416671172453	6.320099534892333	6.894168747589938	8.55865365036858	10.71057644911628	6.880522552816322	11.480807892817346	9.57201854244635	9.45164412818228	7.862447097115009	6.1447740526358965	9.31754941454667	8.958737495724607	12.760451890866435	7.899338940437136	4.701575095836952	15.363040529697463	11.916759673213217	10.938565314088315	10.976475405972089	10.484603720131942	13.664555631988216	9.23792933264333	3.9008981050734506	8.340314332392559	6.198015761047404	9.627106350120142	8.723272289102841	8.819746197403614	11.850893994427361	10.697203904607903	10.914617445970249	11.583207929930271	6.4360757798167185	15.904233926987082	3.799774150311617	9.721705570861062	9.842906196594798	9.094277090623429	6.0765214401238925	8.757255836951078	9.664440001486449	5.373480893639297	8.238918784949819	7.484003926584409	5.35340531044638	9.790882109407203	11.406141048160835	6.909430384338137	19.379280910418686	9.923539493328194	5.49431797223634	7.349813787027479	4.180839542243007	6.954990020134822	2.9446378433082243	4.860683212881859	5.517740245856689	7.4899480423951745	11.549135100519608	10.097989054496557	5.856488022590427	9.576315956028777	6.844447605445877	9.79724813643083	9.90773892850602	9.058975273558074	7.691579818096892	11.385296239465742	4.748802843907138	6.541753218475183	7.203946123901638	5.820908002379749	7.226311435239763	6.5473794787961594	9.029637807336902	6.9884677534410855	6.695253847017163	10.218164785044008	8.313784161345378	11.300896799064247	6.3950219607972	7.241169140820276	9.364744625260276	9.712754595012914	8.999544107967548	11.807733469464187	5.856895124942771	8.254225797539469	11.843024344238636	8.587505783679738	4.857320502485716	11.104462718370856	11.439325355631516	8.669788852430832	10.560665829490548	7.229663809613322	11.60861812221791	5.985105318312134	14.79326971645649	6.3239756797401165	8.411959449710354	4.928622761066489	4.747737644292639	12.512226714827063	9.301077403837656	6.794017201048429	7.4634293995864756	4.972642570601676	6.374847813059366	7.13680416208703	6.368869369199338	9.802769380505213	7.895808061158254	7.190154465017885	5.965898912862091	12.794930742215227	5.3178129927633515	5.673327730626903	3.968032526707142	7.230652959569947	11.027579929810113	8.336639115230506	11.575054862769077	9.174472837669025	5.743788119568497	5.83000961551516	6.307079057172783	8.326833974586958	8.80525670552887	9.669632402380614	7.9228934051866	4.753032461579322	12.627265730710167	9.098309565419875	9.174323872233165	9.362231270518654	5.367853561856595	8.888810266436664	2.9918225682542023	8.920991745176305	14.205275232498868	7.797714461278042	8.453560791846819	4.925679089582713	11.933757345553584	7.095399968187498	9.64919567320727	12.437494988814255	7.919922589188697	13.664690280991474	6.411654400963458	7.799712057625899	7.577806091641002	4.227916102463596	7.956808428826745	9.68324202029192	5.214449140590518	6.544461880949378	8.776698508156183	8.112316794116138	9.320617760032706	6.321746904884691	7.8939922095696975	4.876824257357407	6.16143522514543	3.985461223404873	8.630161543605295	5.492352824248029	9.373365094080382	5.045619523585732	7.756896879516998	8.995778406942382	7.0691002683614075	13.409703330141166	10.566838279800818	9.9070981992132	5.401927193115243	5.827528781788687	5.216398033886498	12.680440588774422	8.932823691921538	6.601926027702858	9.112392184744579	11.490226066519275	11.130554268209357	10.218179666150048	11.654099116004055	11.726893076797234	7.300341317740894	6.143768028406454	9.329509890563804	9.495514823628548	6.043639632936135	14.119139643483578	13.565660739043894	11.06130771766657	4.9710943499095315	9.997585053539774	10.739159324806419	6.235850074656485	6.822761628888039	5.83076661481539	5.568707084308749	3.9778756209725956	6.090082351852035	8.525863244216655	8.70428057988437	5.758921669108655	8.337783372822095	16.0230863776696	6.336603465323632	3.5051699363320465	11.397268871449308	7.548819086639923	9.820061877134574	8.193089547578923	9.02134038185474	12.122029252020209	8.411615531698853	7.257537593707422	10.56597824087011	6.973181281147181	5.551818232418559	6.958910410997342	7.803405130155555	12.740945704157946	10.057028359895737	10.103945293682923	5.777721823151617	5.830489721522647	9.22529738882063	9.31825525089342	8.009194433718196	8.4582390935931	10.663789543849552	14.699974862145883	9.436349657325799	7.785475762298122	5.995942105323436	7.393920426169528	7.720488380664603	7.015369901429587	9.587139714042701	7.898641300748567	5.206336263590385	4.984891259666828	8.55396221835904	9.83412245332998	9.084454175569705	4.905217500163866	7.782975416181449	9.642965577255422	9.652881555016078	6.052139402697077	8.391581184330306	8.159833506868303	5.925262935214885	5.981628785621124	6.820009812332628	13.176478483813817	9.375764838737359	6.683710985359698	9.171988703407912	2.9609833859901316	7.149678893422602	9.876920051917379	7.842726942684009	9.80207362683187	9.461546259293636	8.61110438651663	5.705363630661396	5.820107052755607	5.476273282621091	11.028466773467414	4.866594745297376	5.96137871266322	9.702033697247733	4.989802320324279	8.010625474255766	13.643543155145833	7.292489958010735	8.725947379628252	9.09730257547766	7.689244225961978	9.132701958899096	8.631713579107295	8.003417344740235	10.830892920554112	7.872433848502712	10.927089511434644	7.772268669648729	3.836349963468279	7.022641391969194	7.0649098307336295	5.8122606169502316	12.117894974581192	9.13756228233999	11.291986468581303	11.898610926557621	1.9901696055840816	11.824148433073342	6.169514074952836	7.017826254011706	9.874987423825715	5.209752110089101	6.938132216453717	10.811179754849757	6.919380050384036	6.309613073003283	8.026158444659712	12.902704200013325	7.84417439222034	9.441221908479136	7.740438495459618	11.676077822990525	6.967043798615789	9.25253604662151	8.90156987635217	9.292950667596996	5.464072170279203	7.335109484972672	6.084107028813809	10.986525091736972	5.9404594810571965	9.05801353205678	12.995945403582553	7.6437933504909585	10.255125669407711	7.971959957465684	7.92442785998665	9.193665556309725	7.247855763006341	7.123013378092225	8.767832938744204	6.052206187652665	8.37362225968619	17.5441469237842	5.685589344532456	12.266549661980827	6.019997139640299	7.786497265346018	8.341469717620866	5.817008163423983	11.01167045313756	10.838606071465593	8.302938562984082	9.464190373971322	8.670462766435207	8.743816820202653	7.314392459819889	6.8241964120260095	10.663309560062979	8.477239290387498	15.492604138474373	7.5906485362037905	7.720109771752901	6.162802355476269	6.832932073042523	4.408245268715529	8.288116258973517	7.844338736088844	5.4358738499429835	9.012316016005766	11.928590810811563	3.8983786625226298	10.041239038525676	5.802654117076731	6.872935318319713	11.970976105669317	4.62013962766596	9.949860255041456	8.315357230286294	10.234014054746671	14.31311113327169	10.428086068427332	7.002238646483395	10.328321220544805	12.27100717622716	6.06847055753252	12.396462338717477	11.38697602068931	7.14838743457685	10.553661109746647	9.824583268472098	6.385447781217992	7.029312723741468	6.993956475562662	5.715387100173068	9.624901524704052	5.083831835705378	10.899004514574887	7.20594275684067	6.668681873138073	3.0010617847817977	9.067361125837252	7.920742518765125	7.54159331870459	4.75945576991896	11.675245876658042	16.002689809260172	7.745449752492118	6.773379604597286	5.99954986206489	12.048084122739246	12.00829959228083	4.884943836432532	5.377424659465425	5.800337671374665	13.589015411394508	7.974271570493154	6.138027372740198	5.364069709151903	13.75622349185032	4.824458016224961	9.173199206923005	9.795414744929106	5.891960579286072	7.446431133006914	7.731973235098291	6.124374424724405	8.867851563625353	11.14749844643798	4.260798652952886	10.484865671000314	6.413821915101074	6.974188045593616	12.541675095754814	7.697062336104394	5.421007246297436	3.713011920701	12.138408031186412	8.228787248107395	5.694048109841001	6.44181832390562	5.910584765625499	7.518456925639457	5.365206271762011	9.932901514773361	11.907159260352238	9.880731688992656	5.475409507653285	12.858249867366734	9.807359465561582	7.963591649041139	7.797642478815805	10.626107460257845	6.928102117971917	13.135849164933488	3.8518048779236196	4.010364569005586	5.990613093144044	7.133649754182223	7.7543212120408	7.916452312051694	4.910789272333839	9.582421798856702	7.957480508052436	9.492105025228044	8.413973689710108	8.810077429825926	8.379162539843518	12.051083567526307	4.586051292594841	9.721107952110772	7.365181308581652	9.371227050451903	9.304239305071613	8.764525233805827	9.869314351236275	8.63997572414522	4.094885979738122	9.801180555203814	11.684108419329363	9.51839393010423	13.224260313891838	9.367916235858448	7.468062557559145	5.706499213607111	19.960826428632707	8.88843096747722	5.582001470616509	9.921642550133216	14.105862270837791	8.680563160353817	8.858049743690229	6.864215112167605	8.58032647996639	5.929913687418447	9.04546426359418	11.908901995152984	11.702930872327087	9.025097745056826	10.559998341959007	5.022783457852322	6.813633895770043	5.697096659351803	10.930715779555662	6.131619864773274	8.119507567474933	5.715983389905607	11.55317204811935	11.513935621735829	5.309228146436934	12.682257010701797	8.059853802413636	9.038059693957614	5.6248526284818	7.706915167977078	7.648670615736419	4.971178878926142	13.92999671590782	7.724518536567102	7.8727058164463735	8.770012296240873	11.632721856728955	9.97006020553532	5.018928285225523	7.424896177714537	6.24104386520743	7.628853281164815	4.411251412282113	5.079611795972135	7.496611651371878	9.51308754767122	5.7643237103369005	11.342334280346927	5.228702688962276	11.906684471736686	9.692222284314354	4.928719318902534	7.365513421655941	9.704424562799192	2.5847145882559923	4.815498967111342	8.775974346324487	4.826941170565092	11.69672903687635	7.311485432088585	9.90773591930405	5.558764239660337	8.09692668695856	8.70173564382558	4.213453671089699	7.810907285930226	10.883822291552084	7.91869158571214	6.915459340969309	5.89097134688356	9.65900168692718	9.011572523344386	7.347011977704357	7.624619437243511	11.390621962091911	6.388937978346805	12.8136896091985	10.590773356007201	7.915476162873781	8.098387465914618	5.735851607260831	7.895649133744842	7.491248469899545	9.067669718104922	5.833885145738423	7.617902886925469	6.556540969704464	8.889537218906629	9.687578922646724	10.050248696754018	15.343799120285508	6.207809932645547	9.787944315191394	7.816338785587223	7.2805098082804305	6.764471152760494	7.348306612553562	6.694535508588407	8.57761866150226	8.492409011617424	3.684421903670593	7.912351652607584	14.280887068859787	7.424500168570945	9.264453090149571	8.933841416735966	9.09477055766317	10.458106105493522	4.056679653846944	9.594269860168222	8.034735305424395	6.6677743487654615	8.595464216611187	14.52051330711757	6.700158009836634	7.665014470807428	5.987014094736046	9.529581649026348	12.71356754561403	6.82898027222752	10.603759845813427	10.874153130074474	5.099988752520126	5.934110304574992	4.834091515991978	2.9508390661590704	9.230799872191136	3.778290498730097	6.6415677619888385	8.035122937933371	5.791707522663818	8.253589032880168	10.552012506629508	6.934048147571307	8.986897848711255	4.842870863591998	9.72766047406254	6.259802962625101	4.865003162498584	12.939800254176173	12.590442111981769	8.016035349969512	6.81603594764525	15.315231101174152	8.349649560816905	14.809728523210422	9.662837744624932	7.677977112466023	8.094938429194219	7.378200504158911	8.165275531612602	7.522200058494366	9.353083454340895	11.537122236882691	5.800677572454972	9.231297029870499	8.96845463851658	9.065643924429509	10.186577908654229	7.692303198922062	7.184606272317307	3.697246579626818	6.96610861712831	6.795517588214007	9.529898113302451	10.666064529484634	9.63269560829012	3.1274365930076766	6.056974312176149	14.633255960671956	12.39621309875208	7.510447414427991	6.287581388140172	9.107416233136892	14.271882548531975	8.65445065337168	8.332412991517616	6.707378183540541	4.519747355092412	9.53770788550063	2.9411373387990625	12.155146723595008	10.724404574143897	8.722839414592443	6.79598531582264	2.9547724248404017	3.709514848752132	7.606639280527488	12.785401473101434	7.714769841635538	9.378778438348787	8.528255061326227	8.929580409365624	8.868841005052257	8.726833983464136	7.839199332794178	6.564936993969649	7.432743366620922	3.9252718786800163	11.574392233557786	6.715323642187139	10.031341207307293	6.526552870020315	7.931209525147378	8.869871433935424	6.574687900850558	7.323586593694617	5.875939617142736	8.166022640140417	5.527461791732528	7.697150174600711	9.75867302499485	11.02182033454264	11.348108925342078	6.486162154229498	5.816135596240989	5.763370635963837	14.024493630371591	9.082586814357818	6.571904132107195	7.335913684457761	10.714943113972607	10.897885815933542	9.468623150486009	9.524874187357051	5.926222768100458	5.93972058483857	6.377493377479842	3.970822325807013	6.329609248038424	8.880096019862995	9.420174971316941	8.304639316172556	3.971753590063894	15.245476142014311	8.11905619599104	8.097769439321809	5.574181485340378	5.42662416753421	6.444793563550495	11.331513873004337	10.674742514431523	3.9607653180545714	6.908867620504316	9.089247630606657	4.905804603521702	12.128027754595399	5.950512375161172	7.8959642590512535	10.201859922562402	10.566121587253617	4.87094667062004	5.638588653195326	6.977408788595013	11.812076946915376	7.718542249964014	8.82561579505758	7.958746486441872	3.8180352737562773	7.006718251544305	7.269876171515872	10.534513562116532	3.997019326942317	9.814410382558092	18.914079016329694	10.487761113880257	8.911557621165711	8.67448214612625	10.581295181483338	6.706109563509607	8.753261723949292	7.003112243784897	7.124227492788285	8.997075396167132	7.525327239595952	11.757409048241566	12.553058396199143	5.928583887798465	7.769839234515078	5.629744770585148	10.65769660738454	8.002709125223745	6.938369281943338	9.598812923532776	5.677909435358226	6.640920456171012	7.400533540085538	8.769087006799811	8.534877744999987	5.559462318090049	3.1342022358990813	6.549147745772667	10.395642309412978	9.90486885257543	7.277756698394407	11.409119832542611	11.705123339363972	6.710574702204008	5.389006486263537	8.50466735920652	9.794872999456535	4.166851542952955	7.2434427569259	11.653226964673923	4.803138906344801	4.329422328243919	8.959036052180702	7.866431490156536	6.81724239549414	11.921297765765349	10.185665104421815	11.455092947562578	5.1160942845643955	8.944927201181834	7.578661223842685	6.704337485390447	6.5205261148635705	6.126645406500981	8.416550733037498	6.351790498554823	6.386273284791787	9.848949119683473	8.016797523051139	7.508020356763939	12.35595111784448	6.656367300954694	6.785027963009698	9.910466604509033	6.981432944927803	7.788683761799742	8.304542362184083	8.167040557505212	7.252852328387293	10.733847108504982	8.713144086055093	6.88444915607871	10.155771227160118	4.918436602108139	8.35578540683879	3.8991177876657988	6.799134879619092	5.950628363098	8.634825389009613	6.911710247850211	6.37071046549659	6.871235547075564	10.789443353129156	5.520154632791504	6.167563352892764	7.839264188007785	10.36245439853644	4.808493400590367	11.735245253108962	10.500068566769109	10.32581545757145	7.850031329390543	5.655566530994487	8.863136288205332	8.087465016117388	7.2849603398759815	9.208527984073589	9.951347685040844	7.447957818177975	10.961064189243206	7.96681565774728	5.290246413727595	5.9478495780434635	7.998453583529119	9.789134444537797	7.063261229027407	4.843674082370712	10.906191049616003	9.830165973873319	7.061796329880973	7.204210054590033	8.094073065513442	9.117424827113835	4.809796173069298	9.750738872653073	4.749915877362075	11.074984362381164	9.980372670221197	7.034372535406192	8.231994032090235	8.783185970160831	9.374214780619097	10.85289645304517	12.159006497453571	2.9106520354677747	6.228536225907575	6.5455886004291814	13.802289450517314	8.126751483139447	4.991561047565737	6.531523805081298	6.98052353293427	7.350781285034312	7.900739426888482	7.686598788942778	10.39631021651744	7.448007996269391	6.716921735697307	10.139369772346301	5.034024889949669	11.341236426345027	9.405879205665928	8.803189115997647	8.17678772939017	5.912218702282711	5.517852508982299	7.534231861397218	12.727138292777884	8.034831997053345	12.954240626650398	12.25998312964272	5.267968202357709	3.277907312944658	7.692473798827856	6.06059128115002	7.478866821111933	10.045761180103366	4.601031522417746	5.8674954216806094	9.09554604369066	9.458626046013023	9.100452248602995	6.780649684489498	10.56215212509666	5.531533347918407	5.787713197223744	6.683578888795435	10.709493681996184	8.032659500821083	9.954320616076696	8.69961443149007	6.004100491097407	5.9683144450529815	9.386803412019358	4.103556751972499	10.981835644011808	6.69543567581485	8.555219882580998	6.969937520891308	12.485166383135779	9.06449874807916	7.682962818533686	8.405698410173663	7.3474325096858815	12.500869043483725	9.992151790143442	7.057539242587923	8.786035521076636	9.647895544877999	10.26130791996039	9.19469620150237	9.594400925844434	6.878295555569196	13.09516391056975	6.492119554312062	6.825403723642508	9.343569745671203	7.3672474092481846	9.380973941806008	4.859259686325268	8.271098978165156	6.005352257442274	5.912693798367907	6.066912586441134	5.688037678418441	9.836149819234917	4.665905288098295	3.90316892188729	5.78781713286104	7.130448046555458	5.341652390342356	6.911242156395432	5.983340063031561	9.776324771034751	5.043528498735671	7.5844028804908845	9.22214369434056	8.983209538672565	14.497704682432083	6.7613351106106245	4.064473827323141	8.403223398915923	9.473556587372487	7.353474931839864	5.34971103111504	5.815713640166826	3.924794328852846	5.141586677860148	9.35601204872898	5.658037670593809	6.407658907303852	8.278930304559982	5.164934048926768	4.490103760555617	10.747152954777905	9.798392044643872	8.862080865699866	6.71643285890439	10.661739818606284	8.856409338366154	7.7430538627577175	4.59538879130369	5.590698368896057	8.698288591095688	12.642943962993941	8.654822040217033	6.178371322538432	8.940107025863577	9.401832551156469	10.510069207028703	4.98307931266591	9.582935209514611	7.032714716056108	9.778082983362205	10.842915565436346	9.984575098433254	6.667256502590632	4.551275428328423	6.926991153392075	8.814703964188391	9.288116628057525	10.916766267308908	7.6424551806063254	4.234595315870544	11.01762857850643	9.873245474341006	5.621778751139484	9.706921005868981	12.665410000250994	9.050506185242236	12.022153773906615	9.933396723712002	8.914792879251396	6.998703179875327	8.889040870061141	3.9443697422646444	12.549974301508993	5.682590762639282	9.100660721596924	7.801990146793528	16.85605639153068	9.154490696555193	9.804327258612608	7.5639962638345315	5.313427214880443	7.772359493483443	12.684678076956997	6.776465987974378	6.144031520452508	5.206127606239144	10.79805124495054	14.09245221777579	8.525137701817352	8.08687968014131	5.751575392821524	10.885786413696978	9.776603666703883	9.005324790278742	9.785695237746785	4.20929047908729	10.201085886785476	5.8421503975302995	6.738686597719809	6.5947839063165645	9.022119770238234	12.485645935966483	6.022212764527502	7.092981359219636	9.823967182665506	8.084165424152097	4.784124404155996	6.833592556639534	6.149004809170788	8.764435058199382	8.481832399922753	5.799747399678097	10.934188642726317	9.680546301650175	6.494766555796599	6.33130024252526	8.725679880436449	6.1020933530782395	4.925614014379064	6.003262533123952	6.733491213741789	9.83122221591118	11.338156335488629	9.384884692796012	8.28281713660043	8.243981296372104	11.866271022767586	13.296177654363468	6.3313062363637345	11.219894710235412	9.186918870091633	5.390491965403663	12.458720642539879	6.688950727761985	10.763160650556518	9.001266728778658	11.613265401612928	3.232305975726213	9.750968831924567	4.717779914994694	4.829770119437804	10.348390181146554	6.315951896918608	5.96216891652133	6.980015098358063	9.70351675349259	3.895220175997768	11.898874092214939	6.944858749199455	9.625314425561518	8.608862404142334	8.435052056077616	6.2083299644598195	7.317612151041062	7.548929227494917	6.70331388554268	6.5231381566091065	10.675976626242685	2.5732432754966363	9.133914556947726	5.301512712563981	1.9601993703480727	11.246360338830149
G12	6.438887230276989	15.416954533805747	8.824213958980952	13.635483697886004	7.122898671893862	7.405739758850077	5.3185975379724715	6.506442453116883	8.652938540106742	11.297263315565813	7.618554238291736	5.231979468065899	13.991399385022568	5.434551354187491	8.321858755623625	10.914314575809044	9.024256882928237	10.56684187860769	5.783629144952636	5.59078661834416	9.095377810187363	10.52993696775001	8.410128803097418	16.3996864397375	8.46147857779326	7.462927393874041	8.852537494122378	9.038912307279368	11.230679240199036	7.996141532722578	11.970960783483461	7.702813415315461	6.583870526215045	9.881033940120787	8.784486580839056	8.36974587540514	9.77489630943464	9.05943544736796	4.6348705835692225	6.731963810633136	14.659113950746564	7.927688258142111	4.807128053500477	7.806398152758497	6.856079550008654	6.93600826917806	6.775568762273012	14.354700732138218	11.683536477859958	8.94310278108385	2.9776594961402387	10.999560923358164	7.742900291525828	7.228617778053256	7.739973710252075	8.031100095958166	5.843626120499476	6.548873772705393	2.672773012316283	6.472190609427861	8.625882891985377	8.166304434736452	9.331555100258399	11.189066264114032	8.169809190805736	13.513471320809984	7.892962824802065	5.889046709749764	6.9890675788632874	3.870221149300236	8.922508153759214	7.067555213854362	7.380467677498477	12.444095545207317	10.774219495266232	12.12469674317629	7.876621328569102	3.5086797841011217	11.885522991182414	16.00614301576884	8.066475552957758	6.981734825606961	7.061855706893339	9.372998232973854	8.291621850259212	8.715776100511421	13.380935765047006	5.933116347008719	11.305597334094294	8.320255025598984	6.354466768837464	7.387059004500304	9.654197499449376	7.78697268950888	6.429159456912157	8.519995695619635	14.40946731238865	6.782412283540896	8.117739424535618	8.891651307233383	7.479978859512588	5.7947948120180905	7.389931694048715	10.79170607380283	4.863769224859396	6.789317293755358	7.054297475802335	7.00704106740745	8.670804460491357	13.652865305372888	12.275820201279243	10.059694378275154	6.247907446634602	9.954783591276923	7.224359206150229	0.989877234090352	4.6283034965410215	11.347543020847532	10.698236859160597	9.6143236313063	13.620963902881233	10.142264846404634	4.056540079894906	6.31199823770477	6.957160397034978	8.201157259227562	4.981845786326953	8.474396521295265	10.659550628839904	6.781702284263941	11.997043950891388	9.579877466963005	6.960831189294638	11.703532921906987	12.797915158848019	6.001481208057881	7.966312676167768	9.902852531345841	12.947761835761261	10.590955841524615	10.33520981723748	6.918952052475297	4.061984687477054	8.050883775262598	7.841253664733919	7.0047268509869705	9.027386289759978	10.314225993695224	10.254801959323354	5.8091905198648295	5.124512399874744	11.64548206389523	7.18031550199129	8.671190915494734	8.036217367258173	5.471557411640473	8.663658218360114	10.255362959042463	11.743062188144965	3.3361668193314475	7.670062900353421	10.793661003579352	8.56497417923784	9.100243348746575	10.437848276550202	12.464504100994148	5.257003986106244	4.523888453869313	11.703129188072163	10.488971702945308	14.463589588480533	6.313476343035929	6.567849612888776	8.792824052800173	8.482808273884917	7.208536998868419	11.439355174362932	10.276698125621659	9.564529582188198	6.924531690325847	6.253515447767894	9.070790887395468	6.521542556010889	9.596607002760564	6.710002076619278	7.503464671033048	6.3697367140521886	9.786303748387079	13.805237504983642	4.940751449801269	7.033423144472659	8.151162301176875	8.5401343527341	8.620009836574141	0.9941463714188868	6.575483154841896	8.716735326107909	8.908835665454038	2.932376177008973	10.752291077797317	8.104960794430896	8.47229535335369	3.9863813392607494	9.56782194722094	6.739503278569009	12.774897986911087	11.717836239568415	7.743781864333539	9.818032576334865	13.025580778375195	7.25589605943378	6.9893760806421685	9.84033121573035	8.499632860633113	2.894219600737212	12.779822624425151	12.362347458187179	7.586727526130675	8.921032334136841	9.985692450052845	10.272051444566625	10.940461289753255	7.9119735807943306	3.9243349664298472	14.615301180540195	7.645584713756717	9.736114310455907	10.65848702505687	6.480532780136655	10.387860664011741	10.8753118446997	8.804695262321186	9.589899764678535	8.661065473991693	4.871841467675539	12.177304703700619	6.651790502637379	9.501852514062872	7.98935288153656	11.944096839007544	8.2904402373112	5.022209565641675	9.069124936174887	9.402416229124512	6.840292421244368	3.7705903263433167	7.88094168812521	7.9768056117088255	4.60915647407546	8.978474223914807	6.829659041562136	8.067804297371742	9.200192892629385	11.285949548086581	6.734098481042483	12.533209915942557	9.245601423033536	6.675168757324395	3.001879558567699	8.784626903325924	6.974853720367328	5.842797967166062	10.328976079791007	8.857146832566286	8.439684367525514	6.5851620197173855	4.102482848250813	8.929011727014963	7.7518193392375405	9.102998845890728	10.5920628317062	7.0174590521306515	6.126857261351255	9.731231098044338	5.9920433549184775	4.946318529243328	4.787762954917332	12.062697422399266	10.664541201279741	9.722930197970822	7.663423265970995	9.994708643561387	11.396184412999474	8.461904953378523	10.11942150896459	11.54260522648995	7.2576101350329525	7.043760456576801	8.38123365346611	4.872072169171118	6.293917955901873	8.344772225412795	11.166130237062697	8.743612136900603	8.1298797952994	6.701778532393416	7.182321304981675	5.973870709221526	7.949537225873527	6.619126034702307	9.572850811326697	8.048714069726627	10.390463717870437	10.617165541415341	7.709532250837525	8.76345493345785	10.168669099698755	11.185995228978687	10.859067554980282	8.603150489748785	7.175861559767961	8.250345534338377	15.091678771078403	5.343283433249302	9.369836718435526	9.980181268454322	5.713407510875341	9.954607228288321	4.648860482164676	8.249617374272843	6.253758135738678	7.59028696239182	8.269231529902031	12.952046492066609	8.908770598872778	17.770752398694835	7.196288060445787	6.821735557246082	4.829309465044269	5.775567142697324	7.872633457122122	8.371826850393067	4.855796207223501	10.678497149137478	11.67334354239085	11.103185088261702	8.826788810593264	7.157047841356453	11.021768806548774	7.650212748210641	5.239840263662469	6.440600350650513	12.57208445465902	12.144132731388268	10.300706495440295	8.249030244159178	6.9621589356991676	9.059463430162218	6.773502265991471	8.143086363212548	6.504102612329072	8.404442863217666	9.023897016950649	4.722585642810681	13.450033654617226	9.680962693083606	10.84022817359646	6.020073979328397	9.551770519805954	10.016691634106808	6.961611527089353	5.574713308006464	9.858866665501218	11.35144571781529	10.066554009614592	5.7163470939664425	8.56942842008594	5.386204575287231	10.21353325050129	9.136285826367796	8.7191643775704	5.903978695827145	9.513740163606924	7.713600816493401	8.29637630660628	6.6684620026996475	8.687297594572659	5.585949877158151	10.27539443769429	8.792992405611084	6.916698524809362	5.847790496684307	4.346772184605673	5.4735449374375715	7.608080878851338	7.775532060784428	6.6811871976486765	9.401393275716107	5.541711051225082	9.981013204449887	12.293919593348368	6.785120487880971	6.753487380727828	12.926771994912018	10.58125722850652	9.46400933280079	4.971453610096482	12.341829542689291	10.656679664172383	8.253369471045147	11.219726233876672	12.157967312390833	6.858923762918665	9.238678457534895	7.854829968285509	10.72844565503398	7.165906508628356	8.139577003396182	8.78141835801901	6.171258613588955	9.665789573872832	10.133932805797748	5.6097020984330275	7.855751471015278	11.664287544670414	9.480698284590424	7.753133727870404	12.442798201306745	6.923512394240196	9.026674360148117	7.656527405147314	6.928111719038314	8.617664581788889	7.779624484121063	7.256121040080148	7.944241162405877	9.254938605215752	10.119860926694109	8.6438959497916	8.426844150849186	6.853108667424644	10.245549353506526	8.137476713564602	5.498626319790704	7.1733004271518475	8.065327939201076	7.746345980503111	10.692799025517239	11.161190690261794	8.440630406152696	14.584575460778705	8.40079232976878	4.657850520282963	8.517967947962125	7.407583503970561	5.411171506113617	14.41520204205415	9.832325159394667	11.543696473740864	11.148156795689985	7.405076279782011	8.60260073069916	6.540731072469165	9.4438290786355	6.727279850117532	10.387999955490312	13.98568345826964	4.725820704287257	2.926893960801454	8.717416198978533	6.727634112652267	7.377730792908101	11.941822555160526	7.151906870566442	5.726396723167392	8.611362218039979	10.090805092129658	7.237009617843838	3.695295948729822	4.942665486549035	9.689772600718676	7.761746292043484	8.399900539824607	12.095184207446286	7.275821480271646	6.945784076688991	12.625118367873092	4.930794826011617	11.908504286739905	12.795495842397116	5.786378909477571	5.913726804932005	5.816437286734387	10.411738263936483	5.347845024057477	10.9079950695028	10.010120927645918	3.314514276196945	2.5774232660047605	6.149312628434003	7.8477057456918295	8.07695254990003	6.777380412350882	9.457720716000825	7.699468032753517	7.497080575148603	8.516433394280556	4.317549054568292	14.023972332729189	5.372630726137532	8.222089854725766	7.274099003199665	10.282073373051068	7.315328961093876	4.3615154970761525	13.661238732212752	8.129179604738102	11.408339437752312	12.948679536318648	6.56292232268602	11.600389233006482	9.762615899883153	6.086877372929641	5.92948318136754	11.106408456003575	10.890173665423323	9.291994181396936	9.480250873645437	4.415135394260042	5.820270600489903	4.295864251142308	9.88574233116757	6.8664962473760065	10.126185686937246	6.6609696079805385	9.98138518645075	16.494866434813297	6.629779880690209	12.50879709417053	4.913092874481808	9.531683199669065	12.943006053631263	9.114209024730393	8.940883635005347	8.653059568491088	6.02482913646561	10.637536476635226	13.53674622575012	5.974325216186329	8.932448714685385	10.180376370210174	5.720650954851001	7.8487487060595775	4.817727400149271	7.321896263634336	6.847789092350934	10.02985658050947	8.47888161076817	4.966836649338893	4.897586503767171	7.056733820693553	9.291811307112251	6.961541670398294	5.93194868700464	8.866830358185245	12.486992822792448	4.495715010107406	10.57164893151211	9.81169981932811	10.189723878455743	7.5783939413675405	11.227675723924161	12.190230337667298	6.171809265485628	7.641752827443263	7.546352755391488	10.733687305553453	9.745901093522711	9.843435922151052	9.540204399963251	5.937305507893787	3.2867660231765767	11.415682772581702	10.062104174392266	11.606858600863253	7.9968444647559505	6.549918872848164	6.244008818432643	11.282464270431255	6.925942174594948	7.160838342253491	3.8854780705656538	11.332160794592376	6.849787732474254	6.9935757668600855	6.801706639942564	10.95268785221877	9.761885870399322	7.739648714463479	9.464010322678503	7.788982398667995	8.7749745132342	7.746443396196383	6.506364400879602	9.616496550150641	11.117958592870146	12.134758997234963	3.9513079482674662	8.303036016459384	5.006663788079607	12.750233887061773	6.718216794328847	10.881591878315222	5.8089787445438	9.699064375360352	12.110329506672723	11.75168497158975	13.238736101898553	6.424364195383331	5.14772711965819	5.652243624383608	7.785935081312801	12.643340988919224	7.071205086213368	8.42620672264015	3.6025386864172364	4.793104058481458	6.998966089822236	7.709345017267761	11.027436060715598	5.401516363586285	7.59472794807291	6.857089564474981	8.293290954609692	8.114343358835193	5.8532162097069005	10.921726556475091	11.535831464409467	8.200824601173828	4.856879531359482	11.570859073996575	9.801211162414134	8.723245666006106	8.672738564645183	9.580628071113356	11.056692899860812	12.07656366073401	7.744579623463006	3.903547973930821	12.39471822150758	2.994948269443571	8.963619619129476	14.09277778608104	9.410227553919945	10.593400327926915	7.7310355330351035	5.96210378983895	9.575519142399527	2.9898998043036795	10.01984226687177	3.8333700778774387	10.35179136594135	5.289850006081144	11.608846093296853	12.058486996436011	7.118417786662165	7.796587053235199	5.799007357001009	8.993162781241875	7.273006193045875	9.919108967074601	14.04660388842302	5.550510191849558	9.230766039074252	16.086131387000858	6.247621989365814	7.929183596376119	7.001552343393756	9.936855003738842	6.987141644419636	5.988060303758769	6.278900309319925	9.896427326758797	9.945994975554012	8.768518151094936	10.819699974508865	8.447076836619525	9.722151688030774	7.673877758736389	7.354847924813003	10.174357687046511	7.723156169129974	12.406268018894341	8.364620979695221	9.41829279382034	7.891527024932692	11.940251365035333	4.809523797019415	13.011068237844531	10.262511739185895	11.208286960892842	5.953226378670118	11.29507351568132	6.451989746245607	11.256391830708743	11.85324298792834	10.160974251109849	8.420539449190137	8.884441254760068	7.860937654334219	12.013545924359487	5.82485553492017	8.421836449179537	7.304708695856679	5.038641489568355	11.779596848902354	9.73992517802855	6.915983324122062	7.41043933762919	8.968430713638476	10.587298751740061	6.798113996590966	3.648924549449326	10.217341200991902	8.812296234958959	9.706382724672666	11.007622568196394	10.399221713733784	9.395829082545195	8.593516298556843	6.889351899257102	9.68528722725802	7.965500303637342	10.89953681950071	7.570078374435749	7.10834262446875	13.230552347609136	6.251621926316043	11.228631256663991	12.875667477332865	8.807336006553497	6.017814418434174	9.873726491190242	5.599418124211324	8.799935775007235	6.30261155316083	13.164213599612765	6.706463310340655	7.519328384732224	10.12613522466794	6.249495994206011	6.588564978960941	8.045602346212492	10.296539902594947	6.933988518679899	9.554621176481039	3.950961694329217	7.269515071280081	14.485930593575715	9.185578572096116	9.768457654826701	6.925010794675059	5.18813591291783	7.906787223419279	5.467016592292169	6.733619792128783	7.74342616007796	9.872920551676259	8.802290299045112	10.55420166318525	10.435870843059934	6.305063642385324	8.93113178807238	4.742207754494969	8.413063626345311	6.2472808907649355	8.922330693612544	9.523800331355208	6.419357756286791	6.9606893593696935	8.848354144744011	6.745775313473389	8.799033265370303	10.656873629162286	4.517788987406777	11.399455048777721	5.926927236191329	7.540628329192678	8.282293039349128	4.983910657312614	11.01415588363263	5.821478779239099	6.188422883811772	6.660633052514625	15.649080995150394	8.318571327641566	6.73178255215076	6.174065842095651	7.190781322814143	11.336678743654275	7.8424610669892925	13.60605496241049	8.386066823550763	7.1534018403382404	5.897869441749321	11.512642724466833	4.976255474913417	5.9137688274952	10.228016734896936	6.960601100172745	10.970903656553434	13.755984400265122	8.626708283918846	9.041226602612145	8.902691150746257	14.069228876611092	3.855505888834918	2.3920060945021717	7.7750279916556115	5.22662400440374	6.712620499266663	13.320589690920952	5.951798111134594	9.853645414387692	10.76364194256163	5.086330194051257	7.570781154550939	10.589235922557572	5.306966802868429	6.874952312308316	5.771559245703209	9.434256290254641	9.932942848232717	5.987730180749124	7.15755389233939	9.033852417112348	5.996372666541071	4.918952561009328	12.449178162918992	9.991645872469702	7.352762824898418	7.106193599795547	12.876926566775552	12.855649288275833	10.85902785349257	4.958777093011632	3.600940208443528	7.521048701583724	5.051670350847378	9.7899441598309	13.741753625170796	6.458615424654711	8.314559778902515	10.128408816834963	9.67055153647495	10.131564638345184	11.46355791549963	9.657167718101284	6.92070615589596	13.54669345796568	12.91283721975362	10.334353948982294	9.206590176743537	10.314318959304455	7.302695917136254	10.708620786531151	7.246934417970102	6.143725888898671	5.861197164090234	10.491992488379726	12.863477012786706	10.930761151049277	6.431787384084463	4.931610276880089	10.34197402806045	12.941177361953546	13.590273390760643	7.781997443783426	5.131974341488561	9.823205941140031	7.896408391821814	4.967011581729049	15.99804937706509	10.665436748038998	9.47330410879508	6.117263608860217	11.631703135421473	10.219474914112112	14.587020447836034	5.751931111551578	9.08781776030992	7.78909331822588	3.9888828791026607	7.298749286175927	5.2670306897441685	7.654930991211336	6.726708421675901	6.976048394168792	6.651611641091199	9.363466479578673	5.837584336627325	6.3957404071860156	12.485156891515402	9.069849561611647	9.53422858061083	5.817528726124515	12.845744665509969	4.885328941413734	9.497703124864925	6.646232623059705	10.390905276826063	9.858262639070194	11.480348453624751	9.443301447092235	8.51136543670862	5.799498858335449	11.611985155010771	9.534515289560673	3.9720504767407583	6.178025015449645	7.626554147788536	10.701456379709414	7.972406056726327	2.9141337663829203	12.082751054951888	8.699143417013993	9.520912616834128	11.021275998252584	9.92139897945338	7.32175654371321	6.333064684634233	6.7448900126542926	9.53498244549893	5.141503284153686	7.732118344909125	9.173870201245801	3.6395238433453807	3.8952417107081656	16.869428635323835	5.100441974273025	11.589664723448788	4.934596107585752	5.79712788199341	13.78399828222789	12.27711563820814	10.5229089808033	8.732237589945141	6.644112204782178	8.792173385444208	5.420634198052174	8.373825689651447	11.440002810041424	8.324269731545664	10.29186164386611	7.0533991946347	6.1667630655755685	6.292187487725131	9.985646267199344	8.891064575915966	9.330504416578647	10.270884037830932	8.432530670461906	12.55885825155112	12.824818989894979	6.865153533510797	10.564707934292501	8.58520907311721	10.897480226122491	3.9150502160023186	8.948662802275125	8.36347225937053	9.093805340603915	13.355462433848635	10.79454288814242	7.145452452900625	6.505537373344971	13.41450586329988	9.537679745644992	8.86474768382075	10.186186831771868	9.866238031123174	11.676262124793329	11.402241285900836	10.304464135322858	6.9345766370152795	14.399424329625377	3.821969609916232	8.369400540228408	14.019386946438685	8.232650526231348	7.3934806779057505	7.827003895148611	11.195791863821292	9.730447208999829	14.034465057553568	9.511890239700898	7.319962242570552	10.699856191613646	10.258220916112567	10.831217090828044	10.778582474136257	9.239727781621232	9.601817998038745	10.17332345652189	12.120834960816936	10.549853643569007	10.001641666370466	8.710579279171784	9.667740020373142	10.187121417843866	9.3316395509599	6.508971194028007	7.02310898357344	8.83348645022476	7.607541879001646	6.646223000108869	7.568752785308949	11.17509769394937	10.797826864735443	6.514792655674861	6.971600432137734	13.617328083625486	8.58956484309632	6.235046561351093	4.531698658623043	9.3961600668352	5.662526726656108	8.029853952498325	8.317515512708628	8.746697453645188	10.943250718459893	12.223978299883669	10.311136623201547	13.17766611670716	13.862187308397857	8.929314027807553	8.235262153917242	9.821428725459828	11.522393321039848	8.079694363457154	13.894903189806056	7.632028467573414	6.972996849673926	0.9571260441286586	2.93531463637538	5.595095824650576	10.005541393116124	8.879215697912807	12.455380136087486	3.8835470311884515	1.9967778960521436	7.292521504508175	6.425721304350209	9.619521989020607	5.722952658308132	4.531602384978399	7.872372100637391	11.322043035182778	8.090032679669823	3.341163938769357	5.939627468873054	11.986327191790668	9.773842050703237	15.308400248848814	6.72944265728678	5.828698778857416	3.0002279943275245	8.78182189149939	4.860322717333401	11.292012658591052	10.003253488595968	10.371436157429157	5.959658460082721	7.046854949593703	11.348015352070053	9.605954225460966	9.751386770672669	8.992969412986277	8.041078583167009	11.315746535468666	9.123025336697383	6.432395051104388	11.052392753463552	11.883161417026848	9.08720182520671	1.94856345850813	8.551900591153494	7.266147618703155	7.229418791048199	5.916875470626991	3.8793454307973	8.647835402637732	9.0719507145962	4.601810801812373	6.521512156064974	7.219116822406179	9.259054448872128	7.750073429041073	8.692430553182431	5.925115231800138	9.666325328108405	4.742179778014191	7.096549095913216	4.769460898634225	7.958202590190089	7.683475203652472	9.721466194796847	11.103502940076583	5.956431569774132	4.986199386405905	6.687491071256428	4.839334879116602	3.9047431315638446	10.956646819046512	6.782148232056407	7.86997032290552	8.350768895768487	8.770277746032834	9.862973522579946	6.846304005189897	8.287876525195735	14.508681694420911	11.999419275399209	9.259300211267302	6.29628047417261	11.785792924372435	5.435775242609076	11.664593111046974	16.701436857809586	8.032348709233034	8.518574456195338	11.428650188307822	3.6685401108286655	5.019809510536411	11.6747490182203	8.711337565448783	6.842564121385004	8.699193489396585	7.611595014279727	5.943023928289465	5.925732913567382	13.80463034147536	7.56135321111977	10.666799708416209	7.686163124640666	13.20473323040571	6.133524436032343	7.232371904701685	4.9642616668591595	9.940754608605966	8.283250548528647	6.257838895259229	10.52840010571935	7.676441912516072	6.855599676220996	10.962617907083352	10.88175311595055	10.655259169264863	4.9105321518802345	7.932749780402097	9.941850954663256	7.976436419621327	8.607295473437285	7.384980175398437	8.833276513533018	6.152883571257677	6.786163046543792	11.689988969793339	7.890370956184362	9.93466519205057	8.291882996978055	10.524479705482724	10.702104032699854	9.80685057819295	6.785920630106946	7.368040586821347	3.94531731863928	5.79232466444343	7.739367293156184	8.351699409787207	10.101631954567617	6.979954648158464	5.207215476938194	8.331383489160348	3.012970025897909	6.310504756501265	10.367461178851025	11.383538603903407	7.967507387105693	8.683276892162418	5.8187397415337445	6.461201434064556	12.219824633872937	13.155605882247439	6.832106785705574	11.908685906901145	6.091960552565725	11.321080627137757	9.03885782113407	5.1156693319978555	9.976081852891772	11.405069340122521	11.350753303977202	8.779104904249584	5.944103531393299	6.3969819658397356	8.844035960597958	6.342277229431914	11.864272943633832	11.967620658865311	9.856965852375183	5.821673752479411	10.550591384403278	8.309615362507314	8.410845284624115	12.668254573154162	9.162518423848484	10.732061542496762	5.799427430663261	8.584526246614988	6.251057628094677	2.87434832835594	12.076189344699339	9.458084789746156	5.09162690309401	11.464728259975738	6.504395393699411	7.643160283364123	4.809524840099592	7.777273930142221	3.7197327468563532	11.369117538529027	10.48156896077688	11.927329219813844	9.801883970880686	4.83814993153477	10.096371569245372	6.946776616412392	8.626048346012803	7.702556308386854	10.696544878597743	8.385680336810594	9.311587309700462	9.853960259757784	9.523069960068138	9.253614635706153	4.943931353011902	2.9895788391837974	5.560387674585815	6.25677003635214	10.280173057379164	10.145821894124552	8.979442275328271	13.090327294581021	7.647726869087639	9.776963050137502	7.788132758187153	10.863607310386326	7.640192155193929	8.269261401206458	4.04646229876279	17.068873868216237	11.682705672369742	8.969945060683754	10.72469634644789	10.728580373570528	4.710997737724712	4.811085837856983	7.180299771243173	12.76274007883959	5.408454757361985	9.652265561690335	5.6099100669883075	8.644509536306566	6.944166575167291	5.832393717352438	8.431669363249064	9.108477565700387	7.961589383820455	13.935429972741478	9.104786806972527	11.097696170728584	4.816359983262399	14.13285798785105	7.934378371218607	14.70475937647911	10.542352378649573	8.980295761168644	10.63033681342814	8.781002556584282	8.925331292626717	6.936966058593365	9.897330491583086	8.130398306338579	9.069381585334359	13.201729075814507	5.963271369604122	7.976086898776533	9.15743016016854	7.727972484892986	8.848192276597128	8.991942544088465	7.668057226746464	12.352614634752236	8.851384647711928	6.8157776277094335	10.234569615885807	3.376015313146166	6.405761013730435	10.625458076685092	4.897801863932404	10.661308406584133	7.805407240383822	11.420779956698846	9.446691399673043	5.825686692760806	4.514521900087386	4.983126243040524	4.791739446812194	18.057643069712583	9.793443004747205	10.84398671580213	8.851375950662971	9.253996400209008	5.4242862644520535	9.8838442479407	10.458880062190033	7.955903122949094	9.97980362718199	5.0693456537451915	11.59674401431249	5.7098047068047375	10.377733535173718	7.516712299545775	4.962610759137991	7.2814326827749705	7.025885527503238	6.729458527012375	4.539308927902698	8.179710401124087	4.848531595102774	6.894221772481663	9.057877323293967	6.507992157020342	10.698653873945698	4.0567936737560935	3.9860168751081444	8.376073058627295	9.705561733893278	12.352707411696922	10.53354655836715	9.889483920643267	9.649950019848186	6.539446807040474	12.126278034290578	3.6801715000714026	11.419987949049887	9.275983576508303	8.096477697846593	5.934732555775435	6.053046043036061	9.9517405801646	6.033734740545084	14.811046144354753	5.8012657795430425	8.946094379065334	10.803026566145368	7.7079484026072045	7.908402258255857	7.044835802366334	10.458695837532249	3.9309308933745233	11.981185603806153	5.853676013936461	15.854618864183696	8.729391218584773	9.57192939091526	6.250798394752608	5.435878471931483	9.41228310951999	10.37108334287861	6.555834875499537	11.89819783806065	10.318140459447674	12.411833605569573	7.760748176493522	8.977700291295214	11.894456992505054	7.683675483514732	5.002611021335777	11.238161361539015	14.641136484271946	10.004984206360373	10.599882297111435	8.434176837209977	3.890317146357148	4.6253887019751945	10.818781722870815	10.885256299347908	10.556815111927383	5.924898293681301	9.26409991139697	7.530100147954753	7.669932580972056	9.887659505908518	7.931410992785994	10.885163515850232	12.13572696292734	7.70819448932967	12.674400409036236	4.597341570417699	11.395490376780089	5.614027838567328	4.892185957492337	10.399840722301114	4.884078433190944	9.72117704432121	7.098391252511801	11.294811011628273	7.152597796073085	5.8451881805865185	6.036665442288953	13.242262512820155	11.460760162885245	6.844233522733021	11.337563921077024	8.180902609633922	9.004713763539367	9.595502865430355	4.9559167755158215	2.308978203501314	12.875559664167604	7.903994105542431	8.42377876026846	3.9887070805217233	8.997324100087884	12.898257390893356	4.814723459217711	8.660830271891038	5.794772870649212	12.837593658603142	12.151492599453407	8.744763808023324	10.17155523789983	11.112428435568178	8.883280343885191	9.774376479289362	6.8938501777255965	9.4134126760985	9.713230666424925	2.9924569395973664	12.841621076864515	8.085592104712658	5.517232860781981	9.924337606548107	4.02749597340416	9.975678788579442	8.010546344514195	11.524891732283084	8.249650256718398	10.39820634558858	9.477333724853663	3.429124997027099	10.140373484956825	7.595019694870746	9.653455245088734	13.41980775105862	4.915066679130796	6.5308098873490295	13.033756931004069	12.846013103053371	6.978829256401803	5.8965873607453965	6.338670453681555	9.293626910274433	15.249854050077001	9.864645026722052	9.006825643350078	5.50099246974228	13.769156861775855	12.658525347756163	7.685775671584735	8.832474498662792	9.807746856581959	6.8843789318723285	8.893195503962383	8.724221953016782	6.343535182022758	6.807009948282771	7.305041579682167	7.576521372399472	11.65502937748667	12.299812570214355	7.400917909053707	7.289070520275637	3.71975378282177	10.488195949177271	8.9521598227231	6.236692002367094	6.118335784450442	5.119383526395344	8.29531635381921	7.652764938348187	3.9328479198647064	9.707379263559059	14.691365407534553	4.660615058343023	10.504387708978163	8.706959121564752	3.8926484857009442	13.504466699532438	11.450109896201777	9.082081012605887	7.541732650609339	8.971969119580809	4.973717911003101	4.951319578976028	10.360826731931276	7.3135925904900025	7.943976489980027	8.94762269182619	6.3444320066318625	10.101377333071508	12.461376014196144	5.838256979779781	7.046543532381859	10.239001338104861	6.907062022545789	3.9465277952619453	8.769698100807691	14.44173334451459	7.68457116640442	12.798161952324335	6.0310679902237965	12.523650904995923	8.053835256182488	6.657329143745725	13.52400524048884	11.041403704761162	11.390282653296568	13.482236290368702	16.213678773755106	6.507219897521971	4.758163140168542	12.859686496592493	9.643712221217392	12.432734988544457	8.557298717943311	8.589739239245787	5.038404853237129	6.562874794907167	3.4962254339749883	10.494782768035336	3.992195936829373	12.498483008937484	7.866015916943697	11.835186167256081	6.973431658300299	11.694860014138126	11.896658427811401	8.65427998102363	5.233862817744115	6.834871228355199	7.780797709288797	7.702030386775301	5.560661573850958	9.117514033203278	7.43453161325486	7.907095614586668	5.753235476333617	9.477473707776962	10.78856232105808	5.801469857625498	8.70997189580157	4.650985944662629	2.95090518176441	10.243219927528681	10.76956955239874	5.498205905263612	7.892705136410949	8.634707140176156	2.8864251355014003	10.125660592638829	8.984689730161314	10.395227491693937	8.035285677523696	5.326908410690449	8.908093305588649	6.479497935840139	7.494489966570309	5.373136484040075	8.869215323569794	10.181472169123882	10.89058415069877	6.309619139127593	14.069133523675399	7.626215956521099	15.29893634056047	6.707531996800826	7.423830385331265	4.1319825470585885	5.655062151416534	5.18746846459453	4.844835316396392	7.216097288768866	8.75600670385756	8.810641514621741	8.082372999270936	12.952919105285222	10.615053138114401	10.099316640429818	9.092923818085692	6.767651282159786	4.369503132246329	5.9618699687573224	6.756135166851341	3.536193562680153	6.607792215155202	6.493812602624607	11.85534281167188	11.16130776053766	9.999285615071315	4.967354082255516	5.7169405270768925	3.6524906779700874	8.125852421054464	8.011511223696536	3.6193896508942234	6.47909330121991	5.8447113119383625	10.93188071268969	5.840439401790672	6.796395979261917	14.11688369609779	9.158085233150967	6.136580901424741	6.759076456299632	12.155320195087208	9.03960559314476	12.027624403083204	7.415403915190428	12.478053637612485	8.519204719866373	3.994064808703867	5.190608063201974	5.952723072998751	6.925698802904112	5.628241623122922	9.799031586372875	15.014864415730582	6.8518422782316	10.631795031431729	8.686689605885345	8.88430913531857	8.784135859139889	8.613095153266807	10.975142045823391	8.83036965947046	6.960488564135893	6.937181515459945	6.175847937874803	5.372246928856094	6.568531498837297	9.372628232479745	7.052616922496851	4.53294865299993	6.697686541262678	4.000118873743356	5.767508662432093	5.828803810227877	11.28394533262469	4.579668521069255	11.335641989300488	7.628907760268798	11.397529402092799	10.446609661121007	7.57350645280426	7.568357094261188	6.785950189044624	8.824832163200892	8.306985014824853	8.039929575807408	4.0892438469920025	12.680821344674744	10.503670687376099	4.028146064928692	7.727893781934341	11.815612952887104	13.61970250342496	11.575530229053276	7.831309138986055	17.367944679375658	6.311845173480838	7.925725493178758	7.721077385152016	6.789240258380943	5.776084424783039	12.111267344655328	6.138276663665322	7.099879016108869	7.252530134669326	8.564549303918989	10.938484068569503	6.37623361331912	11.837955232865278	11.498993153140809	12.801612598043086	13.96188474916866	7.997812780167511	9.93460302788851	7.73696727884913	10.380429862576797	5.9267338323546115	5.80905873940616	6.681848949596263	11.944026248184898	9.22040776283327	8.013784600466243	8.714495667320953	4.866549973930093	11.47833570064511	11.064987190386502	6.696930256224875	6.723558080090501	9.15041140174619	8.873992009033083	7.883172338429482	6.348812531221657	10.133593822254742	5.33940629643906	11.046082893857902	7.244859394423741	10.146420914116106	10.149497835979535	7.492952088369369	5.899976036942251	10.0012941086732	15.694370829495185	8.8798986802803	11.97208953620664	6.816052837365866	8.863531001507038	12.45841879067447	5.858298399084272	9.428943200703106	10.542510901738108	3.540267747812734	5.813740720557943	12.175554334503893	9.136736062203962	9.630218772323236	8.960591338435998	11.82133613759822	9.542115359283994	10.159635210651933	8.287896531955735	11.661920557503937	11.334194149739556	7.213615933628438	4.502876473529186	11.266300980476782	8.800295387495348	9.791610198802255	10.464701449642286	11.6397251519825	6.412717383193173	8.713364938524425	4.572728084352523	8.81142491406256	13.347661506008482	10.79664685460369	10.83065169448162	11.272334588583858	8.666314949253808	9.305674675592488	7.718249270185357	7.844782933549846	7.522936238274181	8.166842943464982	7.747524272739692	6.110527709591083	5.978807171324742	5.714358163539702	9.22157783404658	8.359392522610834	10.12253893998262	8.410095800102628	11.82790891458026	7.762532210850505	3.7157788081545116	10.716982658372437	7.4631353429942004	10.63615141357189	10.894203440714689	7.304888555078308	6.535787689041946	12.93632457934308	6.633356945196536	14.120076504264802	7.4346738399231835	7.096883934187889	7.231864957120739	6.055020672531053	3.996673021103358	8.099360775490831	4.767408589860881	8.51494343762897	6.130019414008146	5.948069173486404	9.631010632768882	8.010420947553364	10.32555197750959	8.973678796086087	4.057450338093937	11.13250696545681	3.3536521861561046	12.793897762494211	9.382262950316237	8.980027432034795	8.685545179898838	6.814062798689888	5.61675292604785	5.330357423385534	7.814720833542053	6.826501835821815	5.415573900127653	9.56759094592958	6.018469578857398	11.434323239910103	9.74573722819611	10.69080929337188	9.545801898421045	5.9004905032347486	7.305971254426916	6.273397331547245	10.379359559604014	5.853762940679473	9.383255632123735	8.829518624154613	3.5336068064203516	12.379003212192755	3.9398307496466765	4.64080189623714	12.636764219398827	9.62692781896157	8.781296299810618	5.807713149161809	8.779105636709582	8.86057004007914	5.744781037581069	8.714214916312194	6.320099534892333	1.969762499311411	5.501991632379801	14.994807028762793	8.600653191020402	8.61060591961301	8.614816688201715	8.592403752892983	9.828058871393761	7.820621521536595	12.423399219395561	5.375242497434765	12.760451890866435	6.846093748378851	10.44794465741545	6.913368238363859	4.468784877454957	6.076980730049064	10.427651635673485	4.839047870830127	8.841771291286493	6.928446999482498	11.702694315220352	6.11623051042121	7.437618913256885	14.440659525180214	6.784767335968876	5.512341373377258	11.004401566253978	12.034354392683891	3.2101816017559557	12.355421791925624	6.972415428134778	10.337752052541603	7.599548300623234	8.911563439955973	3.6910898237230496	5.304994969530333	6.751690489026547	4.636194266621159	9.664440001486449	4.298784714911437	6.473436188174858	8.315559918427121	11.30163343316458	7.53144777646708	8.554605786120625	3.9482459339075064	10.497110493143456	8.396841109739242	6.593181566683608	4.899875858018319	7.839074141705637	6.954990020134822	7.8523675821552645	7.777093140610973	7.970069244015217	8.851756777376115	10.907516483824073	6.533992917615419	9.583344036966153	8.839676267103487	6.274076971658721	6.531498757620554	8.916965035655418	8.41190561116107	8.390814347014791	5.692648119732871	6.331737125209518	7.63204542155438	7.203946123901638	9.70151333729958	6.569374032036148	11.639785740082061	5.079171266627008	9.78385485481752	6.695253847017163	8.646139433498776	20.784460403363443	12.054289919001866	8.79315519609615	11.58587062531244	12.709296277138945	10.360271568013774	6.187186574227689	10.418588355409577	9.76149187490462	8.254225797539469	10.997094033935875	8.587505783679738	7.555831892755558	11.104462718370856	12.39260246860081	7.706478979938518	8.123589099608113	6.1968546939542755	7.739078748145274	4.987587765260112	9.157738395901637	7.5887708156881395	6.834717052889662	5.914347313279787	8.902008083048697	11.040200042494467	10.076167187490794	8.735164972776552	5.597572049689856	5.967171084722011	6.374847813059366	4.587945532770234	3.7151737986996136	7.352077035378909	8.882784068803035	7.190154465017885	3.977265941908061	6.773786863525709	5.90868110307039	8.194806722016638	4.534894316236733	9.20264922127084	7.545186267764815	7.05407925134889	11.575054862769077	5.160640971188827	5.743788119568497	14.5750240387879	7.45382070393147	8.326833974586958	12.71870413020837	12.64490391080542	3.9614467025933	10.56229435906516	7.137150195618791	6.065539710279917	8.600928630218593	7.28173543262562	9.542850776633948	14.81468377739444	6.980919325926473	5.947327830117538	11.962337037893784	7.797714461278042	9.103834698911959	5.9108149074992555	8.524112389681132	10.051816621598956	7.378796691276148	10.105464678411582	13.463868401620784	12.05707965969836	7.577409746593178	10.724604079235611	8.209289932611085	10.56979025615899	5.304538952551163	14.524863030437878	6.257338968708622	5.537621591572551	10.23948159284888	10.54601183235098	9.320617760032706	9.833828518709518	7.8939922095696975	6.82755396030037	7.281696175171873	5.97819183510731	7.6712547054269296	7.93339852391382	11.077613293004088	6.307024404482165	10.665733209335873	7.196622725553905	11.192742091572228	14.11547718962228	8.128337138308321	10.669182676075755	6.002141325683603	9.712547969647812	9.273596504687108	10.144352471019538	3.970143863076239	6.601926027702858	10.32737780937719	12.256241137620561	7.950395905863827	7.813902097644155	7.1219494597802555	5.863446538398617	10.342150200132933	9.215652042609682	10.88442820565777	12.66068643150473	9.401217206789543	9.660463966594028	11.30471728253658	9.48112090085706	11.930626439782875	7.8552453992098235	7.810297690768304	7.794812593320605	4.873401163491457	9.07008140082394	5.0624609857352265	5.966813431458894	3.806301469907522	4.2629316221083275	7.737138293230551	5.758921669108655	8.337783372822095	10.119844028001854	12.673206930647265	11.099704798384813	9.117815097159447	8.555328298191913	3.9280247508538295	9.363530911518769	7.329839060256976	9.697623401616166	7.360163590236497	11.875970607884872	5.763260858656424	10.957856298945572	11.608347213238805	2.982390176141718	11.705107695233332	7.494673943622321	8.04562268791659	7.132196677893828	7.703629097535489	10.070845882630026	7.380237911056504	11.647819063616776	3.0034479126443236	9.108872870023339	11.425488796981663	10.779981565573648	12.806474534942156	8.4342654091563	8.993913157985153	3.696960213084764	9.650610475830755	6.01317420122536	7.190354785532025	6.318913040598853	8.460296428334376	6.978847763533559	10.157830134301358	15.45362099808997	3.974448701811746	3.924174000131093	8.561272957799593	9.642965577255422	8.167822854244374	4.951750420388517	8.391581184330306	7.4798473812959445	8.887894402822328	0.9969381309368541	9.742871160475183	10.705888768098726	7.212126799028738	7.711974213876575	9.171988703407912	2.9609833859901316	5.617604844832045	13.404391499030728	6.862386074848508	3.920829450732748	8.83077650867406	9.117639938664666	8.558045445992095	14.550267631889017	10.170221810582026	8.665223893438682	7.02952574320732	8.610880362735763	7.2765252729358005	7.484703480486419	12.940241150720853	11.36961929595486	8.02173895381181	9.397174101138118	11.046724555937159	6.728088697716731	5.073723310499497	8.631713579107295	4.001708672370118	1.9692532582825657	12.166488674958737	8.741671609147716	8.74380225335482	7.672699926936558	10.804063679952607	5.978000626005379	6.869035274577547	8.886456314692873	8.434672876006145	9.678845544498259	8.59344122473606	13.93118723908857	11.824148433073342	7.291243906762443	9.716990197862362	9.874987423825715	9.261781529047292	8.479939375665653	6.9954692531380775	11.86179437208692	10.516021788338806	4.815695066795827	6.947609953853329	5.229449594813561	10.11559490194193	8.846215423382422	2.919019455747631	7.60041141667177	2.0561191214714465	8.092336251229245	8.629168477054353	6.147081191564103	12.836441598702175	11.615113418644544	9.887872582563274	10.18364482466948	9.705014498632265	7.679422283935145	5.095862233660639	15.777116414473403	4.78317597447941	7.264058871654429	7.030450131295671	10.542335655281951	8.218861590106414	4.871018299302335	10.893971137774798	9.134860646930388	8.390678963548966	5.168717585938596	7.747294523356312	7.825996281532389	5.989613281035398	8.341469717620866	7.7560108845653115	11.798218342647385	4.926639123393451	8.994850109899422	12.844258364675365	11.56061702191361	8.015165418519098	5.688971913193247	5.686830343355008	13.709969434366688	5.298274556492187	2.9048632759639452	7.084605300456871	6.755096050283788	6.7230571150650205	11.957631127824415	6.927242565124403	6.5120913463363355	2.9416270260333164	6.9889806642124075	9.656052874291891	8.20090618243295	8.771351990675917	7.028867326967973	10.638199214640673	11.246621429977713	7.980650737112878	3.59344193262908	7.817747343246858	9.594642958022646	6.82267603649778	16.57307604905143	6.372719264038925	4.00127922656194	10.328321220544805	9.714547347846501	9.378545407095713	7.747788961698423	13.013686880787784	12.347214659723651	8.292162300515223	5.458101815817832	9.578171671826988	9.841037813238055	7.53195312752902	6.667951616868579	8.822826397645382	6.213572243639907	10.899004514574887	6.605447527103948	8.891575830850764	5.001769641302996	8.419692473991734	11.881113778147686	4.524955991222754	5.7113469239027514	10.007353608564037	6.001008678472564	8.390903898533129	9.783770539973858	3.99969990804326	12.048084122739246	9.480236520221707	8.792898905578559	12.771383566230384	7.733783561832888	9.814288908229367	7.176844413443838	8.370037326463907	4.827662738236713	11.791048707300275	10.613807635694915	7.453224355624942	14.316375396434848	11.129258871984801	9.737640712393658	6.701043470418519	6.736811867196845	6.781298254537035	13.624720323424198	10.347653871457009	5.242432835500157	9.62073287265161	13.25095728662787	9.40625632181611	7.697062336104394	9.637346215639887	9.017314664559573	4.046136010395471	9.257385654120819	8.541072164761502	8.784297714416754	9.850974609375832	5.370326375456755	6.438247526114413	8.404762820192843	3.969053086784079	6.916512182294859	9.386416298834202	11.250968633945892	5.448533036423101	8.532419623972649	7.797642478815805	6.375664476154706	6.928102117971917	5.911132124220069	4.8147560974045245	7.018137995759775	10.184042258344874	9.987109655855111	5.169547474693866	5.937339234038771	7.716954570810319	8.983520436428158	10.9415356985721	5.800730848750471	9.535836848338123	7.8311799376230455	9.950255516064178	6.88633346715789	8.662541330456921	11.804202513277367	8.101699439439818	8.746478580421778	11.630299131339516	10.016600267206659	14.424382513345325	11.519967632193627	7.677911212008978	10.454592592217402	6.572310985872766	5.039149727702239	11.83223291242954	10.706189983838227	6.3191298563962	3.112635934694788	7.485309910737264	6.110796290140589	7.44266862748868	6.8211292532165855	11.75488522569816	8.101858949663562	3.936910997195657	6.864215112167605	9.900376707653527	5.929913687418447	6.385033597831185	6.237996283175373	11.702930872327087	7.896960526924723	11.372305906725085	7.03189684099325	3.8935050832971676	9.49516109891967	8.58841954107945	8.17549315303103	6.597099898573383	6.23561824353339	7.702114698746233	9.786845278475454	4.7783053317932405	4.87779115796223	8.679842556445456	11.297574617447017	9.374754380803	5.780186375982809	6.556003384916931	7.953886206281826	10.652350429811863	13.131681512164072	11.50626234711393	5.846674864160582	7.755147904485969	7.311377484059235	6.52460677079318	8.043637525857415	7.943146737536728	11.019454739460288	11.028128530705283	6.603495334763776	3.748305825685939	8.878881711159805	10.567926802284317	8.506750710260196	6.797313495650958	4.20235922531883	12.115277855392943	4.928719318902534	6.839405320109089	3.881769825119677	16.154466176599954	11.006854781968782	11.169421895322076	10.619270575243203	9.503592342462035	7.311485432088585	7.076954228074322	15.882183541886677	7.474086172577132	7.614018688347382	11.235876456239197	3.905453642965113	10.20358339833008	8.908528033926157	7.4917476193834185	10.800114135953192	7.727201349541743	11.784364068988811	7.347011977704357	12.707699062072518	8.949774398786502	12.77787595669361	6.029971580799294	6.808354300290343	5.936607122155336	9.110685899153944	4.692969496849772	7.895649133744842	9.096515999163733	8.53427738174581	6.364238340805551	7.617902886925469	9.834811454556696	13.82816900718809	7.534783606503007	10.050248696754018	11.305957246526164	7.33650264767201	10.487083194847923	8.417595615247778	6.760473393403258	7.7308241745834225	7.960665496933025	5.1496426989141595	10.091316072355601	4.572835621640151	5.263459862386561	5.934263739455688	12.376768793011815	8.485143049795365	9.264453090149571	8.933841416735966	8.267973234239244	8.964090947565877	4.563764610577811	11.193314836862926	9.27084842933584	9.69858087093158	6.753579027337361	7.260256653558785	4.6385709298869005	8.21251550443653	8.164110129185516	8.933982795962201	5.932998187953213	15.609097765091473	7.711825342409766	8.58485773426932	9.179979754536227	9.89018384095832	9.668183031983956	9.836130220530235	7.384639897752908	9.175848354058807	9.40888766281752	8.035122937933371	10.859451604994659	6.00261020573103	11.305727685674473	6.934048147571307	9.80388856223046	11.622890072620796	9.72766047406254	7.9670219524319466	4.865003162498584	2.9861077509637326	6.7794688295286445	8.016035349969512	10.224053921467874	8.060647947986396	7.236362952707985	8.63900830520608	12.561689068012411	12.563962547671673	12.816985846224181	9.222750630198638	9.649871082814894	7.522200058494366	10.072551412367119	11.537122236882691	6.7674571678641335	7.179897689899277	8.96845463851658	9.065643924429509	11.641803324176262	8.875734460294685	5.987171893597756	7.394493159253636	9.10952665316779	4.8539411344385766	10.16522465418928	7.332919364020686	6.742886925803084	7.818591482519191	6.6076083405557995	10.731054371159436	4.311726295218115	11.265671121641986	8.383441850853563	11.384270291421114	8.721706001880651	5.769633768914453	11.903447130739453	9.756186448786242	3.515359053960765	7.153280914125474	6.862653790531146	5.720069046397651	13.78852016675644	13.480751822551957	7.841521518256893	8.864317274521206	7.9489603901831405	5.071092853684992	9.834924210078027	6.750423611431096	5.516928493146346	9.531579186188136	6.30323323014044	0.9854267783391397	3.8785928815396162	5.427137999626739	9.847405490954474	11.56204523696588	5.046778129731449	10.60985954742797	7.274933945702734	9.259699575975961	8.484518731026409	6.939808334503955	10.840953974809963	8.76625053446741	9.416039906178794	8.813909425714103	8.166022640140417	7.034951371295945	4.948167969386171	8.610593845583692	7.8727288103876	4.64240819673085	8.648216205639331	12.601627125188811	6.287313421051459	10.017495450265422	6.411237751311401	4.381269421404797	9.336617416582605	10.714943113972607	4.767825044470924	7.797689653341418	10.120178824066867	7.901630357467277	5.399745986216882	9.211934878581994	5.956233488710519	5.754190225489476	6.9067413487823295	8.635160390373864	10.221094542981609	7.943507180127788	10.431115255062423	8.11905619599104	8.097769439321809	7.432241980453837	7.461608230359539	6.444793563550495	9.71272617686086	8.673228292975613	5.941147977081857	7.536946495095617	6.41593950395764	12.755091969156423	11.370026019933187	6.942264437688034	8.882959791432661	9.691766926434282	7.748489163985986	9.046043816865788	14.49922796535941	4.98386342042501	11.812076946915376	8.312276269192015	9.8062397722862	9.795380291005381	7.6360705475125545	6.306046426389875	7.269876171515872	17.118584538439364	8.993293485620214	12.75873349732552	15.761732513608079	9.905107718664688	8.911557621165711	8.67448214612625	4.809679627946972	18.20229738666893	8.753261723949292	7.003112243784897	7.124227492788285	5.8216370210493205	9.137897362366513	4.898920436767319	10.199359946911803	4.940486573165387	12.302245454648874	8.188719666305671	11.284619937230689	5.540337086693362	6.938369281943338	5.485035956304444	6.489039354695115	7.848360539111195	5.382206210971301	15.589488012088554	7.468018026874988	5.054056652809136	6.268404471798163	3.5264641708006668	11.195307102444746	7.428651639431572	5.198397641710291	9.269909863940871	8.262440004256922	12.46249587552173	5.389006486263537	5.846958809454482	8.287969461078607	7.81284664303679	5.571879043789154	10.358423968599043	7.685022250151682	7.576489074426859	6.569959771599182	5.899823617617402	12.119542036434026	9.537038212612279	10.185665104421815	9.927747221220901	7.034629641276044	10.321069847517501	15.15732244768537	5.157182681069575	8.965723407937409	7.964639028451276	6.838447470592967	8.892506697976751	7.547413882026657	12.311186399604342	4.810078513830684	5.8991588517430955	6.95022250378752	6.101670025875137	11.631476508016625	6.056396258311075	8.976128072050033	4.867927351124838	12.83429274155722	7.146160487817061	15.956275122452046	11.449436915738648	6.032176674961219	8.949783902902324	8.632405543086099	6.885811242951395	8.35578540683879	11.697353362997395	4.2494592997619325	12.893028120045667	7.675400345786322	5.9243230695858955	6.901603004287972	9.81605078153652	10.789443353129156	3.680103088527669	9.868101364628423	7.839264188007785	8.882103770174092	6.869276286557667	5.867622626554481	9.84381428134604	15.885869934725307	7.2461827655912705	6.786679837193384	10.908475431637331	10.398169306436643	5.463720254906986	7.791831371139191	2.985404305512253	5.851966857139837	11.957524570083498	6.970963700528871	4.761221772354835	3.965233052028976	4.999033489705699	6.69782883047323	7.063261229027407	3.87493926589657	7.9317753088116385	12.09866581399793	7.650279357371055	8.00467783843337	3.679124120687928	4.5587124135569175	4.809796173069298	2.9252216617959217	5.277684308180083	4.153119135892936	13.099239129665321	7.737809788946811	6.173995524067676	8.783185970160831	6.249476520412731	7.5135436982620405	5.286524564110248	9.702173451559249	8.823759653369065	7.636520033834046	9.742792553306339	9.604342661892074	10.981434304644623	12.246607134527432	5.983305885372231	9.45100450932983	10.863516711971661	10.248798385257038	7.623960825446123	8.020931688290114	5.757361487740549	11.699272814245733	6.712033186599559	8.005578653890607	9.405879205665928	9.976947664797333	7.086549365471482	8.868328053424067	7.882646441403285	7.534231861397218	8.235207130620983	4.285243731761784	10.227032073671367	10.096456694999887	5.79476502259348	8.194768282361645	5.594526399147532	10.468294031077306	12.714073595890286	10.045761180103366	10.224514494261658	9.779159036134349	17.433129917073767	6.1202874415378385	8.34208122788608	6.780649684489498	7.04143475006444	11.754508364326615	13.504664126855403	9.65405839492674	4.8679516736346296	15.262053051560057	10.949752677684366	13.532733560095666	5.3369782143088065	4.973595370877485	7.300847098237278	8.72005809794156	8.785468515209446	7.304111646343473	15.888265496221853	8.961348241145968	9.155788680966237	12.085998330772213	11.52444422780053	7.2849386221505075	10.408862722054998	4.808026555186047	7.8509764065412755	18.82010464690113	8.786035521076636	5.675232673457646	11.727209051383303	8.045359176314575	6.3962672838962895	4.232797264965659	8.473341353898073	4.328079702874708	5.250310556648083	12.458092994228272	6.800536070075247	12.06125221089344	5.399177429250298	10.476725372342532	8.007136343256365	5.912693798367907	4.412300062866279	6.205132012820117	11.147636461799573	11.33148427109586	8.782130074246403	8.68172569929156	6.581952042974269	9.496270916164187	7.898562464451922	4.986116719192967	9.124569786299102	6.556587048356372	13.272705040859048	13.833215541510839	11.433175776492355	9.665136454954721	6.197890518059739	7.548308536457262	10.20391412725505	6.090143520453742	10.181734521009043	3.744797721780528	8.723570460250238	10.793184404345327	13.955735268477545	5.847507530455612	5.658037670593809	6.407658907303852	3.1045988642099926	8.393017829505999	9.541470491180686	6.652999448195845	12.737909658037035	2.045095584392277	9.594904084149128	8.723241669768777	12.076921825044755	7.7430538627577175	8.169580073428783	7.115434287685892	4.639087248584367	13.345329738715826	5.409263775135646	6.796208454792275	7.662948879311638	9.401832551156469	6.75647306166131	7.197781229406315	6.588267956541295	4.327824440649913	11.733699580034646	5.914317581147098	9.152527173563817	9.091713412623589	10.240369713738952	6.2972646849018865	9.549262627870757	5.5728699768345145	6.550059760385345	5.094970120404217	7.9398662172572685	4.721840819359898	11.724479000779944	6.643920342255753	14.560381508803472	11.96177611134816	8.404041457724933	8.816246100864852	15.282148805710774	5.943195252834264	1.9996294799643792	4.70596281356178	8.874831920095449	7.059360544598809	6.199189922879217	9.100660721596924	7.092718315266844	4.957663644567846	7.933891937014502	5.882596355167564	9.833195142984891	9.108732368366475	8.968107107865512	6.008531720663841	9.680665697106253	8.378224800617055	6.767965888110886	11.517921327947244	9.947613330194676	5.902018408950474	9.331015015547665	8.888798334360535	10.160067319450514	10.428377244484142	12.221512215378292	13.863068253474612	5.787774408745024	9.634358893075172	9.736917329217166	7.701356111679782	5.495653255263804	9.022119770238234	14.826704548960198	14.453310634866005	7.092981359219636	0.9823967182665505	6.8404476665902365	7.654599046649594	5.12519441747965	13.527810580175732	5.15555003423493	12.72274859988413	9.66624566613016	10.934188642726317	9.680546301650175	9.7421498336949	9.49695036378789	6.980543904349159	7.119108911924613	6.895859620130689	7.003806288644611	4.6616477633597	7.0223015827937	9.547921124622002	9.936936733548718	7.008537577123441	10.820225451488387	8.89970326707569	10.167665265101476	10.763220601818348	7.713677613286845	9.186918870091633	5.929541161944029	9.966976514031904	3.901887924527825	6.849284050354148	15.002111214631098	6.059094992145876	12.121147408973298	7.150710476744683	10.025282319363725	4.829770119437804	9.054841408503234	6.842281221661825	10.731904049738393	5.584012078686451	6.46901116899506	7.141236989329241	9.39384796753811	6.944858749199455	7.700251540449214	10.956733968908424	5.27190753504851	6.725690794831472	12.196020251735103	7.548929227494917	7.8205328664664595	9.241112388529567	8.163982125950287	4.117189240794618	9.133914556947726	11.78113936125329	8.820897166566327	8.122371355821773
G13	8.853469941630859	8.114186596739867	12.033019034974025	9.32954147750095	7.670813954347236	6.788594778945904	10.046239793948002	5.855798207805195	7.499213401425843	8.876421176515995	10.475512077651137	4.650648416058576	13.255009943705591	4.347641083349993	11.962671961208962	11.641935547529648	15.271819340340095	8.1283399066213	10.410532460914744	8.38617992751624	5.350222241286684	6.769245193553578	8.410128803097418	10.357696698781579	11.987094651873786	8.209220133261445	8.852537494122378	6.779184230459527	9.124926882661716	5.140376699607371	5.9854803917417305	4.814258384572163	7.596773684094282	15.644970405191247	10.811675791801916	6.800418523766677	5.973547744654502	6.471025319548543	10.299712407931606	9.791947360920926	8.143952194859203	12.684301213027377	9.614256107000953	7.806398152758497	6.856079550008654	10.789346196499203	5.420455009818409	9.569800488092145	7.993998642746288	5.962068520722567	4.962765826900398	10.999560923358164	9.0333836734468	9.035772222566571	9.28796845230249	12.849760153533065	5.843626120499476	10.369050140116874	6.949209832022336	8.090238261784826	8.625882891985377	14.699347982525612	8.709451426907838	9.697190762232163	10.055149773299368	6.756735660404992	8.879583177902322	7.852062279666352	6.9890675788632874	9.67555287325059	9.733645258646415	8.638123039155332	9.225584596873096	13.273701914887804	10.774219495266232	9.699757394541033	5.626158091835073	11.929511265943813	11.885522991182414	12.63642869665961	7.44597743349947	8.055847875700339	10.592783560340008	7.668816736069517	3.5535522215396624	11.43945613192124	7.646249008598289	5.933116347008719	9.185797833951614	6.240191269199237	12.708933537674929	10.228235544692728	9.654197499449376	7.2678411768749545	12.858318913824315	9.371995265181598	9.606311541592433	11.626992486070108	8.117739424535618	14.5499748663819	6.1199827032375715	9.851151180430755	5.747724650926779	10.020869925674056	8.91691024557556	10.668927175901278	6.511659208432925	8.918052267609482	6.6306151756698615	6.205847866078585	6.137910100639622	7.544770783706365	6.768566400520818	11.125934602015384	7.826389139996081	6.9291406386324645	10.413682867217297	6.934609623851269	11.462396634814926	9.6143236313063	6.129433756296555	9.074658020467306	4.867848095873887	9.467997356557154	4.969400283596413	6.939440757807938	4.981845786326953	13.096794623819955	10.098521648374646	9.39004931667315	6.284165879038346	7.663901973570404	9.944044556135198	5.851766460953494	6.891185085533549	10.002468680096468	5.515139545039224	6.808211115300265	8.96383511706549	10.590955841524615	7.950161397874985	5.189214039356473	13.346521115996033	5.367255850175066	6.721074569771931	7.0047268509869705	9.027386289759978	6.630573853089787	10.254801959323354	9.681984199774716	7.402073466485741	8.734111547921422	8.71895453813228	5.780793943663156	4.9453645336973375	10.335163999765339	9.818812647474795	14.19973332790495	12.330215297552213	10.675733821860632	5.578227563893397	12.14286862902677	9.1767580491834	3.50009359567176	6.262708965930122	9.588080077687806	5.914129484369525	10.178749021205954	10.142711962995874	5.244485851472654	5.785435835392213	6.313476343035929	8.08350721586311	6.206699331388357	9.543159308120531	5.148954999191727	6.99071705099957	8.349817227067598	7.6516236657505585	6.924531690325847	5.002812358214316	8.314891646779179	7.023199675704035	11.515928403312676	2.8757151756939767	7.503464671033048	13.376447099509596	6.990216963133627	4.060363972054012	7.90520231968203	8.656520793197119	7.568936422521384	8.5401343527341	8.620009836574141	1.9882927428377737	11.955423917894358	4.754582905149768	6.363454046752885	6.842211079687603	4.300916431118926	6.75413399535908	8.47229535335369	4.982976674075936	9.56782194722094	9.190231743503194	11.976466862729145	7.811890826378943	4.9781454842144175	5.454462542408258	12.211481979726747	9.894403717409698	6.9893760806421685	7.569485550561808	13.599412577012982	12.541618269861253	11.075846274501798	8.241564972124786	5.0578183507537835	6.938580704328655	13.826343392380863	8.69173583771022	8.951286509798118	12.227595533954874	8.829753674467156	9.456959587408361	7.645584713756717	9.127607166052412	4.66308807346238	9.3607695713085	11.686343247013209	10.8753118446997	5.031254435612106	8.790741450955323	16.60037549181741	6.820578054745755	9.894060071756753	7.675142887658514	8.14444501205389	11.67674651916882	14.93012104875943	7.698265934646115	4.519988609077508	7.859908278018236	4.113557100241974	7.600324912493742	12.820007109567277	5.731593955000153	6.979704910245222	6.91373471111319	8.978474223914807	8.931092592812025	9.681365156846091	6.494253806561919	6.771569728851948	7.346289252046344	13.497302986399676	10.926619863585087	8.215592316706948	11.00689171474823	7.808557247400822	3.9856306973527587	7.7903972895547495	12.54232809688908	1.7714293665132572	16.879368735051028	6.07861109512374	4.102482848250813	7.015652071226042	7.047108490215946	9.102998845890728	9.629148028823817	12.47548275934338	7.79781833262887	8.514827210788795	8.655173734882245	4.328028713087912	9.043552248177182	7.8052748027289365	9.479592178915325	12.315711584096375	7.073929168588611	7.32945300527835	7.797389335210167	11.987698683952908	7.784170391511223	7.2141282665562185	8.709132162039543	6.501932729147816	5.028740192079666	1.948828867668447	12.015661552176303	10.912394448616732	7.178226580968877	6.557709102675452	10.568843733889219	5.026333899295062	8.379374855811955	7.965160945628701	9.93692153234191	9.62781968683972	11.487420973592037	12.07307110458994	11.03986770023734	7.350345374826005	12.206759397159416	7.120307133434505	12.880314192951756	15.380743439845693	10.859067554980282	8.603150489748785	4.100492319867406	10.788913391057877	5.282087569877441	3.7402984032745112	14.480656746673086	8.871272238626064	6.23280819368219	9.954607228288321	9.297720964329352	6.187213030704632	5.732611624427121	7.59028696239182	5.31593455493702	7.970490148964068	9.545111355935118	10.500899144683313	6.6822674846996595	4.872668255175773	4.829309465044269	4.2004124674162355	5.060978651007078	9.567802114734935	5.395329119137223	12.203996741871403	8.755007656793138	9.252654240218085	4.903771561440703	10.410251405609387	12.31844748967216	9.5627659352633	11.061885001065212	9.368145964582563	13.539167874248175	13.662149322811802	10.300706495440295	7.614489456146934	3.9783765346852387	7.7652543687104725	12.41808748765103	7.561437337268795	9.46051289066047	5.883110004252366	10.52787985310909	6.296780857080908	10.3932078240224	8.936273255154099	4.927376442543846	14.297675700904943	6.822693228432825	6.886475498448431	6.961611527089353	6.689655969607757	6.901206665850852	7.34505311152754	10.905433510415808	6.430890480712248	7.011350525524859	8.079306862930848	11.490224906813951	7.027912174129074	6.394053876884961	9.12433071173286	10.633003712266563	4.821000510308376	2.592617595814463	4.763187144785462	12.3070049256446	3.5546953763733686	6.165236662616574	5.495620253506928	11.857197471101765	9.746317494473844	9.236890892287054	10.165154883812633	6.521212181872575	9.569885613273142	7.195124674390882	8.147874172287292	4.534127223729612	13.052094190434469	10.352774394398626	5.088840365910729	8.441859225909784	4.971835382658469	12.20914295596906	6.309339555200527	4.971453610096482	12.341829542689291	11.62546872455169	3.174372873478903	8.975780987101338	8.915842695753277	9.798462518455235	20.15711663462159	5.891122476214131	6.130540374305132	8.957383135785445	7.122129877971659	6.03722512113807	9.25688792038343	11.598947488647399	14.031599269566113	5.6097020984330275	8.46004004570876	10.831124148622527	2.633527301275118	7.753133727870404	7.319293059592203	11.184135406080316	5.309808447145952	7.06756375859752	2.969190736730706	9.575182868654322	11.669436726181596	5.643649697840115	11.121937627368228	5.655795814298515	6.746573951129406	8.6438959497916	13.789381337753214	5.798784257051622	9.513724399684632	5.633637724775494	6.598351583748845	13.62927081158851	6.824508256247064	3.8731729902515557	7.351299330043102	8.58553130020138	4.220315203076348	16.30040786792914	8.40079232976878	7.245545253773497	10.789426067418692	9.427833550507987	9.01861917685603	8.64912122523249	6.050661636550564	14.017345718113907	8.575505227453835	6.787986589800177	7.59053005649926	7.1948041797160815	6.2958860524236675	4.805199892941094	5.193999977745156	5.993864339258418	6.301094272383009	9.366060674564654	8.717416198978533	6.116031011502061	6.810213039607477	6.9136867424613575	9.102426926175472	11.452793446334784	8.104811499331745	8.90365155187911	10.855514426765756	9.854122529946192	4.942665486549035	14.534658901078014	4.851091432527177	11.454409827033555	6.719546781914603	8.730985776325975	3.969019472393709	11.8824643462335	8.875430686820911	11.114604000957245	11.089429730077502	10.608361334042213	3.942484536621337	7.755249715645849	6.7370071119589	5.882629526463225	7.4992466102831745	5.630693021800829	10.77217139764007	10.954048880520231	8.455304864096753	10.202017469399378	4.846171529940018	8.341391276739548	8.345047690588963	7.186170163903283	4.819551798309816	8.516433394280556	7.016017213673474	7.791095740405105	5.372630726137532	10.464477996923701	6.66792408626636	10.282073373051068	6.270281966651893	8.723030994152305	6.1475574294957385	7.503858096681325	6.604828095540812	9.351824109563468	7.067762501354175	12.965140907477831	10.413456959875363	9.130316059394463	5.92948318136754	13.32769014720429	10.249575214516069	7.433595345117549	8.364927241451856	8.19953716076865	6.790315700571553	3.7588812197495196	6.843975460039086	6.8664962473760065	7.789373605336343	6.148587330443574	8.733712038144406	5.821717565228222	11.78627534344926	10.584366771990448	3.930474299585446	11.120297066280575	5.177202421452505	5.468525414838236	8.940883635005347	7.691608505325411	7.028967325876545	13.092352586627971	11.075519639250098	11.948650432372657	7.939954413053676	9.581530701374282	5.200591777137274	6.86765511780213	8.56484871137648	6.589706637270902	7.989087274409423	10.02985658050947	6.783105288614536	7.946938638942228	5.877103804520605	8.064838652221203	6.558925628549824	5.967035717484252	11.86389737400928	4.433415179092623	6.659729505489306	8.429465643951387	9.75844516754964	7.008357013805793	14.64772807528013	9.645228652649598	8.821745211654697	5.688774157578073	7.543322435593545	10.18900376992435	2.9024433674582646	5.622407636242285	10.558059517982938	8.807284772450942	8.268177146634818	5.937305507893787	5.751840540559009	7.33865321094538	10.78082590113457	7.7379057339088355	0.9996055580944938	7.095745445585512	11.100460121658033	7.52164284695417	10.883623417220633	8.752135751643156	13.599173246979788	11.332160794592376	11.74249325567015	4.841706300133906	8.162047967931077	9.388018159044659	8.541650136599406	8.707104803771415	9.464010322678503	4.868113999167497	14.624957522057	10.651359669770025	6.506364400879602	7.05209747011047	8.029636761517327	9.993330938899382	2.9634809612005997	7.749500282028759	8.511328439735333	12.750233887061773	15.35592410132308	9.327078752841619	9.681631240906333	5.927206007164659	16.954461309341813	7.664142372775924	8.274210063686596	8.760496630068177	8.824675062271181	9.689560498943328	7.266872742558615	15.561035063285198	6.527266233427724	8.42620672264015	6.690428989060582	5.751724870177751	7.69886269880446	7.709345017267761	8.482643123627383	4.321213090869028	9.113673537687491	8.727204900240885	12.439936431914537	8.114343358835193	8.19450269358966	7.801233254625065	9.613192887007889	8.200824601173828	4.856879531359482	11.570859073996575	4.612334664665475	5.815497110670738	10.249600121853398	5.3891032900012625	9.755905499877187	10.063803050611675	4.646747774077804	5.855321960896232	8.521368777286462	9.983160898145236	3.983830941835323	9.982384265140736	6.642513567472903	8.239311366165378	9.663794416293879	3.974735859892633	10.943450448456602	3.9865330724049057	5.510913246779474	7.666740155754877	11.830618703932972	6.465372229654731	11.608846093296853	10.450688730244543	5.93201482221847	4.872866908272	7.380554818001284	6.182799412103789	10.303425440148322	8.502093400349658	6.61016653572848	6.343440219256637	9.890106470436699	8.426068821762355	7.383553260159598	4.955739747735074	2.0004435266839304	6.2759084234140055	7.985304736479584	8.982090455638152	7.674211489168798	6.597618217839198	9.180918438972935	6.705337409660833	9.83609088591715	6.4977514127842495	10.370295133899493	12.470051357946632	6.829501644469217	10.174357687046511	7.723156169129974	8.52930926298986	9.125041068758424	6.2788618625468935	4.932204390582933	7.462657103147083	5.4965986251650465	8.457194354598945	7.330365527989925	9.527043916758915	13.229391952600263	12.623905693996768	5.806790771621046	11.256391830708743	10.865472738934312	6.096584550665909	4.210269724595069	8.884441254760068	6.176451014119743	7.50846620272468	4.8540462791001415	4.812477970959736	4.174119254775245	6.046369787482026	8.834697636676767	5.84395510681713	8.891978559585509	9.880585783505586	2.989476904546159	11.293118668522732	12.360207266529029	6.255299227627416	8.514451000826584	7.257185134672084	6.7944679072708665	4.193380025979579	10.399221713733784	8.724698433791966	7.877389940343773	7.949252191450502	9.68528722725802	4.779300182182405	10.89953681950071	12.616797290726248	3.2807735189855767	5.412498687658283	7.640871243275163	9.981005561479105	9.656750607999648	4.892964448085276	8.424940185807843	5.924235894714145	7.635570169379077	10.266591737508442	12.60522310632166	5.542826778784322	6.706463310340655	4.048869130240428	4.7652401057260905	8.332661325608015	12.445067182481777	9.654722815454992	7.045000985986016	13.174578185491809	7.868511557102032	6.91418296507613	6.542563564152072	5.6334174530572225	9.185578572096116	8.547400447973363	5.935723538292908	9.799812279955901	11.06950211278699	7.653823229209037	8.417024740160977	5.678512517390504	13.670197686936358	10.562748358854135	11.366063329584115	8.199612805261376	7.7061888962487295	2.97704392935746	8.8069572583478	10.707535524439486	9.654888649363992	12.977935554345517	11.42856039762625	5.884411276596225	10.70875286056876	6.882053223689786	7.7094575011124435	10.754373991008148	8.719260242041871	5.647236234258471	7.409645781705518	7.543361936970782	12.819068159627552	8.282293039349128	5.980692788775136	6.608493530179579	3.7045774049703355	6.188422883811772	9.688193530930365	11.53090178590029	9.07480508469989	12.501881882565696	3.8587911513097812	6.677154085470275	12.146441511058152	7.8424610669892925	9.070703308273659	6.589052504218457	7.1534018403382404	5.897869441749321	7.675095149644555	6.9667576648787835	6.5708542527724445	10.228016734896936	0.9943715857389637	5.984129267210964	7.860562514437213	12.460800854549445	9.041226602612145	4.793756773478754	7.340467239971005	14.458147083130942	9.568024378008687	3.8875139958278058	6.794611205724862	10.327108460410251	7.992353814552571	9.52287697781535	7.038318153134066	6.150652538606646	10.68129340750764	6.988413373431636	1.925315622283195	4.245573442294742	5.892816267692842	8.657338868554813	6.813629542961686	4.345662496101813	12.723926634091887	5.5058106864149154	8.33894069271909	10.993349888658631	10.821695634220521	12.449178162918992	11.419023854251087	10.62065741374216	6.395574239815992	9.443079482302071	7.7133895729655	8.884659152857557	8.925798767420938	10.288400595552936	10.413759740654388	4.4903736451976695	11.013687179809763	8.245052175102478	12.109903921227584	14.847428176611634	8.862357714730592	10.315254972239947	13.248969142451394	13.920034611678123	4.828583859050642	12.11123577281793	11.611451535399155	6.076629279884056	5.167176974491147	6.49876953652485	11.787793096347949	7.302695917136254	10.708620786531151	7.246934417970102	7.819287494961945	6.926869375743004	7.263687107339811	7.601145507555781	10.930761151049277	6.431787384084463	6.780964130710123	9.546437564363494	13.660131659839855	9.060182260507096	10.375996591711235	5.865113533129783	5.89392356468402	4.512233366755322	2.9802069490374294	9.737943099083099	5.613387762125789	10.736411323301091	4.587947706645163	2.6435688944139715	12.77434364264014	7.722540237089665	12.079055334258314	10.602454053694906	5.8418199886694095	2.9916621593269954	6.256070816722223	15.048659113554766	10.010294373122516	4.139512874877478	13.952096788337585	4.434407760727466	9.363466479578673	7.960342277219079	9.23829169926869	6.936198273064113	7.774156767095698	5.9588928628817674	6.787116847145269	9.634308499132477	6.839460517979227	3.6529627403326637	7.2504355887924055	4.375118011295184	5.914957583442116	5.402516919352824	9.998789767509425	7.737604942462382	3.8663325722236324	7.464847599649782	7.4914048703691	6.951088334296327	3.6038479256789597	6.537046412390173	9.055078475138735	8.968956813817119	5.828267532765841	9.950500868783909	10.632286398572658	6.8006518691672335	7.872339998751846	11.447768053215439	6.798773933447981	10.291230112530629	6.7448900126542926	11.001902821729534	5.784191194672896	5.799088758681844	6.552764429461287	4.15945582096615	3.8952417107081656	13.035467581841147	4.0803535794184205	4.829026968103662	6.785069647930409	6.763315862325645	18.648938852425967	6.499649455521957	7.892181735602474	11.64298345326019	8.858816273042905	5.171866697320123	7.046824457467826	9.66210656498244	11.440002810041424	6.054014350215029	4.502689469191423	4.030513825505543	7.537154857925695	9.72428975375702	7.13260447657096	8.207136531614736	6.842369905491007	8.649165505541838	7.027108892051588	13.297614619289423	10.420165429289671	6.865153533510797	5.762567964159547	10.016077251970078	16.346220339183738	6.851337878004058	8.948662802275125	3.9029537210395806	5.1152655040897015	11.447539229013115	11.42951599920962	7.939391614334028	5.854983636010474	8.623610912121352	9.537679745644992	8.86474768382075	5.658992684317704	9.866238031123174	11.676262124793329	8.361643609660613	8.832397830276735	2.971961415863691	9.852237699217364	8.280934154818501	10.651964323927064	12.370047305681192	7.20356921045243	12.322467796509583	11.740505842722916	6.219884368789606	14.595670813499742	10.525848793165176	10.870731702515313	7.319962242570552	9.053724469826932	10.94210231052007	5.907936594997115	5.879226804074323	9.239727781621232	12.345194568906958	8.608196770903138	8.888612304599087	7.736559338617272	12.309712820148265	11.614105705562379	5.800644012223884	8.731818358151884	7.89600269696607	6.508971194028007	9.364145311431253	7.851987955755341	11.703910583079455	6.646223000108869	12.866879735025213	13.569761485509948	10.797826864735443	10.02275793180748	5.809667026781446	10.212996062719114	7.808695311905744	11.846588466567077	9.566919390426424	8.053851485858743	6.920865999246354	8.029853952498325	9.981018615250354	7.774842181017945	7.724647565971689	8.149318866589113	9.51797226757066	10.249295868550012	9.901562363141325	10.204930317494346	11.666621384716095	10.80357159800581	6.481346243084914	3.3665393181071477	9.263268793204038	11.993187591901078	6.972996849673926	5.742756264771952	7.827505697001014	8.081805080050831	6.670360928744083	8.879215697912807	8.059363617468373	9.06160973943972	11.980667376312862	5.729838324970708	5.890244528987692	8.016268324183839	7.283757928755804	10.07022752217422	8.856418613217064	9.812437297158409	6.067524509752368	11.137213129231188	5.939627468873054	14.806639472212003	3.6651907690137135	3.8271000622122036	11.215737762144634	8.743048168286123	9.000683982982574	9.757579879443767	10.692709978133482	8.46900949394329	4.001301395438388	7.490481669254391	10.926040510151655	4.878591888180257	6.808809211242032	4.520449047275749	8.35833151771943	7.9937505893211345	9.381258347028178	8.298214126010356	10.781757216096908	9.648592576656581	11.841849378710949	11.883161417026848	9.08720182520671	3.89712691701626	9.054953567103698	8.384016483119025	5.42206409328615	10.220057631082984	10.668199934692575	5.595658201706768	8.374108351934954	7.158372358374803	7.707241638985878	11.661650251579212	6.535803140380325	5.812555071780805	8.149153643608528	5.925115231800138	8.975873518957805	6.520497194769512	5.322411821934912	10.135104409597728	8.488749429536094	9.988517764748215	5.9824407352595985	12.491440807586155	6.949170164736487	7.977919018249447	9.362487499758998	3.8714679032932815	7.809486263127689	5.478323409523256	8.347259362530963	11.502264318092683	8.350768895768487	2.5794934547155393	8.305661913751534	8.802390863815582	7.769884242371001	15.314719566333185	7.764330119375959	9.259300211267302	5.771590434658226	10.803643514008066	10.095011164845427	8.4833404443978	6.9589320240873285	7.414475731599723	7.9506694924489825	10.714359551538582	9.53820428815453	5.577566122818235	8.756061763665224	11.879096680157431	7.895266293905774	3.2621975585237193	10.873707163256753	10.697443070921038	6.913355065828612	10.556482025834098	5.816425547015207	8.727381579613262	10.568474296380916	3.106996054213108	6.6446514723683725	5.62517814810131	5.957114000230992	6.9585282260241765	7.731033845293405	8.343785193678972	10.52840010571935	8.316145405225745	7.99819962225783	10.179573770863112	6.9247519828776225	9.13307928794131	1.9642128607520937	9.065999749030969	6.8350225313309885	4.985272762263329	9.93149477704302	9.846640233864582	9.814751681703353	10.459902071138051	9.253858699832444	9.351991175834671	11.17802552126118	9.93466519205057	9.567557304205447	8.610937940849501	12.230976037371262	9.80685057819295	6.785920630106946	10.768674703815815	4.9316466482990995	7.5300220637764586	4.514630921007774	8.351699409787207	8.547534730787984	6.979954648158464	10.414430953876389	9.521581130468968	5.423346046616236	4.207003171000843	9.626928237504524	10.672067441159443	9.561008864526832	4.63108100915329	4.987491207028924	7.7534417208774675	12.983563673489996	10.232137908414675	7.401449017847705	10.71781731621103	9.476383081768905	8.302125793234355	6.456327015095764	17.539437709706934	6.98325729702424	10.590421530113769	8.918449024553516	9.406183825981696	6.9347874532921825	8.141613411068754	8.844035960597958	8.98489274169521	13.34730706158806	7.978413772576874	7.582281424903987	6.35091682088663	7.218825684065401	12.086713254556093	9.9400898818285	6.058730448030252	9.162518423848484	5.050381902351417	10.632283622882646	7.971345800428203	8.12637491652308	7.66492887561584	12.076189344699339	8.002994822092901	6.788835870792013	11.464728259975738	13.82184021161125	5.095440188909416	7.695239744159348	10.36969857352296	10.415251691197788	4.012629719480833	8.385255168621503	5.963664609906922	12.252354963600858	8.063583219224617	4.206821487185572	10.034232890373456	8.626048346012803	5.648541292817026	5.834479024689679	14.484356945400116	8.070042335073733	5.91237615585467	5.555124143373081	6.785984066184512	8.899076435421422	6.975683958095527	7.645533052555495	7.820962545440175	6.853448704919443	14.584618972804043	3.9285059954561183	8.956539727871224	8.740259278957302	3.910785220055	8.761649352960546	7.242404873590885	12.733653591989881	8.269261401206458	6.358726469484385	13.655099094572991	12.461552717194392	2.9899816868945845	6.824806765921385	14.08126174031132	13.45999353635632	5.77330300542838	11.169355199711601	7.019507043361775	11.492966359394218	12.869687415587114	9.973173452423659	10.565511655485803	6.944166575167291	8.483481770694455	6.1321231732720465	4.554238782850193	11.146225137348637	12.387048864659091	8.033635417916935	5.548848085364292	8.669447969872317	11.674969642137825	7.140940534096746	11.203626191603131	10.542352378649573	4.490147880584322	4.831971278830974	4.939313938078659	7.933627815668193	3.963980604910494	8.041581024411258	6.097798729753934	6.235199839917372	10.872012180082535	8.944907054406183	3.9880434493882664	5.886919388679775	7.08397477781857	8.848192276597128	5.994628362725643	10.406649093441631	12.352614634752236	9.83487183079103	7.497355390480377	15.991515024821574	7.3146998451500265	6.9395744315413035	4.829753671220496	4.897801863932404	10.661308406584133	4.967077334789705	9.789239962884725	4.1985295109657965	4.854738910634006	8.025816711266465	4.983126243040524	4.791739446812194	13.132831323427332	5.8760658028483235	9.398121820361846	6.127875658151288	8.709643670784947	10.1705367458476	6.395428631020454	11.263409297743113	4.972439451843184	9.97980362718199	7.885648794714742	5.154108450805551	10.381463103281341	9.76727862133997	8.883387263099552	4.962610759137991	11.52893508106037	8.647243726157832	11.776552422271656	5.187781631888798	9.202174201264597	10.666769509226102	6.894221772481663	7.548231102744972	8.460389804126445	8.558923099156559	6.592289719853651	9.965042187770361	5.154506497616797	6.470374489262185	10.17281786845629	8.913000934002973	6.846565791214569	6.81172942577519	5.449539005867062	9.852600902861095	6.746981083464238	12.181320478986546	10.703057972894195	8.771184172667143	5.395211414341304	7.398167385932964	9.9517405801646	7.13077742064419	7.0528791163594065	10.635653929162244	8.946094379065334	7.479018391946792	10.598429053584907	4.942751411409911	5.635868641893068	7.606324245477999	12.775525403467201	15.176168431487795	8.780514020904691	10.569745909455797	7.93581019871343	7.363022608396354	6.771698260981991	8.697405555090373	7.700958907789082	11.966634626398395	5.463195729582948	13.38547256781823	4.887540217633109	5.84086287320921	8.278131388259757	8.977700291295214	11.101493193004716	4.390671704865562	6.114302359410394	11.940546446635205	5.3941029152580855	8.893319294542552	15.41801061398027	7.907040784884353	5.557595923367354	6.68111701396417	3.9341024446802964	7.775183070962792	7.677683717765369	8.887347440521951	6.369068689085417	7.530100147954753	7.0307715325577185	7.14108742093393	9.064469706041136	13.217698554960995	5.309380546280711	9.249833387195604	15.843000511295296	4.086525840371288	5.697745188390044	6.315781318388244	9.784371914984675	11.09316343712119	8.791341179743698	6.943697888800865	3.27618057808237	6.023899206201746	8.583117355287701	6.376568924276202	8.451331619204534	6.231652947209484	9.550633469071037	6.844233522733021	5.668781960538512	7.596552423231499	7.619373184533311	8.995783936340958	4.9559167755158215	10.967646466631242	7.573858625980943	8.622539024228105	6.317834070201346	5.983060620782585	11.996432133450512	12.092116303962522	9.027606486033207	6.351275532720095	9.41650591480497	8.82584564028966	7.594682874658379	8.120137821735943	5.4248294602132425	8.731193770803568	11.305993164944788	6.842063535502554	6.8938501777255965	9.4134126760985	10.522666555293668	7.979885172259644	5.92690203547593	7.0075131574176375	7.356310481042641	2.9773012819644324	2.5171849833775997	13.093078410010518	10.923472287973903	7.203057332676928	7.562179401991866	8.170019271533883	8.362353286635585	5.715208328378498	9.013665319961623	9.114023633844894	9.009891562082819	11.742331782176294	5.898080014956956	5.023699913345408	8.689171287336045	8.893393686729256	8.58932831557145	7.0759048328944765	6.866892991488352	14.714909274601185	10.557591265437924	9.864645026722052	3.178879638829439	9.351687198561876	8.136319963776641	8.228041476041506	12.809626119307891	4.906930277034884	5.769262856812917	6.258526301702116	5.558247189976489	6.543166464762586	5.1901651489277105	14.29472089139382	6.783252895419156	9.642845383053874	7.770019584991114	9.956991128268763	12.334863181756178	6.167675055617847	6.199589638036283	9.384175322948085	9.94684424747011	11.693797504438301	8.157781045933922	7.167136936953482	13.035497127430187	8.290495349877203	6.882483859763236	12.694265190807998	9.278757099495508	5.178461175936692	7.503134077841546	8.126495180127103	8.34138961221631	10.128350024649329	9.814379911030095	9.082081012605887	5.221199527344927	8.373837844942088	9.947435822006202	10.892903073747261	8.418171719694161	6.268793648991431	6.809122705697167	11.930163589101587	4.037365822402094	9.379850380709257	11.502808628488749	1.9460856599265937	6.341889179143673	5.850857907488492	3.9468925843118794	3.9465277952619453	4.3848490504038455	11.232459267955793	12.807618610674034	12.798161952324335	8.04142398696506	9.633577619227633	9.292886834056716	6.657329143745725	17.501653840632617	7.360935803174109	9.763099417111345	11.103018121480106	10.538891202940817	7.09878534275124	8.458956693632963	6.429843248296247	1.9287424442434784	10.101597178192371	7.487636378200398	9.30555084251627	10.796581828365277	11.335874645748744	9.323267823933302	8.395826214428268	7.984391873658746	14.421326548774019	5.899511937707772	8.097758956543634	5.811193048583583	10.135545345586376	6.939717416223317	8.65427998102363	8.505027078834187	6.834871228355199	9.902833448185742	2.888261395040738	4.549632196787148	7.013472333233291	4.575096377387606	5.93032171094	4.184171255515357	8.213810546740033	7.615455756040998	6.7683815005630805	11.613295861068758	4.134209728589004	11.80362072705764	5.85326853001639	10.76956955239874	6.997716606699142	3.9463525682054743	9.594119044640172	5.772850271002801	9.492806805598901	5.134108417235036	13.860303322258583	11.249399948533174	7.990362616035673	8.271800926618031	10.013769537207487	8.070989194768025	6.985077429252098	4.695466936007538	7.636104126842912	10.89058415069877	6.309619139127593	13.36567684749163	5.33835116956477	6.258655775683828	5.675603997293006	6.28170263374184	10.74315462235233	4.524049721133227	9.337443236270154	3.875868253117114	11.225040226973793	8.75600670385756	10.768561851204351	7.577224686816502	4.981891963571239	9.09861697552663	4.488585173524363	7.694012461457125	6.767651282159786	9.467256786533714	6.503858147735261	11.581946000316586	8.082728143268922	5.506493512629334	9.74071890393691	10.86739757736589	9.48711159645701	6.315338283202936	6.623138776340687	5.7169405270768925	6.696232909611827	8.125852421054464	4.005755611848268	5.791023441430758	10.528526614482354	5.313373919943966	10.93188071268969	9.73406566965112	10.680050824554442	7.473644309698831	7.631737694292473	7.670726126780927	5.719218539945842	8.682371567919434	9.03960559314476	9.772444827505103	6.797453588924559	10.558353077979794	5.897910959907489	2.9955486065279002	5.709668869522172	4.762178458399	9.89385543272016	8.844379693478878	10.41147106052118	7.507432207865291	5.709868565193	10.631795031431729	10.266087716046316	6.345935096656122	4.65042486660347	6.767431906138205	8.780113636658713	7.726573452036652	7.593260251784611	11.099490424735912	5.661193943051903	6.446696314627313	8.758041998449729	9.372628232479745	11.166643460620014	8.058575383110986	5.479925351942191	13.000386339665909	5.767508662432093	7.77173841363717	9.671953142249734	7.1966219616802585	7.287198421693171	8.215746818751013	7.598352934728532	12.053780378216548	10.7291341414727	4.075269204602178	9.870473002246726	8.145998919877746	5.111990778353756	10.451908448549629	8.689643174858006	6.340410672337372	8.079746682597	7.049255613625212	13.523814118385097	8.270929067020973	7.428928638231796	9.532789600396816	7.048178225087449	12.405674770982612	11.361321312265508	10.364410260310684	7.206338892808549	9.698914654829919	9.241735079652862	16.652992598901076	9.207414995497983	11.044256247280464	6.648152623446881	11.419399071891986	4.253854915554807	6.37623361331912	9.470364186292223	9.582494294284007	11.454074429828024	9.552868512589084	10.663750373556681	7.642002329145009	8.704088188705272	10.380429862576797	6.914522804413714	10.561924980738473	6.16786056885809	6.914962564738625	9.879008317321361	6.868958228971066	9.682772963689949	7.2998249608951395	7.014538483727566	6.761936616347306	10.417447065238694	10.925781880147063	9.804012216156632	9.556606778958704	4.926982711518426	5.819744820286518	5.333470432765654	12.967129577066288	10.25707697286805	4.139919653956423	9.421676563107813	8.45791486331628	4.495771253021622	7.866634715923	11.25145587225735	7.47350991880723	5.9199324535202	10.375810931379089	5.1120396280244	5.7352259421516125	6.229209395337235	4.881915332570227	6.527729908179074	9.789474408756815	6.574782960223649	7.751654294077258	1.9224559475532463	9.136736062203962	3.2100729241077453	7.765845826644532	10.343669120398442	6.174309938360231	8.635689929054143	6.375305024581334	11.04813526500373	9.44516179144963	5.90204940024145	5.065736032720335	10.640395370450292	15.569753377876385	7.343707649101692	16.099540691757362	7.565821348788625	9.327588921008251	8.713364938524425	15.242426947841743	9.790472126736177	5.72042635971792	7.852106803348138	12.996782033377944	4.641549536475706	10.592162715754654	6.568711535712344	5.6600494648025945	6.275826346839876	6.44823106137787	10.394163746228159	4.930242719016167	12.984871382881051	5.124691861135493	8.311793692421384	11.19763022705656	8.956491988511608	8.435449116652183	2.242692213360701	7.8852726097201735	7.115654526612963	5.308255440220731	8.57358612669795	6.396973151137886	14.434776918418994	7.262802293809793	6.783110801144143	11.437628455823406	9.055427205540155	7.370396605773929	8.47204590255888	9.086823582128336	9.280540529322623	6.574422688291581	9.839408592862961	6.9941777869308766	11.136621066299893	12.39526233363829	8.51494343762897	10.421033003813848	10.409121053601208	8.667909569491995	7.394234720818489	8.030984871396347	8.412823871330707	7.607719383926132	14.224870011417035	6.707304372312209	4.920729908651619	4.691131475158119	7.483356193362329	12.545787482076099	6.814062798689888	11.795181144700484	9.13775558294663	9.768401041927566	5.688751529851512	8.424226066865238	7.359685343022753	8.754137569247124	7.622882159940069	10.72031095101572	7.775134031543185	12.727735864561394	11.063419693565153	6.784116164824994	7.414015028192199	9.687402255630413	8.780644411019209	15.638759386872891	8.829518624154613	12.36762382247123	6.515264848522503	10.83453456152836	5.672091206512061	7.776470288860817	6.738849473273099	14.635493833017696	2.9038565745809044	9.754561818566204	8.86057004007914	9.027513059055964	7.689013161451936	7.373449457374389	5.9092874979342325	4.27932682518429	9.28249958923411	6.880522552816322	1.9134679821362244	6.700412979712446	11.170124878760877	15.724894194230018	8.379237344503494	9.31754941454667	10.75048499486953	6.004918536878322	7.372716344407993	1.0447944657415449	11.522280397273096	7.447974795758261	6.68467880305397	7.134709013881858	6.452063827773503	11.253163461637355	9.23792933264333	7.801796210146901	6.11623051042121	8.677222065466365	11.231624075140166	6.784767335968876	7.717277922728162	9.311416709907213	8.022902928455927	8.988508484916675	6.949924757958163	7.508755076452838	10.337752052541603	5.699661225467426	8.911563439955973	9.842906196594798	8.336420666404809	10.802704782442476	5.666459659203639	5.154368000792773	5.910828983003227	10.004401381724781	5.820891942898984	7.73269655953366	8.284592554113788	10.455629294147432	9.870614834768766	6.459760303472896	9.160190301533719	4.944886175012706	11.024720680541218	6.271259313364509	7.489989252452886	2.9446378433082243	3.8885465703054867	9.809315992634113	8.851756777376115	7.699423400346405	5.345994205321706	7.986120030805127	11.04959533387936	7.414818239233033	14.695872204646246	3.963095571402408	8.41190561116107	7.691579818096892	9.758825348113492	6.859381885643645	4.906314913856387	8.804823040324223	3.8806053349198324	7.883248838443378	10.184812522571804	11.287047259171128	7.687314528785194	7.81112948818669	9.432152109271392	10.80791940974899	6.780538079438549	11.1912884313951	10.137636797148385	12.04038594676321	9.712754595012914	6.749658080975661	13.196878583518798	11.713790249885543	5.6747802358083845	14.380815275146913	6.977348449239788	7.0161296147015895	7.634318118879964	14.299156694539395	8.669788852430832	12.997742559372982	2.5820227891476146	7.739078748145274	6.982622871364156	3.5222070753467833	8.221168383662151	3.6802322592482795	8.87152096991968	8.902008083048697	10.304186706328169	6.975808052878242	6.794017201048429	6.841476949620936	5.967171084722011	6.374847813059366	8.156347613813749	5.838130255099393	9.190096294223636	5.92185604586869	4.424710440011006	4.971582427385076	12.042287757379038	8.863021654605586	7.564436974169205	7.936065053414284	5.2586566978690525	8.12558521143903	5.771519387467274	8.488373566030656	4.587236418834513	10.443251126488176	10.688350961777793	8.600562350690158	7.686308284234114	12.71870413020837	6.69436089395581	7.9228934051866	7.92172076929887	7.137150195618791	12.131079420559834	10.321114356262312	5.721363554205844	7.157138082475461	9.629544455306386	8.975467704762607	9.912213050195895	10.46704490815706	5.848285845958531	6.5027390706513994	3.9405432716661704	13.638579823489811	4.13898331477604	9.64919567320727	7.7734343680089095	9.503907107026436	7.234247795819016	7.577409746593178	10.724604079235611	8.209289932611085	11.979095623646856	6.895900638316513	7.262431515218939	6.778783882767674	8.054722315014619	14.627830846926972	10.54601183235098	7.767181466693922	12.643493809769382	7.8939922095696975	7.8029188117718515	8.962087600211536	7.970922446809746	4.794534190891831	11.594967073412507	5.964868696232971	6.307024404482165	14.544181649094371	7.196622725553905	11.192742091572228	10.58660789221671	9.754004565969986	11.431267152938307	4.801713060546882	2.9137643908943436	7.534797160058275	15.216528706529306	6.947751760383419	13.203852055405717	4.2524496862141365	9.19218085321542	8.74543549645021	10.218179666150048	9.064299312447599	8.062238990298098	8.517064870697709	11.058782451131618	12.439346520751737	6.330343215752365	6.043639632936135	6.688013515334327	7.536478188357719	6.3207472672380405	3.9768754799276254	8.569358617319807	8.786584902114342	10.133256371316786	2.924040698094874	11.01367027242907	6.074953182882272	9.944689052431489	8.373863233796548	7.307882780757133	6.769996006576732	7.853075003329983	8.337783372822095	10.119844028001854	10.296980631150902	6.426144883275418	9.117815097159447	4.026036846207959	7.856049501707659	6.437427501669154	9.02134038185474	8.889488118148153	6.30871164877414	4.61843301417745	5.763260858656424	5.977012526697584	6.561239729221933	6.958910410997342	5.852553847616666	10.49254352107125	11.397965474548501	8.320896124209465	5.777721823151617	7.420623281937915	9.840317214742004	6.212170167262281	8.009194433718196	10.410140422883815	10.663789543849552	5.8799899448583535	12.132449559418884	9.083055056014476	4.197159473726405	9.50646911936082	8.685549428247679	8.017565601633814	11.184996333049817	11.84796195112285	11.063464560129567	9.969782519333656	10.6924527729488	4.214623908569992	5.110005473757959	8.82939150029496	7.782975416181449	4.060196032528599	10.395410905401931	9.903500840777035	11.18877491244041	6.119875130151227	2.9626314676074426	8.972443178431687	7.794296928380146	10.705888768098726	10.096977518640232	6.683710985359698	8.632459956148622	5.921966771980263	8.171061592482975	12.698897209608058	9.80340867835501	8.821866264148683	7.569237007434908	4.052284417184296	9.699118172124374	9.700178421259345	13.299520829222649	11.816214400143659	8.110991242162292	9.935631187772033	10.51053650535171	14.137773240918792	11.091635272046446	11.36961929595486	10.20948594121503	8.054720658118386	8.447495248657827	9.611555282452473	8.625329627849146	4.647845773365466	7.002990176647706	9.846266291412828	10.019461261730724	8.741671609147716	8.74380225335482	8.63178741780363	5.942235023973934	7.0649098307336295	8.45419726101852	8.886456314692873	4.920225844336918	12.098556930622824	7.932407284371748	2.9852544083761225	11.824148433073342	14.021622897620082	8.097491831551968	8.35575858939099	8.682920183481835	6.938132216453717	8.267372753708637	10.873311507746342	8.412817430671044	6.95600398537175	7.940125661546662	9.413009270664409	9.441221908479136	6.081773103575414	7.784051881993683	5.700308562503827	7.710446705517924	10.52003712659802	10.62051504868228	8.879117276703704	3.056295618738613	8.296509584746103	6.591915055042183	11.880918962114393	5.176007732603874	7.679422283935145	5.605448457026703	11.043981490131381	9.56635194895882	9.245165836651092	4.867234706281619	9.224543698371708	6.027165166078037	13.63885123804654	6.052206187652665	8.37362225968619	6.102311973490157	5.685589344532456	7.101686646409953	12.039994279280599	7.187535937242478	8.983121234360933	12.60351768741863	6.2923831160786055	6.897294772750832	9.686761656814763	8.788176775830513	4.81692375913067	9.472468221886206	14.628784919639777	6.255513377690509	11.424974528638906	6.887756923439842	8.714589827891835	5.566475593216113	3.8600548858764503	10.644840432186284	10.249398109563785	7.556991889226621	1.7760249126371823	4.902711710055527	7.765534071347119	7.724842299433513	12.674127736487288	5.847567993783945	6.52680537504169	14.506635292691827	6.248123016654285	9.975813421391097	7.7002327127766	16.34619899042525	5.756785774813588	7.959788709247411	9.039859663118962	9.848747953514701	7.002238646483395	14.631788395771807	9.714547347846501	8.275187123907982	7.747788961698423	6.506843440393892	7.14838743457685	5.276830554873324	7.0955323605631815	6.385447781217992	10.543969085612202	5.917963171629944	9.525645166955112	11.229051778821395	6.213572243639907	6.935730145638565	7.20594275684067	5.557234894281728	3.0010617847817977	7.772023822146216	7.920742518765125	7.54159331870459	10.47080269382171	11.675245876658042	13.335574841050143	11.618174628738178	9.783770539973858	10.999174747118966	10.32692924806221	8.216204984192146	9.769887672865064	8.738315071631316	7.733783561832888	13.589015411394508	11.96140735573973	5.580024884309271	8.582511534643045	6.87811174592516	4.824458016224961	11.466499008653756	12.055895070681977	5.891960579286072	9.164838317546971	7.216508352758405	4.899499539779524	7.824574909081194	8.050971100205208	7.9129117840553596	6.553041044375196	10.903497255671825	13.948376091187232	19.596367337116895	7.055640474762361	6.625675523252422	11.139035762103001	9.71072642494913	4.6286928270604095	6.832857731809201	3.5137190857667018	7.880779687500666	6.444391650548106	5.365206271762011	12.225109556644137	6.945842901872139	10.868804857891922	13.297423090015121	5.625484316972946	5.9933863400654115	6.825935699178119	10.396856638421074	5.844359103141815	10.969495020122201	10.508679331946789	12.518365853251764	7.018137995759775	8.386858330401662	11.413839606691555	9.477503703605421	7.916452312051694	9.120037220048559	7.78571771157107	7.957480508052436	3.6913741764775727	7.8530421103961014	3.9155899688115228	3.665883611181539	8.034055711684204	4.586051292594841	9.721107952110772	9.574735701156149	9.371227050451903	11.630299131339516	7.512450200404994	4.55506816210905	8.63997572414522	8.701632706943508	9.801180555203814	12.414365195537448	6.1589607783027365	6.264123306580344	15.390148101767451	11.489327011629454	8.8191351483019	11.85174069200067	8.88843096747722	8.062891013112736	4.340718615683282	7.836590150465439	10.41667579242458	10.826505242288057	8.825419429929777	11.220426935340663	7.115896424902136	6.385033597831185	10.774720852757461	7.3143317952044296	6.204754699726569	8.123075647660775	9.543288569919412	12.653891520715794	9.49516109891967	7.807654128254045	7.494202056945112	4.5672230067046495	6.755253097161172	5.776586024059675	5.181271029781123	5.309228146436934	9.75558231592446	7.439865048381819	7.531716411631345	9.999738006189865	2.8900931879914045	8.741337846555908	9.942357757852283	7.374704143715904	5.407162975596971	5.450334796001336	4.8722290534671515	5.816360928364477	6.646706803690213	5.520821113748075	8.662378874000293	6.24104386520743	11.867105104034158	3.859844985746849	5.079611795972135	12.494352752286462	6.342058365114146	11.528647420673801	7.088958925216829	7.3201837645471866	8.40471845063766	9.692222284314354	5.914463182683041	11.048270132483912	5.822654737679516	9.046501058895974	6.879284238730488	7.978158496658625	6.757717638791129	12.427774601681122	6.266987513218787	5.661563382459458	3.9705458854716693	11.833969773247125	9.789452599303777	8.426907342179398	10.739997518154063	12.244300077996096	5.939018689284105	5.762882784141091	7.854628462511412	8.693101518234462	10.3979682961666	9.796015970272476	9.53077429655439	6.508926835481093	9.583406967520206	7.537464475999117	12.860224789437316	7.915476162873781	7.5922382492949545	7.300174772877422	5.263766089163227	5.35089176421396	9.601062054464036	8.485651121074069	6.232829634757202	7.649297797988542	1.9754527153125843	8.072982435538936	7.537686522565513	8.075683747518688	7.900849005185242	10.487083194847923	6.613825126266112	7.800546223157604	11.596236261875134	7.960665496933025	8.75439258815407	5.045658036177801	5.879360084965909	8.947881766057154	8.901395609183533	7.616473103391886	7.424500168570945	8.422230081954156	11.486367535803385	10.748365204511018	12.699128842384992	6.592104437501283	8.79474737182087	9.888904991291563	9.092419566498357	6.753579027337361	8.873647021016293	10.8233321697361	7.117513437178326	3.8099180602865745	10.720779355154642	15.256281054736835	9.755686103182171	9.639781678012207	8.58485773426932	9.179979754536227	11.868220609149985	3.8672732127935827	8.852517198477212	7.384639897752908	3.778290498730097	4.427711841325892	10.043903672416713	10.859451604994659	12.00522041146206	10.552012506629508	2.971734920387703	9.80388856223046	6.780019209028798	9.155445152058862	9.105167945636511	7.297504743747877	5.972215501927465	9.684955470755206	9.865889661500937	7.497639542409774	12.897036716778233	7.236362952707985	11.107296392407816	7.730270195699946	9.07397295109621	5.396625619462813	6.7633504621456675	11.134466634017185	8.775900068243427	7.914147538288451	7.893820477867104	10.63457554950078	4.102798679942444	8.96845463851658	9.065643924429509	8.731352493132196	9.467450090980998	5.38845470423798	6.338136993645973	6.43025410811844	8.737094041989437	7.623918490641961	11.332693562577424	3.853078243316048	5.212394321679461	9.360778482454048	6.828852781646913	10.240349951143022	6.973986884825991	4.715686041105129	12.143221644182521	7.928823638073319	7.500523899588789	10.713102417665507	8.536663142687962	4.519747355092412	10.332516875959017	6.862653790531146	12.155146723595008	7.660288981531355	9.515824815919029	4.704912910954135	13.788937982588541	6.359168312146513	7.606639280527488	7.867939368062421	7.714769841635538	12.13724268492196	9.029917123757182	6.30323323014044	6.897987448373978	7.7571857630792325	10.854275999253478	5.908443294572685	12.38790561103487	5.046778129731449	8.680794175168339	8.394154552733923	12.346266101301282	8.484518731026409	9.914011906434222	10.840953974809963	5.844167022978273	7.846699921815661	6.855262886666525	9.33259730301762	5.527461791732528	10.99592882085816	9.184633435289271	4.198788698873386	7.221523861581323	5.405135128524582	4.846779663534158	8.383084561401946	10.017495450265422	10.685396252185669	3.2859520660535977	10.00351866062422	9.286284032109592	13.622357269916927	8.354667485722947	7.143655640517789	6.9139265627838675	9.179568176568699	11.337766004408609	6.948939070162273	10.932961428430005	7.893418684322662	6.280116647544628	5.749365680427155	5.9576303850958405	6.419147849269184	16.23811239198208	12.146654158982713	9.909655973938449	12.888232397893749	9.667190345325743	7.284544632645645	7.338885478671672	4.950956647568214	6.908867620504316	9.62390925593646	7.849287365634722	9.854022550608763	7.934016500214896	4.934977661907034	7.141301945793681	10.566121587253617	11.829441914362954	13.69371530061722	6.977408788595013	11.812076946915376	8.312276269192015	12.748111703972059	8.570957754629708	5.999769715902722	9.809405552162026	5.592212439627594	7.900885171587399	4.996274158677896	2.944323114767428	13.397472636566867	7.574494137802408	8.911557621165711	7.710650796556666	11.543231107072732	9.580156519299438	10.394498297189783	6.002667637529912	11.010169761581896	4.763157562676716	9.137897362366513	10.777624960888101	10.98392609667425	4.940486573165387	6.474866028762565	4.60615481229694	6.896156628307644	8.002709125223745	10.903151728768103	9.598812923532776	9.733559032042672	7.244640497641103	9.418860869199776	7.794744006044277	8.001447885937488	5.559462318090049	6.790771511114676	8.060489533258668	10.395642309412978	5.571488729573679	3.1190385850261744	9.982979853474784	7.573903337235511	7.669228231090295	4.31120518901083	5.846958809454482	10.5483247686455	10.937985300251507	7.800630661304814	7.768817976449283	4.803138906344801	9.741200238548819	6.569959771599182	7.866431490156536	10.604599281879773	9.537038212612279	10.185665104421815	7.636728631708386	12.15072392584044	6.8807132316783335	7.578661223842685	8.767210557818277	9.780789172295355	4.901316325200785	5.260344208148436	6.986969548410305	4.644562388939481	8.61783047972304	5.878984850237502	6.4354460200833765	7.7224694486528005	7.211064576034253	6.785027963009698	6.6069777363393545	9.973475635611148	13.630196583149548	7.549583965621895	4.593960313596682	7.252852328387293	5.724718457869324	7.372660380508156	11.703563565333807	5.585674174938065	10.820560524637907	6.836551696504465	6.823456128415148	8.498918599523865	6.942399756947666	7.675400345786322	7.899097426114527	7.432495543079355	4.90802539076826	8.299571810099351	5.520154632791504	12.335126705785529	5.748793737872376	10.36245439853644	9.616986801180733	6.845559730980228	11.812577137615248	14.297282941252776	7.2461827655912705	5.655566530994487	12.953814575069332	5.199084653218321	7.8920403681989795	14.875314435811182	7.9610781480326755	4.2559758961017	6.97522266588204	8.96266761496569	6.348295696473114	11.895699156086927	8.49835693249969	7.728264035161419	6.558742569811163	6.781143715318997	8.923247222413094	15.123332267497414	3.5308981649404867	8.805145622276706	6.62242341723827	9.117424827113835	6.9474833611000975	5.850443323591843	5.805452738998091	7.61405174913705	4.990186335110598	7.034372535406192	3.6014973890394777	7.136338600755676	6.249476520412731	8.348381886957823	8.458439302576398	5.8213040709355495	5.709491540415278	7.636520033834046	7.307094414979755	10.343138251268387	6.988185466592032	11.43016665889227	7.9777411804963085	7.875837091108191	4.937962141805301	5.764949091707083	6.930873477678294	7.448007996269391	10.555162727524339	7.799515209497155	6.712033186599559	7.3384470993997235	8.818011755311806	4.695034195198745	8.17678772939017	4.926848918568926	9.459175729683942	10.547924605956105	8.983862324313801	9.10614292999379	8.863427797181851	10.096456694999887	6.848358663065022	9.833721938833975	6.993157998934414	6.61155412489093	5.235206774778353	7.682052667137867	5.112257247130829	6.519439357422899	9.853508213998216	7.789456743775431	11.375565310753744	10.655306647054926	10.56215212509666	6.222975016408207	4.823094331019786	12.624537901058044	6.8151323430884805	8.835925450903192	8.958888554469027	4.8331191286055954	10.006834151829013	2.9841572225264907	6.2578689413462385	5.129445939965624	8.053346138941993	4.869407764228981	5.499784210230642	7.9656428810186375	9.988133106508624	11.33062343509895	13.829333073360635	8.405698410173663	6.735146467212058	9.616053110372095	7.137251278673887	8.62588129649635	7.809809352068121	7.37780247549494	9.528357354248934	9.76936471409627	5.330222736580241	8.994694188052026	10.784252632233912	4.869089665734046	6.3003726679777	12.458092994228272	9.067381426766996	9.380973941806008	5.939095172175328	9.925318773798187	5.338090895504243	0.9854489663946512	6.618450094299418	8.790603684828499	15.08209638949354	9.33181057619659	5.8547533828309355	12.540270454532253	6.581952042974269	7.715720119383402	4.936601540282451	1.9944466876771871	7.821059816827801	3.5304699491149694	8.216436453865125	8.45363171981218	6.533243300852775	9.665136454954721	6.7613351106106245	6.967669418268242	6.602532670576798	8.796873973988738	8.484778767507535	6.419653237338048	5.815713640166826	10.793184404345327	8.814148590617396	6.432258283501173	5.658037670593809	9.611488360955779	6.209197728419985	7.101784317274307	6.173892670763973	6.141230259873088	8.818552840179485	8.180382337569108	10.55439449256404	6.784743520931271	8.856409338366154	4.839408664223573	7.6589813188394835	10.673151431528838	6.378744966803505	11.940558187272055	5.409263775135646	10.503231248315334	12.771581465519397	12.535776734875292	7.507192290734788	8.858807666961619	7.786134857730621	9.196626936381065	8.800274685025984	11.828635162294196	9.152527173563817	7.273370730098872	9.102550856656846	5.667538216411698	8.814703964188391	9.288116628057525	6.0042214470199	7.6424551806063254	4.7639197303543614	9.443681638719797	9.256167632194693	9.710345115604563	15.369291592625888	4.925437222319831	12.282829822828749	14.426584528687938	9.933396723712002	5.943195252834264	4.999073699910948	4.70596281356178	3.9443697422646444	12.549974301508993	8.78218572407889	9.100660721596924	7.801990146793528	5.949196373481416	8.544191316784847	10.457949075853447	9.076795516601438	12.904037521852505	9.565980915056546	7.343760991922473	10.648732266816879	6.144031520452508	4.685514845615229	9.358311078957135	12.434516662743345	8.525137701817352	8.708947347844488	7.320186863591029	10.885786413696978	11.0801508222644	7.718849820238921	7.339271428310089	7.892419648288669	4.533815949682434	7.789533863373733	6.738686597719809	4.946087929737423	6.7665898276786764	11.705293064968577	9.033319146791253	10.912279014184055	1.964793436533101	9.32788318171396	3.827299523324797	11.958786974119185	8.608606732839103	7.217770047928902	9.330015639915029	11.599494799356194	6.728731472446965	7.74443704132014	9.09267317811524	8.705537833472233	4.653695936232773	6.1020933530782395	6.895859620130689	8.00435004416527	7.251452076337311	11.93791269074929	7.160940843466502	11.59309285580684	9.55709669607742	8.243981296372104	1.9777118371279312	9.385537167785978	6.9644368600001085	4.908703935727992	4.019277005665089	6.468590358484395	8.305813761693253	6.688950727761985	10.763160650556518	10.501477850241768	6.059094992145876	7.272688445383979	10.40103342071954	5.897224893743369	7.727632191100486	9.054841408503234	4.736963922688956	4.769735133217064	6.282013588522257	7.547179697160903	9.088847077328126	7.515078374030488	1.98424535691413	7.700251540449214	6.260990839376243	5.27190753504851	7.243051625203123	9.756816201388082	4.852883074818161	3.35165694277134	4.89235361745683	6.279986250730991	6.690432516291255	8.303558688134297	10.603025425127962	4.900498425870182	8.122371355821773
G14	10.463191749200107	5.679930617717907	8.022012689982683	6.458913330577581	7.670813954347236	6.1714497990417305	5.909552819969413	7.1570866984285715	8.652938540106742	9.683368556199268	5.713915678718802	9.301296832117153	9.573062737120704	4.891096218768742	8.841974927850101	12.369556519250251	9.024256882928237	10.56684187860769	8.09708080293369	5.031707956509744	8.025333361930027	9.025660258071436	15.138231845575353	9.494555307216448	9.166601792609365	5.970341915099232	5.447715380998387	5.649320192049606	7.721091977636838	6.2826826328534535	15.391235293050164	11.554220122973192	7.596773684094282	14.82155091018118	12.838865002764773	6.800418523766677	7.059647334591684	6.471025319548543	6.179827444758964	5.50797039051802	6.5151617558873625	10.305994735584743	8.652830496300858	11.709597229137746	10.773839292870742	15.413351709284576	6.09801188604571	6.698860341664502	7.379075670227342	5.962068520722567	4.962765826900398	11.999521007299816	5.161933527683885	10.240541852242114	13.931952678453735	7.227990086362349	9.739376867499127	8.731831696940525	9.087428241875362	8.629587479237149	9.858151876554716	8.166304434736452	6.8431404068561585	11.189066264114032	9.426702912468157	8.687231563377846	8.879583177902322	7.852062279666352	7.987505804415185	6.772887011275413	7.300233943984812	7.067555213854362	11.070701516247714	7.46645732712439	13.26057784032767	8.89144427832928	8.43923713775261	11.227775309123588	7.640693351474409	11.794000116882303	6.825479314041181	10.741130500933785	8.474226848272007	11.07717972987819	6.514845739489381	5.992096069101602	7.009061591215098	6.921969071510172	10.5989975007134	4.680143451899428	7.060518632041627	3.9776471562693945	6.436131666299584	5.7104466389731785	8.036449321140196	11.927993973867489	9.606311541592433	4.844580202529212	9.366622412925713	8.083319370212166	10.19997117206262	9.271671699228945	9.85324225873162	6.937525333158963	9.727538449718791	7.759219764291838	8.139574010541157	9.55505600101016	8.160757139285982	8.06760222590216	7.672387625799527	7.544770783706365	9.371861169951902	4.684604042953846	7.224359206150229	4.94938617045176	5.785379370676276	10.086704907420028	9.934077083506269	11.53718835756756	9.534674732016864	5.33803412968665	6.49046412783185	7.100998017417866	6.957160397034978	8.832015509937376	3.985476629061562	6.16319747003292	8.976463687444129	10.955057536118675	6.284165879038346	13.411828453748207	5.966426733681119	7.802355281271325	7.875640097752627	5.001234340048234	7.353519393385633	10.521780814554957	4.979908398369716	4.53898107493912	7.950161397874985	6.918952052475297	8.704252901736544	10.063604719078247	5.600895474809942	11.90803564667785	12.036515053013304	8.104034709331962	10.895727081781063	6.777388939842301	8.54085399979124	5.822741031947615	4.615917108422972	12.525053544603503	9.272558500682507	9.119262352734122	7.508503789245432	14.19973332790495	9.394449750515973	8.674033730261764	4.880949118406722	9.444453378131932	9.78854191912896	4.900131033940464	5.566852414160108	10.546888085456587	6.571254982632805	5.089374510602977	10.142711962995874	5.827206501636283	10.8476921913604	8.207519245946708	4.546972808922999	6.206699331388357	7.422457239649302	6.693641498949246	4.448638123363362	10.276698125621659	8.926894276708985	11.540886150543079	8.754921626875053	11.338488609244335	6.521542556010889	8.636946302484507	5.751430351387953	9.111349957682988	7.643684056862626	11.883368837327167	9.74487353292963	3.952601159841015	2.7051627478740996	4.657807029243928	6.832107482187281	7.758008852916728	10.935610085607754	8.36879674252605	7.92430484191628	13.363253498181058	13.684422159375206	8.601832862237853	5.4033071962872645	5.865435244629477	7.972762678521499	10.524604141943035	8.577549627269647	4.790586745091658	12.694322592865783	6.084400036262067	8.181693813612387	7.326889187836048	6.596269144939799	6.9893760806421685	9.84033121573035	11.89948600488636	5.788439201474424	9.371869924578444	10.714034463762221	9.272666976381936	8.921032334136841	12.290083015449657	7.111420230853817	7.9566991198205494	7.192703255267573	10.79192115768208	9.456959587408361	6.116467771005373	10.953128599262895	7.993865268792652	6.480532780136655	10.387860664011741	6.797069902937313	7.5468816534181595	15.184007960741013	8.661065473991693	9.743682935351078	7.610815439812887	8.698495272679649	6.787037510044908	9.83304970035269	11.197590786569572	6.513917329315944	11.048861044411685	6.046083290783258	6.464161157523102	12.160519859989988	13.57412517483594	15.045434131875401	4.985503507318016	8.450120202471677	9.50661976649803	7.355017429374609	9.681365156846091	4.870690354921439	9.78115627500837	13.468196962084965	8.676837634114078	7.5645829824819835	9.242541356295316	2.0012530390451326	5.856417935550616	7.971261394705517	11.685595934332124	10.328976079791007	5.314288099539771	6.329763275644136	8.10481479349832	6.666534628407571	10.204584830874243	7.047108490215946	5.354705203465134	9.629148028823817	5.458023707212729	5.56987023759205	9.731231098044338	5.9920433549184775	7.419477793864992	6.383683939889775	10.643556549175823	10.072066690097532	7.778344158376657	7.073929168588611	5.9968251861368325	5.997991796315513	7.05158746114877	8.562587430662346	10.099779573178706	9.434893175542838	8.669243638863755	7.263735833003962	7.795315470673788	6.866092315529316	5.777150002208858	12.761291699500227	8.743612136900603	13.00780767247904	6.701778532393416	7.780848080396815	9.956451182035876	5.9621529194051455	4.81390984341986	4.786425405663349	11.268199697617277	11.689271682604241	10.617165541415341	7.709532250837525	7.66802306677562	4.745378913192752	12.584244632601022	9.307772189983098	11.470867319665047	8.200984639734813	6.981061605978627	11.318759078308801	4.274626746599441	8.518033380395932	5.54454514914129	4.6746061452616425	6.399390361042492	8.135505843788183	5.4997449161818945	6.774904647050234	7.59028696239182	4.134615764951016	2.9889338058615254	8.272429841810435	12.116422090019206	9.252370363430298	9.745336510351546	6.761033251061977	8.400824934832471	8.99729537956814	7.773839218222134	5.934862031050946	9.152997556403552	8.755007656793138	8.635810624203545	10.788297435169545	9.108969979908213	9.076750781863698	5.73765956115798	11.644089474805487	11.124673332941795	7.736667356713243	9.108099548541201	9.013118183510258	6.979948668134689	0.9945941336713097	8.412358899436345	5.644585221659559	7.561437337268795	10.051794946326748	9.244887149539432	7.519914180792207	6.296780857080908	6.113651661189648	7.446894379295082	5.912851731052615	9.030110968992595	8.187231874119389	9.390648406975133	9.94515932441336	6.132184638807111	2.957659999650365	8.680517313623456	7.549915507210944	10.718150801187079	3.8951947364026998	10.09913357866356	5.106766625250645	6.325120956716168	10.462997253084481	6.977429367795716	10.633003712266563	8.677800918555077	7.259329268280496	14.289561434356386	13.03094639185899	6.093763502354347	4.62392749696243	8.243430380260392	6.916698524809362	6.8224222461316915	9.780237415362762	10.947089874875143	10.868686969787625	6.579296359125285	7.709062151133088	7.521114620572885	6.045502964972816	2.3033107394884356	10.352774394398626	9.329540670836336	10.97441699368272	6.960569535721857	11.39520009223779	10.094943288320843	3.977162888077186	13.291201045973084	3.8751562415172303	13.967240643307173	12.715689731726895	10.536905004072056	8.818616266609713	14.277957616190294	5.891122476214131	3.5761485516779934	6.568747632909327	4.069788501698091	9.330257005395199	4.628443960191715	7.732631659098265	12.472532684058766	9.616632168742333	10.877194344482692	10.831124148622527	6.847170983315307	6.460944773225337	10.247010283429084	7.45609027072021	4.778827602431356	7.656527405147314	6.928111719038314	6.702628008058025	6.807171423605931	8.86859238232018	10.327513511127641	6.684122325989154	5.90325220723823	11.525194599722134	6.128613927890318	9.4889196933572	14.636499076437895	5.633637724775494	10.997252639581408	7.890630469867032	7.44491809772407	4.841466237814445	6.014699451853447	8.58553130020138	6.631923890548547	6.863329628601744	5.040475397861268	5.6929284136791765	6.246509828505558	10.101250232687129	12.626066847598441	11.53216163364332	10.588657863963487	6.59639798499478	9.433055750199218	12.958883489618518	5.566388708099457	8.502950394209915	5.666297447181301	4.805199892941094	9.810888846851961	8.990796508887627	7.35127665111351	7.60992429808378	6.666259446277701	4.281221708051443	7.377730792908101	10.056271625398338	7.151906870566442	7.36251007264379	6.585159343207042	7.716498011628562	2.584646292087085	8.006474555581281	0.9885330973098069	10.658749860790543	5.821309719032612	9.163527861626843	8.063456138297523	13.824060812516128	8.930293812885845	14.11042641115228	3.944635860809294	10.320703715174584	11.942462786237309	7.715171879303427	6.89934793908734	5.816437286734387	6.124551919962636	11.76525905292645	8.862745993971025	7.5075906957344385	9.943542828590834	5.799202348510711	6.149312628434003	6.278164596553464	4.846171529940018	6.256043457554661	10.014057228706756	6.159574426202814	6.961574819780846	5.677622262853704	4.857242686389329	12.465753184648168	6.566548665279207	7.474627140659787	7.880273920132971	8.354184615603993	9.927946447198831	3.8163260599416335	10.245929049159564	5.6278935725109935	8.406144848870124	12.948679536318648	3.5338812506770876	8.87088588406378	6.508410599922102	9.130316059394463	4.94123598447295	8.88512676480286	13.45256746905234	6.194662787597958	6.134279977064694	6.307336277514346	9.700451000816505	5.369830313927885	12.167067484513932	11.771136424073154	9.347248326403612	7.173351885517503	8.109875463991234	10.673148869585074	5.156495462759051	4.811075805450204	5.895711449378169	11.120297066280575	9.707254540223447	9.114209024730393	4.876845619093826	6.730157442159735	8.535174609992948	9.819264439970977	9.844906346000087	3.982883477457553	6.947460111421966	10.180376370210174	6.240710132564728	7.8487487060595775	7.494242622454421	9.518465142724637	6.847789092350934	5.641794326536577	9.04414038481938	5.960203979206671	5.877103804520605	4.032419326110602	7.105502764262309	9.945059529140421	8.897923030506961	6.3334502558466035	9.157128070047795	5.619643762634258	8.94524140358717	11.21337122208927	8.916008393648774	9.645228652649598	9.623722049077852	13.002912360178453	10.972105360863338	10.18900376992435	11.029284796341406	9.711431371691218	13.806693215823842	7.253058047900775	8.268177146634818	5.937305507893787	9.86029806952973	8.969465035599908	8.624660720907656	5.803429300431627	4.998027790472469	11.462358027484287	13.87557515207254	6.017314277563336	5.936521863938527	6.365189637558658	7.7709561411313075	7.554773863061584	9.785411046391792	12.373249433675536	5.441365311954051	13.299692391979935	8.541650136599406	9.67456089307935	11.184739472256412	9.736227998334995	8.7749745132342	1.9366108490490956	11.566870046008182	9.616496550150641	9.264965494058455	9.993330938899382	2.9634809612005997	5.535357344306256	8.511328439735333	12.750233887061773	11.516943075992309	13.99061812926243	9.681631240906333	10.237901285102593	8.88090830489333	4.598485423665554	8.274210063686596	5.256297978040907	11.766233416361576	9.689560498943328	7.785935081312801	5.835388148731949	3.807571969499506	9.128390616193494	6.175780605286691	5.751724870177751	7.69886269880446	9.42253279888282	7.634378811264645	6.481819636303541	11.392091922109364	3.7402306715318074	9.12262005007066	8.790538638738125	7.609181072618971	10.921726556475091	7.690554309606312	10.724155247688852	3.8855036250875856	9.917879206282779	6.918501996998212	8.723245666006106	11.826461679061612	8.383049562224187	9.755905499877187	5.367361626992893	11.358716781079076	5.855321960896232	6.972028999598014	6.988212628701665	1.9919154709176614	6.459189818620477	4.981885175604677	11.770444808807682	3.8655177665175517	6.955787754812108	4.787759571199763	5.979799608607359	8.516865926841005	12.458452753101675	10.35179136594135	9.991938900375494	9.121236216161813	8.842890464053076	9.491223715549552	6.822013671580799	8.434919792001466	9.555235455069491	8.485173891886854	9.919108967074601	12.3940622544909	11.101020383699115	11.208787333161592	10.724087591333905	9.087450166350274	7.929183596376119	8.001774106735722	7.844885529267507	6.987141644419636	10.179702516389908	6.976555899244362	9.896427326758797	8.415841902391856	6.189542224302308	2.950827265775145	9.09685197789795	14.259155809111801	7.673877758736389	6.304155364125432	7.994138182679401	9.01034886398497	4.652350507085378	12.166721425011232	5.232384885455745	5.918645268699519	8.208922813461792	8.24489793774757	6.505534118922266	5.131255869592947	8.966629568714273	9.922043964450198	6.644160891577247	7.7423876954947275	11.256391830708743	6.914391742958197	8.636828113443372	4.81173682810865	6.910120975924498	8.983928747810536	12.764392544631956	5.82485553492017	6.617157210069637	7.304708695856679	6.046369787482026	5.889798424451177	5.84395510681713	5.927985706390339	8.645512560567388	3.985969206061545	9.175658918174719	9.888165813223223	8.861673905805507	3.9734104670524064	5.183703667622917	8.7357444522054	7.338415045464263	12.799042109210811	10.73809038005165	5.729010865704562	5.299501460967002	3.874114890903208	10.355150394728545	4.359814727800284	8.200918238972061	5.467955864975961	8.419442403023995	15.281742486550327	5.614315628331996	5.633104521333128	6.850150227319386	8.424940185807843	10.861099140309266	8.144608180671016	8.799935775007235	9.103772243454532	3.464266736740201	8.622595684723699	8.097738260480856	8.339170185020658	6.249495994206011	4.392376652640627	11.26384328469749	6.503077833217862	7.627387370547889	6.182401937723025	4.938702117911522	13.085127128304144	11.266834906114445	12.52578896194925	7.326343241120026	8.903585307439362	5.764595458797589	7.906787223419279	7.10712156997982	9.539294705515776	6.194740928062368	9.11346512462424	7.628651592505763	7.306754997589788	5.217935421529967	8.406751523180432	7.938783811619893	13.549165012842769	10.707535524439486	9.086954022930815	12.977935554345517	7.619040265084167	5.349464796905659	5.35437643028438	11.797805526325348	9.636821876390554	3.91068145127569	4.844033467801039	5.647236234258471	10.259509543899949	4.849304102338359	9.802816827950481	9.03522877019905	2.990346394387568	5.874216471270737	5.292253435671908	5.672720976827458	7.871657243880922	12.354537627750311	9.07480508469989	4.808416108679114	9.261098763143476	10.786171984221214	8.097627674038767	6.535384222491077	6.803027481205245	7.188057277329225	5.1095727430987425	9.829782402915535	9.977623694537922	3.9810043799307335	7.8850251033269325	8.42307260520924	9.943715857389636	6.981484145079458	5.8954218858279095	7.668185141261197	6.2593107248853315	9.587513546957508	9.787289653294673	11.566517666504755	4.784012189004343	5.831270993741708	9.930585608367107	9.294397614369226	7.326324330006523	5.356618300021134	7.038318153134066	13.838968211864954	8.646761329887136	4.076574467835121	7.70126248913278	7.960450204302643	6.874952312308316	5.194403321132888	4.717128145127321	9.312133920218171	6.736196453342764	4.955229617773424	5.55929379514606	8.994558999811607	2.951371536605597	9.57629089455307	12.846401836032474	10.62065741374216	5.684954879836437	9.443079482302071	11.141562716505723	3.948737401270025	3.9670216744093056	6.687460387109409	7.521048701583724	11.787230818643883	4.89497207991545	6.870876812585398	4.843961568491033	10.09625116009591	9.495383265782777	5.157627486119973	10.910915764371737	17.195336873249445	9.053594735719953	7.785794425382955	2.9028628838497887	10.634101239797099	4.6504592770420325	9.206590176743537	5.157159479652227	7.824317054074558	10.708620786531151	4.141105381697201	4.468164282835398	5.861197164090234	8.87783979785977	8.77055250871821	7.949644473490383	6.967769666091502	6.780964130710123	13.524119882848282	10.065360170408313	12.080243014009461	6.744397784612302	7.331391916412229	10.805526535254035	7.332379220977399	4.967011581729049	9.737943099083099	10.665436748038998	11.999518537807102	6.117263608860217	8.459420462124708	7.025889003452076	6.006420184403073	6.902317333861893	9.845135907002412	8.762729983004114	4.9861035988783255	9.905445459810187	7.524329556777383	9.421453527644722	6.209269312316216	10.464072591253188	8.868815521454932	7.0225998596840045	5.837584336627325	14.923394283434037	5.54895861845129	7.126310369837723	7.746560721746298	7.756704968166021	8.831449457538103	5.86239472969648	13.881258413264122	10.271450417455908	7.109566768354674	9.858262639070194	13.50629229838206	7.776836485840665	10.058886425201097	8.699248287503172	7.464847599649782	8.853478483163482	4.965063095925948	7.2076958513579195	9.80556961858526	8.231889522853397	4.982753785453955	5.828267532765841	10.661250930839902	8.699143417013993	8.16078224300068	12.595743998002954	9.92139897945338	8.367721764243669	8.707963941372071	5.781334296560822	5.867681504922418	7.712254926230528	11.598177517363688	6.552764429461287	8.3189116419323	6.81667299373929	10.735090949751532	7.140618763982235	7.726443148965859	6.785069647930409	12.560443744319056	17.027291995693275	9.388382546865047	7.234499924302268	10.672734832155173	9.597050962463147	8.792173385444208	7.588887877273043	5.153123501323968	10.010002458786245	9.081021525322543	5.789172174674687	7.0533991946347	10.96313433880101	5.720170443386483	11.412167162513537	10.94284870881965	9.952538044350556	4.865155596867283	9.837952448872224	7.387563677383012	10.420165429289671	8.826625971656739	9.60427994026591	8.58520907311721	5.448740113061246	3.9150502160023186	4.971479334597292	5.018083355622318	5.683628337877447	7.631692819342077	6.349731110672011	12.703026582934443	8.457198585348463	3.832715960942823	9.537679745644992	14.505950755343045	9.054388294908327	7.752044167311066	10.897844649807109	12.162390704960892	10.304464135322858	11.887845663454764	7.578644384013357	5.095959479888309	12.173673513059502	14.844056766817431	8.747191184120808	4.928987118603834	10.957805453208055	9.95181499006337	8.757402488099846	7.017232528776784	10.870731702515313	3.9415181306149125	8.230658608933574	6.1549325496675396	13.785185388326601	4.899355670061936	9.239727781621232	8.915973855321692	10.17332345652189	9.696667968653548	9.143206491093139	10.770998717629732	9.678421421301982	8.700966018335826	11.642424477535846	9.3316395509599	7.692420502033099	6.4378499016089865	6.870489461285923	7.607541879001646	5.538519166757391	13.623755013556108	9.578655166242317	8.484006822292134	6.514792655674861	8.133533837494022	10.212996062719114	10.151303905477468	7.482055873621312	5.538742804983719	6.711542904882286	8.808374908131723	8.029853952498325	15.803279474146393	4.859276363136216	9.655809457464612	8.964250753248024	5.552150489416218	6.58883305835358	11.221770678226836	6.378081448433966	9.607805846236783	6.875000107821879	6.481346243084914	8.079694363457154	10.035207859304373	7.632028467573414	6.339088045158114	18.185394838444516	7.827505697001014	9.946837021601024	9.338505300241716	7.769313735673705	9.524702457008077	9.06160973943972	5.990333688156431	6.250732718149864	4.819290978262657	8.817895156602223	6.243221081790689	11.077250274391641	1.9680930251593478	3.7740143450609263	4.550643382314275	7.796049190461832	4.859695201805225	7.755858771158668	7.330381538027427	10.524525171083559	12.711169463763918	5.100111431500238	4.0003039924367	5.85454792766626	9.720645434666801	7.057507911619408	8.002602790876775	9.219054362159252	6.952934870096508	10.841315307067235	6.241408443638529	7.345729701823092	10.447914397149288	8.992969412986277	6.7008988193058405	7.543831023645778	14.92858691459572	12.864790102208776	11.052392753463552	5.166591920446455	3.7863340938361296	16.562789397319104	5.533582735452261	8.384016483119025	5.42206409328615	8.606364320911986	4.849181788496625	6.61305060201709	9.0719507145962	7.669684669687289	10.078700604827686	4.997850107819662	9.803704710570488	9.687591786301342	9.235707462756332	6.912634437100161	10.356777137259005	8.891587083776608	7.687928187239317	7.750373960280616	8.488749429536094	6.915127683287225	6.730245827167048	10.409534006321795	5.956431569774132	2.9917196318435426	10.031236606884642	0.0	3.9047431315638446	8.90227554047529	8.868963072689148	12.107646650623876	7.591608087062261	6.706682982260403	5.191038696094708	7.82434743450274	6.733899676721534	9.672454462947274	7.764330119375959	7.716083509389418	8.919730671744531	6.8750458725505865	11.648089805590878	6.892714111073212	9.74250483372226	12.975332530299516	6.814859564956271	12.14294082507706	12.473036376817463	10.039619021072822	14.593436272775374	5.543578450740135	5.789861948864234	6.524395117047439	7.611595014279727	8.320233499605251	5.925732913567382	8.932407868013469	5.816425547015207	9.697090644014736	7.686163124640666	13.20473323040571	9.711413690384544	10.446759417902433	6.9499663336028235	9.940754608605966	8.835467251763891	6.7793254698641645	11.33827703692853	9.59555239064509	9.140799568294662	7.830441362202394	3.9570011330729273	6.0887195252942075	9.821064303760469	5.666249843144355	8.077753900663895	6.9793818671686605	6.62099651802868	4.923320116932291	9.814751681703353	6.152883571257677	6.786163046543792	10.910656371807116	11.17802552126118	6.877845132958087	11.481068765046537	8.610937940849501	12.230976037371262	13.484419545015307	10.66358956159663	7.934812939653758	6.90430530761874	10.426184395998174	6.449472744296821	12.907171815125684	7.770486118898168	5.816628873465387	9.257271959001235	7.736284668506038	7.833722067334563	6.310504756501265	7.405329413465018	8.537653952927554	12.748011819369108	8.104391766018257	5.8187397415337445	9.691802151096834	8.401129435787645	10.963004901872866	8.540133482131967	5.954342953450572	8.799498575928268	6.037909667806804	5.165061612076611	5.1156693319978555	1.9952163705783543	7.331830290078764	14.593825676542117	8.779104904249584	5.944103531393299	6.978525780916075	3.930682649154648	6.870800331884573	11.864272943633832	10.970318937293202	12.889878422336777	4.763187615664973	6.663531400675755	6.043356627278047	15.292445972043847	10.465079864779526	6.1083456158989895	8.83816832911498	6.765998669107138	7.971345800428203	5.625951865285209	4.7905805472599	10.466030765406092	8.002994822092901	6.2230995482260125	10.6458190985489	12.195741363186396	4.585896170018474	10.580954648219103	7.777273930142221	9.671305141826519	6.687716199134721	11.879111488880463	12.921273321464998	7.964030726340558	8.869941541147078	14.303193056430944	10.806096958863721	9.344885708180538	7.189052554494397	5.834479024689679	12.959687793252735	10.553132284327189	9.853960259757784	7.935891633390115	11.104337562847384	4.943931353011902	10.961789077007257	5.560387674585815	10.949347563616245	8.224138445903332	10.779935762507336	7.29579684870422	7.578610538967959	8.740259278957302	16.62083718523375	8.761649352960546	6.207775605935044	12.733653591989881	3.6178018630278257	4.04646229876279	7.680993240697307	12.461552717194392	5.979963373789169	3.8998895805265055	8.716971553526054	6.72999676817816	6.7355201729997765	11.967166285405288	9.572055059129692	8.112682136042977	7.239199171267752	6.856556748541265	12.486513774665042	12.896309353882112	6.892828938689244	7.665153966590058	12.903676551408882	8.7577483222025	8.516096094453125	8.569211112444732	11.097696170728584	11.559263959829757	4.915776691426452	11.10812971970605	9.102946280677545	7.731058411009687	6.735221820876483	8.697548301895752	11.525065855516871	4.9585173847926205	9.909951512276235	6.804414712963371	5.420265537559052	7.935708887167564	6.212578388618592	4.969392808003436	7.976086898776533	7.849225851573034	5.151981656595324	10.209452626842841	8.991942544088465	7.668057226746464	12.352614634752236	7.867897464632825	9.542088678793206	12.153551418864396	7.3146998451500265	8.007201267163042	5.795704405464596	3.9182414911459236	7.615220290417239	9.93415466957941	12.236549953605905	8.397059021931593	11.651373385521612	7.524203166812311	6.976376740256733	8.62513100426195	5.7456137039994575	10.772787305221927	7.952256924921562	8.851375950662971	4.354821835392474	5.4242862644520535	9.8838442479407	12.067938533296193	10.939366794055003	12.474754533977489	9.012170051102562	5.154108450805551	7.786097327461006	7.325458966004978	10.933399708430219	4.962610759137991	10.31536296726454	6.485432794618374	7.570640842888922	7.133199743847097	5.112319000702555	10.666769509226102	4.924444123201187	9.057877323293967	7.8095905884244115	7.845679507560178	6.592289719853651	5.979025312662217	10.309012995233594	12.131952167366597	10.17281786845629	9.723273746185061	3.0429181294286978	6.81172942577519	6.539446807040474	9.852600902861095	7.360343000142805	9.897322889176568	10.703057972894195	6.072358273384945	7.0137748386436956	6.725606714484512	8.95656652214814	6.033734740545084	9.87403076290317	10.635653929162244	8.946094379065334	6.648016348397149	1.9269871006518011	7.908402258255857	11.271737283786136	8.557114776162749	4.913663616718154	7.1887113622836925	7.804901351915281	9.059782208104968	9.522972238456115	11.044533912594531	5.729898528523224	10.871756943862966	7.700958907789082	13.562185909918181	12.019030605082484	11.154560473181858	8.145900362721848	11.68172574641842	6.725981752961053	10.174726996801244	8.722601794503706	4.390671704865562	7.225993697485011	11.940546446635205	8.476447438262706	8.337486838633643	9.63625663373767	7.37990473255873	10.003672662061238	3.5975245459807064	4.91762805585037	7.775183070962792	12.476236041368725	8.887347440521951	5.211056200160796	8.283110162750228	9.58741572621507	7.690401837928848	9.064469706041136	9.330140156443056	8.343312287012546	12.333111182927473	11.090100357906707	7.151420220649754	10.581526778438652	7.01753479820916	11.6189416490443	9.70651800748104	6.837709806467322	9.026807255441126	5.460300963470616	10.541823610853054	7.152597796073085	7.970711155345253	7.243998530746744	13.242262512820155	12.097469060823315	10.755224107151891	12.147389915439668	5.84350186402423	5.541362316024226	7.196627149072766	7.929466840825315	5.772445508753286	9.088630351177132	12.215263617656484	4.738375552651009	5.983060620782585	9.997026777875426	10.479834130100851	9.629446918435422	5.773886847927359	9.41650591480497	9.628195243952357	9.873087737055894	7.495511835448562	11.527762602953139	5.556214217784089	12.921135045651187	6.842063535502554	8.617312722156996	5.379092957770572	10.522666555293668	3.989942586129822	7.902536047301239	6.468473683770127	9.195388101303301	4.962168803274054	5.034369966755199	10.599158712865657	11.651703773838829	7.923363065944621	9.624591966171465	10.39820634558858	7.247372848417507	6.858249994054198	6.760248989971217	12.911533481280268	7.722764196070988	5.871165891088147	3.9320533433046374	4.5213299220108665	8.689171287336045	4.940774270405143	6.978829256401803	8.844881041118095	8.979783142715537	8.519158001084897	8.79799272119827	7.891716021377642	4.768319458244159	7.151290210664964	8.762190730220999	5.063410139102465	10.247700895446313	5.888316332441861	7.500041713856793	10.013642082723386	11.116494379952979	5.4526387206354885	9.803645281307897	11.571916912080711	5.739675526893132	7.576521372399472	2.9137573443716676	4.099937523404785	12.334863181756178	7.289070520275637	11.159261348465309	7.728144383604305	10.941528672217123	11.693797504438301	7.477965958772762	8.191013642232551	10.665406740624698	3.8263824691740935	7.865695839729413	8.213936299934588	8.505527341204216	5.696307293530361	7.503134077841546	6.965567297251802	10.565760175473992	18.568641711857104	11.450109896201777	9.082081012605887	11.022532335505957	7.775706570303368	2.9842307466018605	7.9221113263616445	5.827965036711342	8.88079100273786	9.078830274262888	4.970901495458995	10.381797829033957	6.493742571260255	10.544241242781354	7.784342639706375	9.865160945334603	13.895787530285169	6.907062022545789	9.866319488154863	8.769698100807691	8.825503710536694	10.88647581907293	13.651372749145958	4.523300992667847	3.8534310476910534	9.91241262299383	3.88344200051834	10.341886360373818	8.58775843703646	10.576691035203956	9.516872675554378	8.106839386877553	8.87348167843905	8.458956693632963	10.448495278481401	7.714969776973914	12.432734988544457	8.557298717943311	5.726492826163859	11.516353950256294	5.96624981355197	5.2443381509624825	8.395826214428268	8.98244085786609	8.652795929264412	5.899511937707772	8.720663491662377	6.973431658300299	10.135545345586376	7.9311056185409345	7.692693316465448	9.813492783270217	9.682734240169866	7.073452462989815	11.553045580162951	8.088235016510485	9.818861266526607	8.57830570760176	8.895482566410001	8.891363917970136	16.427621093480067	10.78856232105808	9.66911642937583	8.70997189580157	9.301971889325259	7.869080484705092	10.243219927528681	10.09647145537382	9.496901109091693	7.892705136410949	4.797059522320086	7.2160628387535	9.492806805598901	6.4176355215437955	8.662689576411614	8.035285677523696	8.65622616737198	11.453262821471121	7.657588469629255	6.341491510174877	6.447763780848091	5.738904032898102	12.726840211404852	6.22319094325644	9.751229578651735	7.738023438021469	11.43932393478165	11.126499156771251	7.223495996554735	9.708085888510116	10.74315462235233	9.048099442266453	5.18746846459453	5.813802379675671	5.612520113486896	10.63229385468418	10.768561851204351	3.5360381871810342	9.963783927142478	10.615053138114401	12.904682373882544	4.1967340698857045	5.800843956136959	8.739006264492659	7.587834505691137	10.616783833623536	7.577557634314614	6.057142863892268	10.552445479264987	5.92767140583594	10.045176984483895	10.525563805338226	6.623138776340687	7.622587369435856	3.0437422316417395	9.603280133973458	8.512230675177568	8.686535162146136	9.718639951829866	10.626747839887932	8.589334845684755	14.601098504476681	5.825482267938787	14.947288619397662	9.921259002580214	4.6024356760685565	8.318863330830316	10.418845881503321	13.55940838971714	9.772444827505103	4.943602610126952	7.67880223853076	7.2085578398869306	7.988129617407734	6.228729675842369	8.33381230219825	4.94692771636008	8.844379693478878	12.248789482966092	9.00891864943835	7.4228291347508994	6.54264309626568	9.476388660965831	9.518902644984184	6.200566488804627	12.91964272990021	7.316761363882261	7.726573452036652	6.327716876487176	4.856027060821962	5.661193943051903	8.59559508616975	5.473776249031081	9.372628232479745	5.877180768747375	6.04393153733324	9.133208919903652	8.000237747486713	8.651262993648139	7.77173841363717	11.28394533262469	7.850860321833009	9.71626456225756	11.736781169644305	7.05561343939078	8.839438944025467	8.835757528271635	8.150538409204357	9.870473002246726	6.10949918990831	5.750989625647976	8.039929575807408	5.6227102896140035	11.888270010632572	12.1196200238955	5.035182581160866	9.659867227417926	7.680148419376617	7.428928638231796	10.213703143282302	7.831309138986055	8.270449847321743	8.205398725525088	7.316054301395777	5.662123415778145	8.729023189346927	8.664126637174558	8.326496299450538	6.649799718970765	3.944377231171594	3.021887556112219	14.987961281858231	6.076935593649724	5.313528011099266	13.416349263913983	5.7494965765704045	8.08522900929037	10.287704552019013	9.064187817523178	9.93460302788851	13.539692737985979	7.186451443322397	10.865678692650121	4.224769992295389	6.16786056885809	7.543595525169409	5.927404990392817	6.296545043223477	3.8731091854759794	12.166374934825232	8.289909117132579	9.220822658655418	8.929240341633166	10.085337120135751	8.496810587335748	8.19137723910746	7.883172338429482	9.523218796832484	4.800123389489088	9.916040264815397	7.890059209898501	5.692389524190082	11.595909616132694	14.378455267637674	10.490132923717118	5.899976036942251	7.5009705815049	11.95761587009157	10.853209498120368	11.97208953620664	6.816052837365866	7.299378471829325	4.530334105699807	8.78744759862641	5.802426585048066	9.036437915775522	4.551772818616373	10.981510249942783	3.8449118951064927	7.831488053317682	7.222664079242427	6.571100314853065	5.171834560199221	8.9808144557967	7.619726407988949	5.100244019665068	4.9102823400016575	6.296774527633087	13.771448600563382	5.628595591911483	10.640395370450292	6.092512191342934	12.23951274850282	10.464701449642286	5.237876318392125	4.663794460504126	12.585971577868612	9.907577516097133	10.769519339409795	10.48744832614952	13.74118690585924	5.776347570390198	9.283099072951412	6.740467182752961	6.568711535712344	6.174599416148285	7.844782933549846	9.13499400361865	8.166842943464982	6.33888349587793	6.110527709591083	13.66584496302798	6.753332375092374	13.173682620066542	7.762293056710061	15.18380840997393	8.410095800102628	8.870931685935195	6.468776842375421	7.962383160331096	10.002517147814276	4.797729863353415	9.116701211633048	14.525604587619586	8.348444062946637	6.535787689041946	5.821346060704386	10.3185552480835	11.29606120341184	13.217197937641215	7.642798082971573	10.51907630126653	8.325653424730199	9.991682552758396	7.086940678554478	9.534817179721761	14.191572396048285	9.195029121012219	13.383155640344409	6.741707442938218	9.858979627757986	5.736417765283106	8.973678796086087	5.071812922617422	8.658616528688631	6.707304372312209	6.889021872112267	8.712101311007935	5.9866849546898635	12.545787482076099	8.176875358427866	6.178428218652635	8.37627595103441	9.768401041927566	5.688751529851512	5.415573900127653	10.303559480231854	7.112736775013289	11.978814822762965	8.7711635053765	7.775134031543185	7.000254725508767	5.162929190330405	6.262261075223071	6.843706179869722	8.30348764768321	15.366127719283615	10.947131570811024	11.23756915801496	4.7114757418938025	9.772897272783753	12.804449936351698	6.703380516786981	8.748529074968419	6.738849473273099	4.878497944339232	4.839760957634841	7.8036494548529625	6.815823107753184	9.84819606442469	6.663811406591678	10.006824263579528	9.848812496557054	7.335988843173069	3.5701921497054268	7.453899432217681	8.61060591961301	8.614816688201715	7.733163377603684	5.896835322836257	6.1447740526358965	9.31754941454667	9.555986662106248	9.007377805317482	8.425961536466279	6.7911640273200415	6.913368238363859	14.151152111940696	6.076980730049064	9.330004095076276	11.291111698603629	13.664555631988216	7.698274443869441	9.752245262683626	9.452356243378233	10.536626793780586	4.813553175060071	10.661777242236806	5.512341373377258	10.157909138080596	6.017177196341946	8.346472164565485	6.949924757958163	4.290717186544478	11.132963748890957	6.332956917186029	9.721705570861062	8.612542922020449	5.304994969530333	9.452366684637166	4.636194266621159	9.020144001387353	8.597569429822874	5.884941989249871	10.810227893955258	8.32751937180548	15.06289555293416	5.703070524080418	5.92236890086126	6.459760303472896	4.5800951507668595	8.241476958354509	7.962298269279769	7.316469198925261	6.419990787816759	9.81545947769408	11.66563971091646	7.3569869944755855	11.575374247337997	8.982660633737472	6.533992917615419	4.259264016429401	11.04959533387936	6.844447605445877	8.164373447025692	6.935417249954214	8.41190561116107	6.992345289178993	9.758825348113492	7.914671406511897	4.906314913856387	8.00438458211293	8.731362003569624	9.854061048054222	11.639785740082061	10.158342533254016	7.687314528785194	7.253191667601927	10.218164785044008	13.302054658152604	9.794110559189015	9.592532941195799	14.482338281640551	8.026923964508807	12.302822487016357	5.624715067479718	9.724015798382272	5.856895124942771	5.6747802358083845	9.305233413330356	3.220314668879902	7.555831892755558	11.798491638269034	8.579494016723638	3.853239489969259	11.37302473945136	6.1968546939542755	5.804309061108955	7.980140424416178	12.67994547124842	4.426782975818082	9.463454380924148	5.914347313279787	9.495475288585277	10.304186706328169	7.75089783653138	6.794017201048429	9.951239199448635	7.956228112962681	9.56227171958905	7.646575887950389	9.553304053799007	6.126730862815758	6.908832053513472	10.50868729502614	7.954531883816122	9.031715818034279	11.226494095833742	6.934067226321771	7.936065053414284	8.54531713403721	5.803989436742165	4.488959523585657	10.80338453858447	8.601068285314712	7.310275788541723	15.546692308040427	8.600562350690158	13.4510394974097	6.848532993189123	8.181996648168212	2.971085026944975	7.393606051345611	9.333196409655342	9.098309565419875	9.174323872233165	7.801859392098878	7.157138082475461	6.666607699827498	6.980919325926473	6.938549135137127	13.457629167630508	4.873571538298776	8.453560791846819	4.925679089582713	6.819289911744906	8.27796662955208	6.811196945793368	6.996090931208019	8.711914848107567	11.253274349051802	8.160287419408037	8.774676064829137	4.420386886790585	11.274442939902922	6.365446743061396	9.68324202029192	7.8216737108857775	5.034201446884137	11.702264677541578	10.54601183235098	7.767181466693922	7.7265795504146215	7.330135623171862	6.82755396030037	6.721565700158652	1.9927306117024366	10.547975219962028	10.37444422357961	11.929737392465942	6.937726844930381	4.848060549698124	10.195215527868031	6.48000857933129	10.58660789221671	4.877002282984993	7.620844768625539	7.202569590820323	12.626312360542155	11.591995630858884	9.298989765101243	5.955215794614359	10.269662709760002	6.074928123163052	4.59609042660771	12.720633449382124	11.420318450402995	9.711749263336712	7.329308172998272	10.95051197661134	7.98689843692839	11.661887363204753	10.286807725597594	9.401217206789543	14.862252256298504	10.551069463700808	10.271214309261817	11.930626439782875	10.711698271649759	3.905148845384152	11.692218889980907	6.822761628888039	14.90084801563933	7.087445380029317	5.966813431458894	9.135123527778052	4.2629316221083275	7.737138293230551	9.42369000399598	6.821822759581714	13.493125370669137	11.089056064316356	9.34711983021879	10.637450946686021	9.561837509743903	3.9280247508538295	7.607868865609	9.585174155720662	7.273217551212125	7.360163590236497	6.5977614488249285	11.526521717312848	5.977012526697584	8.580082722828683	2.982390176141718	6.827979488886111	12.740945704157946	8.716091245242971	8.915245847367284	6.740675460343553	7.420623281937915	7.995257736977879	10.094776521801206	7.008045129503421	9.108872870023339	9.14039103758533	9.799983241430589	6.740249755232714	5.190317174865415	5.3963478947910914	2.1125486931912936	11.580732570996906	5.010978501021134	11.983924642553376	8.688505430823422	10.41267252718077	7.975826015466924	6.41547166376928	11.238997089519978	7.948897403623492	9.810435000327733	9.339570499417738	6.597818552858974	11.137940255787782	8.252917367314195	11.18877491244041	10.879778009157738	4.937719112679071	3.9877525237474165	10.717158276522701	5.7647093366685445	12.260615558348855	3.08478968555063	10.25104619792649	10.856939081963816	7.149678893422602	11.993402920185389	7.842726942684009	3.920829450732748	3.1538487530978783	8.61110438651663	7.987509082925955	8.73016057913341	7.823247546601559	11.816214400143659	4.325861995819889	8.610880362735763	10.51053650535171	11.642872080756652	6.162019595581358	11.36961929595486	9.480236945413957	13.424534430197312	3.249036634099164	4.8057776412262365	6.595840303649347	9.295691546730932	10.004271680925294	9.846266291412828	2.8627032176373497	8.741671609147716	7.772268669648729	11.509049890404839	12.424673231945498	8.695273637826006	9.510971918645835	4.847157989832477	7.731783469672299	8.872275082456738	5.949305463278811	8.955763225128367	3.153106248819558	8.412973738572049	11.336488564172756	9.115373006608353	4.630890764523646	6.938132216453717	9.539276254279198	5.93089718604346	1.402136238445174	4.280617837151847	7.940125661546662	6.798284473257628	8.76684891501634	6.634661567536816	6.811045396744473	7.60041141667177	6.682387144782201	10.52003712659802	11.284297239224923	11.611153361843305	9.780145979963562	5.531006389830735	7.69056756421588	5.9404594810571965	7.764011598905811	7.679422283935145	5.095862233660639	12.621693131578722	7.971959957465684	12.547010778312195	8.112057843802697	7.247855763006341	4.931316954063848	3.8968146394418683	5.446985568887399	9.134860646930388	12.204623946980314	6.202461103126315	9.038510277249031	7.22399656756836	7.786497265346018	10.266424267841066	6.786509523994647	10.225122563627734	4.926639123393451	6.227203922238062	12.844258364675365	10.597232270087476	8.743816820202653	10.565233553073172	6.8241964120260095	6.093319748607416	5.298274556492187	10.651165345201132	5.060432357469193	6.755096050283788	9.524330913008779	5.1246990547818925	8.816490537431058	8.288116258973517	9.805423420111055	13.977961328424815	5.149894866289009	7.455369256757228	7.7967573250452595	8.03299123082054	9.671090195127885	7.497747619985142	6.983069394973768	8.21358156029504	11.371268862904522	9.594642958022646	6.254119700122966	9.039859663118962	7.531395493864184	4.00127922656194	17.21386870090801	3.06775179405679	6.06847055753252	11.621683442547635	7.320198870443128	9.74780104715025	13.568992855388547	8.187152723726747	9.046051023392154	9.841037813238055	9.683939735394455	3.810258066782045	12.833202032938738	5.083831835705378	5.944911553404484	8.406933216314115	6.1129583837099	7.002477497824194	5.181349214764144	10.296965274394662	5.027728879136393	7.615129231870335	5.837622938329021	6.001008678472564	7.099995606451109	9.783770539973858	6.999474839075705	9.466351810723692	12.00829959228083	14.654831509297598	6.721780824331781	7.733783561832888	10.569234208862394	9.569125884591784	10.044044791756688	6.9732906218974735	7.860699138200183	5.789349619469953	10.893174058221069	9.041921303011483	2.618649146349365	6.300826343313544	8.762902999778063	6.124374424724405	4.694744945448717	9.289582038698317	7.304226262204947	2.6212164177500785	7.055204106611181	9.763863263831063	7.838546934846759	7.055640474762361	2.409336553909972	7.956454115787857	14.566089637423694	6.171590436080546	8.541072164761502	8.784297714416754	5.910584765625499	7.518456925639457	5.365206271762011	9.932901514773361	4.961316358480099	6.916512182294859	11.733020373542754	12.054609250656313	8.717652858276962	5.688279749315099	11.04666017832239	7.969580595193383	8.082785804300569	7.881509498960092	8.666560975328144	4.010364569005586	11.382164876973684	14.980664483782666	6.892729966258488	6.926895773045233	6.31387192157208	9.582421798856702	9.946850635065545	11.074122529432717	7.8530421103961014	10.767872414231688	5.760674246142418	8.034055711684204	5.095612547327601	13.192932220721763	8.101699439439818	6.2474847003012695	9.304239305071613	3.756225100202497	9.1101363242181	13.43996223755923	4.094885979738122	11.761416666244578	9.493338090705107	5.039149727702239	7.6561507080426425	7.3605056138887806	7.468062557559145	7.262817180954505	8.732861562526809	8.88843096747722	6.822446241864623	8.061334571983238	9.403908180558528	4.050929474831781	7.873821994391314	6.864215112167605	9.240351593809958	6.522905056160291	10.641722663051976	10.774720852757461	3.6571658976022148	7.896960526924723	10.559998341959007	7.534175186778483	12.653891520715794	9.49516109891967	10.930715779555662	9.53807534520287	7.6120383445077495	7.794522804416737	2.8882930120298376	5.181271029781123	9.025687848942788	7.804465852739567	9.919820064509091	9.038059693957614	7.499803504642399	9.633643959971348	4.370668923277954	3.976943103140913	9.013527286763884	7.724518536567102	5.450334796001336	4.8722290534671515	11.632721856728955	9.97006020553532	8.030285256360836	9.281120222143171	10.779984858085559	9.324154010312553	5.5140642653526415	7.619417693958203	8.746046926600524	10.147293384182634	7.685764947115867	4.253375355130098	8.365924302339641	6.3035388379782455	12.115277855392943	6.900207046463548	9.469945827843354	6.793097193959435	7.754143764767977	5.503427390984391	6.3825267973269	3.8615529364520738	7.310455648047719	7.833734391523484	7.076954228074322	7.146982593849005	6.2284051438142765	4.35086782191279	11.938118734754147	12.69272433963662	9.523344505108074	7.91869158571214	4.610306227312873	2.94548567344178	8.693101518234462	13.170759841811025	9.796015970272476	8.260004390347136	11.390621962091911	9.583406967520206	9.798703818798852	10.590773356007201	9.894345203592227	8.604536682534281	3.650087386438711	9.869561417181052	7.491248469899545	11.734631399900488	5.303531950671293	11.080586017346137	10.381189868698735	7.901810861250337	9.149380093610795	5.653264891924135	12.113525621278033	6.772156290158779	8.389666555878339	5.411311466945	7.2805098082804305	8.69717719640635	9.185383265691952	7.209499778479824	8.07305285788448	6.532622316628787	3.158075917431937	8.901395609183533	7.616473103391886	5.833535846734314	19.371129188494557	8.295709886969112	9.09477055766317	14.193144000312639	7.606274350963019	8.79474737182087	4.944452495645781	9.092419566498357	7.981502486853245	8.873647021016293	6.700158009836634	8.760016538065631	9.252658146410253	6.551587383705614	14.408709885029234	2.9267058309546514	5.783869006807324	8.58485773426932	8.159982004032202	7.912147072766656	7.734546425587165	2.9508390661590704	9.846186530337212	8.096336782993065	8.855423682651784	6.026342203450028	12.307378485660614	6.00261020573103	9.044582148539579	8.915204761163109	14.70583284334569	11.622890072620796	8.583229830055183	3.9835109762159733	4.865003162498584	1.9907385006424883	8.716459923679686	9.865889661500937	10.224053921467874	9.672777537583675	8.906292864871366	8.63900830520608	3.865135097849973	9.07397295109621	10.118673036492774	7.378200504158911	7.422977756011457	8.775900068243427	12.95042324447201	8.501037437703035	5.800677572454972	8.718447194877694	8.153140580469618	17.375817521823226	9.458965200893212	2.9585781534315623	7.783323461677082	4.75360274523448	9.10952665316779	8.737094041989437	7.623918490641961	10.666064529484634	6.742886925803084	7.297352050351245	8.810144454074399	9.755503973781305	4.311726295218115	8.583368473631989	4.715686041105129	10.625318938659706	15.857647276146638	6.346597145805898	7.142068278443672	7.926901489638821	11.048271312448119	8.742898895042245	9.80379112933021	5.720069046397651	10.724404574143897	11.1017956185722	5.750449113388388	4.924620708067336	8.478891082862017	5.071092853684992	12.785401473101434	9.643462302044423	6.6203141917756145	10.534903311050046	11.555927588590807	10.839694561730537	12.605426865003754	6.633168666210459	9.19091179155751	14.865486733241845	6.168284380782882	5.787196116778893	6.155713338671544	13.889549363963942	9.789829305030473	6.939808334503955	6.898788893060885	8.76625053446741	4.708019953089397	6.855262886666525	11.082459297333424	8.039944424338222	9.346539497729434	6.888475076466953	6.29818304831008	8.253170127521512	7.567189179934414	8.724203394361485	3.667599495613351	4.0069981801061685	8.014047189139252	8.214880165133994	10.670419904665835	11.429272654904114	12.260121542925233	7.797689653341418	6.548351003807973	3.9508151787336385	7.019669782081947	9.211934878581994	7.941644651614026	9.78212338333211	2.9600320066209984	7.065131228487706	5.1105472714908045	1.985876795031947	8.826328292745128	6.495244956792832	8.90754638325399	8.05159547882499	8.139936251301314	8.055991954438118	12.950301569147813	10.674742514431523	17.82344393124557	12.561577491826029	11.22789413192587	4.905804603521702	6.8220156119599125	6.942264437688034	9.869955323814068	7.651394941921801	10.566121587253617	9.74189334124008	8.860639312164084	9.96772684085002	4.429528855093266	4.156138134596008	6.86436784060034	10.407591559193218	7.6360705475125545	5.605374601235444	6.710654927553112	9.217699366851965	4.996274158677896	3.9257641530232372	12.609386010886464	6.409187347371269	7.6384779609991815	6.746819446987083	1.9238718511787887	8.622140867369493	8.753261723949292	6.002667637529912	8.419541582386154	6.3508767502356225	10.750467485137074	5.878704524120783	6.276529198099571	7.90477851706462	9.064812440267591	7.165129708017462	3.7615399790768964	6.1559300963259584	8.92076050535572	6.856294945380555	7.3001692740320046	10.866960746461654	8.073309316456951	14.615145011333018	5.334298590624991	5.559462318090049	6.790771511114676	5.541586554115334	12.79463668850828	9.90486885257543	4.678557877539261	6.417629905805219	11.016586672342562	6.710574702204008	5.389006486263537	4.25233367960326	12.055228307023429	5.729420871560313	7.2434427569259	10.358423968599043	5.763766687613761	4.329422328243919	5.972690701453802	13.766255107773938	7.574713772771267	9.537038212612279	7.2754750745870105	9.164074358050064	10.232188569128791	8.944927201181834	8.336527346226953	12.377238434566978	11.410920701011248	12.86595535365206	8.416550733037498	7.622148598265787	8.127984180644091	5.540033879821954	4.810078513830684	6.9717331884236575	8.49471639351808	5.546972750795579	10.66218679901524	6.6069777363393545	7.978780508488918	5.841512821349807	9.814459155308462	4.593960313596682	10.87927849258094	5.724718457869324	16.08580446656325	14.457343227765291	4.062308490864047	9.836873204216278	11.39425282750744	8.773015022248048	10.198702319428637	4.958856969248333	3.837700172893161	7.899097426114527	5.839817926705208	5.889630468921912	9.959486172119222	7.360206177055338	8.634588694049869	5.226176125338523	13.323155655261138	8.930059172524967	6.845559730980228	12.468831423038317	11.120108954307716	8.453879893189816	6.221123184093936	6.8177971447733325	8.665141088697203	10.320360481490972	9.916876290540788	7.9610781480326755	6.383963844152549	4.982301904201457	6.970963700528871	7.406344979218633	6.939157841050707	9.998066979411398	7.728264035161419	5.549705251378676	3.87493926589657	8.923247222413094	11.342499200623061	6.473313302390893	10.40608118996338	8.094073065513442	9.117424827113835	5.344217970076998	13.651034421714302	6.860989600634108	8.306238271785872	8.732826086443547	11.958433310190527	6.688495151073316	7.685287723890728	13.280137605877053	10.85289645304517	5.286524564110248	13.583042832182949	6.228536225907575	3.818260016917023	12.178490691632923	6.649160304386821	3.99324883805259	8.16440475635162	5.983305885372231	5.250558060738794	3.950369713444241	8.327148688021342	10.39631021651744	6.302160612227946	7.676481983654065	12.479224335195449	5.034024889949669	6.67131554490884	8.818011755311806	5.281913469598588	11.992622003105584	11.824437404565423	11.823969662104927	14.315040536654713	5.989241549542534	7.499176530583123	12.27243848840564	7.932930260357054	8.428749123772334	4.916860969416987	9.091105398614738	8.815405499854574	7.478866821111933	9.45483405186199	8.179611595409327	11.083046907618929	13.64331906553599	5.5638976741253074	9.100452248602995	4.843321203206785	11.266295600103103	5.531533347918407	10.61080752824353	5.940959012262609	8.762313012542332	12.852255201313733	4.977160308038348	5.799742954326715	8.672589598251811	9.94719074175497	4.171912627564159	6.1553351279587485	5.856979010139631	5.478083734757605	11.610655554931354	3.9828214405093187	11.652821957593394	6.042999165386107	9.98785166409379	10.086838092208396	11.021148764528823	9.616053110372095	7.137251278673887	6.27336821563371	8.786035521076636	5.107709406111882	8.795406788537477	7.470690663720677	6.929289557554314	10.05289350429344	5.392126316116956	5.951109591452723	4.725279500983275	9.343569745671203	9.634092765939933	9.380973941806008	3.779424200475209	9.925318773798187	12.677965876822578	3.9417958655786047	5.515375078582849	6.205132012820117	7.213176534105606	5.999021084697808	7.80633784377458	13.504906643342427	7.678944050136646	8.902753983903926	7.898562464451922	10.96945678222453	9.124569786299102	8.069645597977074	7.5844028804908845	10.75916764339732	10.616520363885758	3.2217121516515737	6.7613351106106245	5.806391181890201	7.202762913356506	12.180287040907483	7.9191268496737	9.629479856007073	6.784999246861297	3.924794328852846	8.814148590617396	5.847507530455612	5.029366818305609	5.873687331695198	7.761497160524982	4.519317292810922	11.225259401389042	9.72361457813239	9.798392044643872	8.862080865699866	8.635413675734215	6.784743520931271	16.907690555062658	9.678817328447145	8.169580073428783	8.131924900212448	5.798859060730459	9.833400860106398	6.491116530162774	5.560534190284589	10.217265172415518	5.641099530693881	15.014384581469576	6.090430271036113	7.786134857730621	7.573692771137347	9.778082983362205	10.842915565436346	6.656383398955503	5.455028047574154	11.94709799936211	9.44589702735283	8.814703964188391	8.66890885285369	6.550059760385345	7.6424551806063254	5.293244144838179	13.37854898818638	9.256167632194693	5.621778751139484	13.751471424981057	12.665410000250994	6.464647275173026	12.022153773906615	9.933396723712002	9.90532542139044	6.998703179875327	9.41192562712356	6.902647048963128	6.274987150754496	7.232388243359086	11.900864020549824	8.511261978320213	6.940729102394985	10.985388835866233	9.804327258612608	7.5639962638345315	11.385915460458094	3.5872428431462047	9.34660489881042	6.776465987974378	5.026934880370233	7.809191409358715	9.358311078957135	9.947613330194676	7.869357878600632	12.441353354063553	7.320186863591029	7.982910036711118	5.214188622242071	2.5729499400796403	6.523796825164523	6.840097028516847	9.634358893075172	5.8421503975302995	5.776017083759837	7.144349231842945	8.270276456051715	14.826704548960198	7.828876593885753	3.8192976549644193	9.823967182665506	7.462306545371167	9.568248808311992	5.979393487059593	7.993706251922024	4.124440027387944	11.02638211989958	7.732996532904129	17.662920115173282	9.680546301650175	9.09267317811524	11.079775424419205	9.889103864494643	10.170155588463732	7.880982423006501	5.0027187776032935	6.733491213741789	9.12899205763181	7.7576859137553775	6.0725724482797725	8.919956916338924	3.091492986139539	8.89970326707569	6.257024778523985	9.496959354545602	5.609947355117706	6.316006723187997	7.546688751565128	7.4752323855239275	5.574125606468321	6.849284050354148	4.500633364389329	4.039396661430584	6.464611951452426	5.850581299154741	5.897224893743369	10.62549426276317	9.054841408503234	6.315951896918608	8.943253374781994	7.678016608193869	7.547179697160903	7.790440351995536	6.88882184286128	3.96849071382826	8.341939168819982	14.869853243518577	3.163144521029106	6.2083299644598195	5.691476117476381	7.009719996959566	4.468875923695119	8.153922695761382	8.163982125950287	5.146486550993273	6.642846950507437	6.47962664868931	9.800996851740363	8.122371355821773
G15	6.438887230276989	14.60553587413176	10.428616496977488	10.764855550962634	6.027068106987114	9.257174698562595	8.86432922995412	9.759663679675326	12.690976525489889	12.911158074932358	7.618554238291736	4.650648416058576	10.309452178437683	9.238737302118734	5.721277894491243	12.369556519250251	13.189298521202808	9.75400788794556	7.5187178884384265	2.236314647337664	8.025333361930027	9.777798612910724	11.774180324336387	6.905131132521053	11.987094651873786	11.940683830198465	8.852537494122378	9.038912307279368	7.019174525124398	9.13844746596866	9.405754901308434	8.665665092229894	9.622579999852759	17.291809395211377	8.108756843851436	5.754200289341035	7.059647334591684	7.765230383458252	10.299712407931606	7.343960520690693	10.587137853316964	18.233682993726855	3.8457024428003814	6.2451185222067975	9.79439935715522	6.165340683713831	6.775568762273012	10.52678053690136	11.068613505341013	8.94310278108385	6.947872157660557	6.9997205875915585	10.32386705536777	8.4333874077288	11.609960565378113	6.424880076766533	7.791501493999301	6.003134291646611	6.949209832022336	8.090238261784826	6.161344922846698	13.066087095578322	9.331555100258399	8.951253011291227	11.312043494961788	12.548223369323557	8.879583177902322	18.648647914207586	1.9968764511037962	7.740442298600472	6.48909683909761	14.135110427708725	10.455662543122843	4.977638218082927	6.630288920163835	10.508070510752786	7.876621328569102	12.631247222764038	8.48965927941601	10.951571537104996	11.168966150249204	6.981734825606961	4.943298994825337	13.633451975234696	7.107104443079325	10.349984119357313	7.646249008598289	7.910821796011625	4.23959900028536	5.200159390999365	9.884726084858277	15.342353317039093	12.06774687431172	7.2678411768749545	12.858318913824315	11.075994404305526	7.685049233273946	6.782412283540896	6.868856436145522	13.741642929360683	7.479978859512588	4.056356368412663	7.389931694048715	8.47919762941651	13.780679470434956	13.578634587510717	10.310127080018798	8.918052267609482	4.5904258908483655	6.205847866078585	17.646491539338914	9.22138651341889	7.289225354407035	14.053812128861537	8.428419073841933	6.9291406386324645	6.942455244811532	11.977962077561283	9.934077083506269	9.6143236313063	12.939915707737171	9.074658020467306	12.169620239684718	14.201996034835732	7.951040453754262	5.677724256388313	9.963691572653905	13.86719430757407	7.293376746048355	8.346710503709467	9.711892722150171	7.663901973570404	8.949640100521679	7.802355281271325	5.9067300733144705	6.001481208057881	9.19189924173204	8.046067681718496	7.967853437391545	15.129936916463734	10.33520981723748	5.189214039356473	7.5436858481716715	10.063604719078247	4.480716379847954	10.507090276480456	6.018257526506652	6.630573853089787	6.409251224577096	8.713785779797243	5.693902666527493	7.763654709263487	7.18031550199129	10.59812223004912	9.890729067394675	5.471557411640473	9.818812647474795	10.255362959042463	3.5229186564434896	12.010200549593211	8.367341345840096	9.444453378131932	10.40032578907452	9.100243348746575	10.437848276550202	11.505696093225367	13.79963546352889	6.220346624070306	8.582294737919586	5.827206501636283	7.231794794240266	8.207519245946708	3.031315205948666	8.27559910851781	9.012983791002723	5.148954999191727	8.897276246726724	5.780642695662183	5.101082443833706	13.849063380651694	6.878866992544684	15.11798481232578	5.016571196931453	8.636946302484507	7.668573801850604	5.895579384383109	10.191578742483502	11.184347141013804	4.872436766464815	12.845953769483298	7.033423144472659	6.986710543865893	9.678818933098647	10.34401180388897	4.970731857094434	11.357652721999639	7.92430484191628	12.72690809350577	9.774587256696575	11.469110482983805	8.780374193966804	6.5171502718105305	4.982976674075936	7.654257557776752	8.577549627269647	10.37960461436526	10.741349886271047	7.743781864333539	5.999908796649084	13.025580778375195	5.93664223044582	6.9893760806421685	10.59727977078653	11.049522718823047	11.576878402948848	8.519881749616767	13.186503955399658	14.330485327135719	8.921032334136841	13.826343392380863	7.901578034282019	8.951286509798118	3.5963516276337866	12.754088640897004	12.895853982829584	6.116467771005373	6.085071444034941	9.32617614692476	11.520947164687387	11.037101955512476	9.515897864112238	7.5468816534181595	6.39326650978569	6.495799105493769	10.718051228886187	9.894060071756753	10.233523850211352	5.429630008035927	6.760221668992474	8.211566576817686	6.513917329315944	7.031093391898345	5.441474961704932	8.227114200483948	11.400487368740615	5.278826456880643	10.746738665625287	7.9768056117088255	7.681927456792434	6.865892053581911	4.202867102499776	8.067804297371742	7.035441623775412	7.523966365391054	7.346289252046344	8.676837634114078	9.245601423033536	8.215592316706948	6.003759117135398	7.808557247400822	3.9856306973527587	4.868998305971719	8.85340806839229	10.628576199079543	5.6264562450170095	4.558958321342805	6.666534628407571	5.740078967366761	14.094216980431892	5.890175723811647	12.517892437470962	7.797176724589613	8.354805356388074	7.906625267161024	9.320956329873187	5.564608345398744	5.319736616574812	12.062697422399266	12.441964734826364	12.315711584096375	6.484435071206227	12.659964281844424	7.197590155578616	12.692857430067786	6.227336313208978	12.985430879801195	8.709132162039543	5.960105001718832	7.263735833003962	11.692973206010683	6.293917955901873	9.628583337014764	10.368549505843934	4.371806068450302	17.07274757012874	7.8187416211256515	7.182321304981675	2.986935354610763	7.949537225873527	6.619126034702307	6.700995567928688	5.6340998488086385	10.390463717870437	10.617165541415341	12.206759397159416	10.406602733481199	8.812846553072255	10.486870527167518	7.756476824985915	7.647244879776698	5.125615399834258	13.327481247777378	13.582510893970563	5.877611776574232	8.518033380395932	10.53463578336845	4.6746061452616425	6.399390361042492	8.716613404058768	7.562149259750106	6.253758135738678	5.692715221793866	7.678572134909029	8.966801417584575	8.272429841810435	11.30866061735126	5.140205757461277	8.77080285931639	7.726895144070831	10.501031168540589	10.121957302014156	8.371826850393067	5.934862031050946	10.678497149137478	8.755007656793138	12.33687232029078	5.884525873728843	5.85576641565528	5.8350540740552335	7.650212748210641	7.568658158623566	9.368145964582563	3.8683336783566213	9.108099548541201	6.437941559650184	10.152652608195911	6.9621589356991676	9.059463430162218	6.773502265991471	8.7247353891563	6.504102612329072	10.925775722182966	6.7679227627129865	7.8709760713511345	7.336381993427578	8.936273255154099	8.869277596578922	10.535129463824696	8.869501196962672	8.764605179843457	5.967095594648017	11.149426616012928	9.858866665501218	6.677321010479582	7.549915507210944	5.7163470939664425	9.34846736736648	10.772409150574463	10.851879078657621	9.136285826367796	6.975331502056321	10.197781383701432	5.59631774329819	3.8568004082467007	10.888993902420744	9.526374289570924	10.135180527001436	4.062509001569564	6.165236662616574	3.8469341774548496	9.880997892584803	10.720949243921229	4.346772184605673	8.601284901687613	8.151515227340719	7.177414209954857	6.6811871976486765	8.147874172287292	7.556878706216021	9.213242957953742	9.705725994748711	7.633260548866092	10.97441699368272	0.9943670765316938	10.58125722850652	9.46400933280079	5.965744332115779	17.08868705910825	13.563046845310305	8.888244045740928	10.47174448495156	9.726373849912665	6.858923762918665	7.558918737983096	7.854829968285509	9.706688925983125	7.763065384347386	6.613406315259398	8.232579710642822	7.714073266986193	8.699210616485548	14.031599269566113	11.219404196866055	6.04288574693483	11.664287544670414	5.7937600628052595	9.045322682515472	7.319293059592203	4.260623011840121	5.309808447145952	5.30067281894814	5.938381473461412	6.702628008058025	7.779624484121063	6.449885368960132	9.533089394887053	5.655795814298515	7.589895695020582	4.802164416550889	16.087611560712084	11.597568514103244	9.513724399684632	6.885557219170048	4.398901055832563	12.19461072615814	7.44491809772407	9.68293247562889	10.692799025517239	6.009871910140966	6.0290217186804975	12.86874305362827	6.720633863815024	4.140311573584856	3.40718717918485	12.121500279224556	10.822343012227234	6.727094286291937	12.85765597766995	14.017345718113907	12.005707318435368	9.873435039709348	9.108636067799111	5.886657965222248	8.184651868150768	8.649359807293969	6.348222195021857	8.990796508887627	7.35127665111351	7.02454550592349	5.1278918817520776	4.281221708051443	7.377730792908101	4.399618836111773	7.8020802224361185	7.36251007264379	3.545855030957638	13.6522657128813	6.203151101009004	9.238239871824556	10.873864070407876	3.8759090402874703	9.702182865054354	16.036173757846974	8.735410816488983	3.637910740135823	8.930293812885845	8.911848259675125	3.944635860809294	7.939002857826603	8.530330561598078	6.750775394390499	3.942484536621337	8.72465593010158	9.799283071940218	10.695690048114955	5.4539975347514	10.635753485623788	6.62902855239389	11.598404697021422	9.223968942651004	10.986788043968561	7.538489046573361	11.469413005516879	7.788711177883032	7.186170163903283	7.497080575148603	7.570163017138271	5.396936318210365	10.907534036567148	8.357425573991717	6.727164426593808	6.061749169333054	6.426295858156918	8.882899452756849	8.723030994152305	11.612052922380839	11.255787145021987	9.607022684422999	8.632453024212433	7.572602680022331	5.459006697885402	9.111774839890943	13.391130220445211	8.89422477205131	9.625553995203099	11.530772116330576	6.814129066357753	7.249603609258275	8.19953716076865	7.760360800653204	6.443796376713462	9.88574233116757	4.904640176697147	7.010436244802709	9.22288099566536	8.109875463991234	9.702862608713703	9.576348716552523	7.697721288720326	5.895711449378169	15.886138666115107	9.707254540223447	9.114209024730393	9.753691238187653	8.653059568491088	4.518621852349208	13.092352586627971	6.1530664662500545	4.978604346821941	5.954965809790257	5.9884566883589265	8.320946843419637	8.829842294317025	6.423636533532361	7.321896263634336	7.989087274409423	15.044784870764206	8.47888161076817	11.920407958413342	5.877103804520605	1.5121572472914755	6.012348492837338	6.961541670398294	5.93194868700464	7.600140307015924	9.989594258233959	6.74357251516111	13.01126022339952	9.81169981932811	10.189723878455743	5.511559230085484	6.415814699385235	11.377548315156146	13.715131701079173	7.641752827443263	11.029284796341406	7.155791537035634	8.12158424460226	6.734982473050719	9.540204399963251	3.2385302770329747	12.325372586912161	8.969465035599908	7.905938994165351	8.70514395064744	6.997238906661456	1.637479718212041	13.87557515207254	11.282464270431255	2.9682609319692634	9.547784456337988	7.7709561411313075	12.843115567204693	2.9356233139175374	5.37967366681545	12.243071951896615	8.605683312457604	8.541650136599406	9.67456089307935	10.324374897467457	3.8944911993339977	5.8499830088228	7.746443396196383	8.675152534506136	13.463095170210897	9.882629860329018	9.993330938899382	10.866096857735533	9.410107485320635	8.511328439735333	12.750233887061773	6.718216794328847	9.327078752841619	6.777141868634433	7.004879826649143	8.073553004448483	10.729799321886293	6.067754046703503	6.424364195383331	12.501623004884175	11.304487248767217	5.709685726296054	9.725646914553248	4.895449675070793	11.937126190406877	6.175780605286691	7.668966493570333	8.398759307786683	10.279126689690349	12.723964685441075	9.182577818096684	12.151564716916656	12.467435571772691	14.927923718297444	8.790538638738125	8.77982431456035	8.58135658008757	9.613192887007889	5.0466612930300485	14.570638594078446	14.876818809424167	7.495043830081396	18.415740850457336	7.095877007436967	4.790314035556678	7.80472439990175	6.038281830367005	9.293495548155608	5.855321960896232	9.296038666130684	10.98147698795976	8.963619619129476	4.697592595360346	5.535427972894086	5.885222404403841	7.7310355330351035	0.9936839649731583	9.575519142399527	5.979799608607359	8.516865926841005	5.750055116816158	13.309446041924595	9.4041777885887	10.779642800918506	9.646789597148809	4.745611857774776	10.7203071981984	6.853372331001192	8.993162781241875	10.909509289568811	11.336124533799545	9.08897898662666	3.964650137035398	11.208787333161592	13.788112617429308	5.111690718572029	5.946887697282089	7.001552343393756	7.321893160649673	5.988978552359688	5.389254273382892	6.278900309319925	9.071725049528897	13.006301121878323	7.736927780377885	9.83609088591715	8.447076836619525	9.722151688030774	8.633112478578438	4.728116523094074	10.901097521835547	7.723156169129974	6.2031340094471705	6.843780801568818	7.848577328183617	7.891527024932692	8.208922813461792	12.367346906621355	9.758301178383398	13.194657950381865	6.164557828491063	10.58351356208021	9.301825248208145	10.968382568617532	8.844307866985442	13.828783485916395	4.572438412999432	8.420539449190137	12.83308181243121	6.176451014119743	6.006772962179744	2.912427767460085	3.0077987318498347	10.435298136938112	10.581147128093546	5.889798424451177	3.89597007121142	5.927985706390339	7.41043933762919	5.978953809092318	11.293118668522732	6.798113996590966	5.734024291991798	6.243930733939496	6.738814767909792	8.7357444522054	4.717552529227026	7.999401318256758	4.697914541272597	7.161263582130703	6.359401753160402	14.52793084088703	8.762050334001076	8.719629455600568	12.616797290726248	7.655138210966346	9.62221988917028	10.419369877193404	9.35719271388666	15.289855129332777	5.871557337702331	3.008907209217087	8.886353842071218	4.581342101627446	12.46657568126025	11.20464276117481	9.007093515524524	6.706463310340655	5.205688881737694	13.104410290746747	5.207913328505009	10.248878856161463	5.631921642348745	7.5869241387541715	6.24058966681191	7.30647501730903	5.9264425414938255	12.358175621176136	10.462060984249128	10.0206311695594	12.210572068533375	5.935723538292908	5.18813591291783	10.278823390445064	7.10712156997982	6.172484809451384	5.16228410671864	8.35400969757222	5.868193532696742	9.742339996786384	15.653806264589901	9.107314150112135	11.90817571742984	9.484415508989938	15.296479320627837	7.383150143631288	11.355693610052327	4.761900165677604	6.419357756286791	6.9606893593696935	9.831504605271123	11.564186251668666	7.82136290255138	9.688066935602079	6.2119598576843185	1.139945504877772	6.465738803117813	10.556879660869749	9.78816450104897	8.971039183162704	11.748432942541474	8.996830840642243	3.094211441905886	13.926778200712398	14.001809311450353	9.07480508469989	7.693465773886582	13.891648144715212	8.218035797501878	11.336678743654275	10.456614755985724	9.826595250629797	14.37611455465845	5.1095727430987425	7.863825922332428	9.210114179573466	7.962008759861467	7.2279396780496885	6.618128475521546	5.966229514433782	9.97354877868494	7.860562514437213	6.709661998603547	9.73670557204385	6.163401565901255	7.952172843301922	4.8193823610436475	6.578016759880972	5.831270993741708	9.930585608367107	8.778042191348714	9.324412783644666	6.546977922248053	9.853645414387692	11.532473509887462	8.138128310482012	7.570781154550939	9.626578111415975	7.4297535240157995	6.874952312308316	6.34871517027353	6.813629542961686	9.312133920218171	7.4846627259364045	8.258716029622374	9.033852417112348	14.990931666352678	6.886533585413059	9.57629089455307	11.419023854251087	6.535789177687483	10.659290399693319	9.443079482302071	5.999303001195389	13.82058090444509	5.950532511613958	4.629780267998822	9.256675325026123	7.296857173446213	9.7899441598309	14.428841306429337	8.880596208900227	7.126765524773584	6.330255510521852	7.73644122917996	9.352213512318631	11.46355791549963	7.846448770957293	15.57158885076591	6.77334672898284	11.393679899782605	4.133741579592918	7.040333664568586	11.051056027826201	5.737832506321342	6.884113362770026	3.1058290362729006	8.37780803031637	6.926869375743004	10.491992488379726	7.601145507555781	3.9748222367451915	8.575716512112617	9.863220553760177	7.15982817327262	10.065360170408313	4.530091130253548	10.375996591711235	11.730227066259566	6.8762441587980225	7.332379220977399	9.934023163458098	9.737943099083099	11.226775524251577	8.21019689428907	7.646579511075271	2.114855115531177	7.025889003452076	10.296720316119552	4.6015448892412625	8.330499613617427	5.8418199886694095	3.9888828791026607	6.777410051449076	10.534061379488337	11.187976064078107	7.7615866403952705	9.06886291241943	6.097310671000265	9.363466479578673	6.368273821775263	7.817016053227352	11.79153706420899	11.013388753385572	6.554782149169944	6.787116847145269	7.225731374349357	9.770657882827468	12.420073317131056	5.437826691594304	8.750236022590368	4.929131319535097	13.50629229838206	7.221348165423474	10.058886425201097	8.699248287503172	9.953130132866375	7.4914048703691	2.9790378575555687	6.178025015449645	7.081800280089355	13.171023236565434	7.972406056726327	9.7137792212764	10.661250930839902	12.565429380131322	11.561108177584298	7.085105998876661	17.55324434826367	7.8447391539784395	16.62429479716486	9.635557160934704	13.935743574190743	7.712254926230528	11.598177517363688	8.518593758299673	5.7192517538284555	3.8952417107081656	9.968298739054994	7.140618763982235	5.794832361724394	9.869192215171504	5.79712788199341	10.540704568762504	7.22183272835773	9.207545358202886	4.851243105525079	11.07352034130363	6.2062400367841475	7.588887877273043	12.238668315644423	11.440002810041424	7.567517937768786	8.362137585641214	6.549584966446507	6.851958961750632	5.720170443386483	13.551948505484825	8.207136531614736	8.708470788806737	7.027446973252743	5.621687113641271	11.081345516074519	9.618614242421234	10.78809840980268	5.762567964159547	6.438906804837908	12.454263115568562	6.851337878004058	6.960071068436209	7.248342624787792	6.251991171665191	6.677731216924317	4.444811777470408	9.527269937200833	9.758306060017457	6.70725293164994	8.070344400161147	11.282406143044591	5.093093415885934	4.933119015561587	13.233097074765773	6.841344771540502	8.832397830276735	5.943922831727382	9.094373260816027	8.91792908980454	6.086836756529751	8.246698203787462	6.689028552562971	4.928987118603834	6.261603116118889	8.085849679426488	5.8382683253998975	14.034465057553568	8.832469508293691	5.067666167933459	10.699856191613646	8.890458127297558	7.877248793329487	7.838969072099096	4.927854816864657	10.287662140755797	12.52101348495002	8.888612304599087	10.549853643569007	12.309712820148265	7.742737137041586	3.8670960081492565	5.821212238767923	12.920731685944478	7.692420502033099	9.949404393395707	2.944495483408253	8.192737408155619	8.307778750136087	12.110004456494318	7.982212638535264	11.569100212216545	6.514792655674861	5.809667026781446	6.808664041812743	7.02782578071517	9.976074498161749	7.552831097705071	9.3961600668352	8.1792052718366	8.029853952498325	11.64452171779208	8.746697453645188	9.655809457464612	14.668773959860404	9.51797226757066	11.713480992628586	11.221770678226836	7.015889593277363	6.862718461597702	0.9821428725459828	10.802243738474857	7.406386499835724	11.579085991505046	5.996593795950539	9.508632067737171	4.785630220643293	10.762820333376395	8.703482393900895	7.337397021618491	12.20892158463011	6.594024777928669	12.297898932096764	3.9935557921042872	3.6462607522540873	5.890244528987692	12.024402486275758	5.202684234825575	7.049159265521954	8.856418613217064	9.812437297158409	6.573151552231732	9.46663115984651	5.939627468873054	7.755858771158668	9.773842050703237	5.740650093318305	9.720306060525349	5.828698778857416	5.000379990545874	10.733337867388144	10.692709978133482	9.88051107626717	4.001301395438388	4.609527181079626	6.952934870096508	8.130986480300427	6.241408443638529	5.085505178185217	9.05485914419605	10.99140706031656	11.39152799281993	9.806980330739512	9.123025336697383	9.648592576656581	8.684022877721361	5.683251112491101	16.65987001287897	10.717099021794715	6.539688687352672	8.94295091532696	9.03677348881025	3.765284390398994	8.728527219293925	6.61305060201709	6.280581263951215	7.158372358374803	10.671565346288139	10.551016894285954	6.535803140380325	6.781314250410939	7.605876734034627	3.950076821200092	7.594969900656604	8.891587083776608	4.731032730608811	4.769460898634225	10.080389947574112	6.915127683287225	11.217076378611747	10.409534006321795	2.978215784887066	8.975158895530628	6.687491071256428	7.742935806586563	9.761857828909612	13.69580852380814	8.347259362530963	7.264587990374325	7.591608087062261	6.706682982260403	6.22924643531365	3.91217371725137	8.805868808020469	10.478492334859547	10.587722890058126	10.802516913145185	8.395040632230147	8.839344693279326	10.095011164845427	6.892714111073212	7.654825226496061	8.650221686866344	9.65438438368805	10.714359551538582	6.603372199491598	10.039619021072822	11.6747490182203	11.879096680157431	5.789861948864234	5.4369959308728655	8.698965730605401	8.320233499605251	3.950488609044921	12.992593262565045	6.398068101716729	15.515345030423576	5.764622343480499	10.874486189745879	10.222540726720572	12.857550052802994	8.935671000346487	7.952603686884773	3.8655169226467025	6.7793254698641645	7.2888923808826265	8.316145405225745	7.426899649239413	9.396529634642873	10.88175311595055	7.610899406617759	1.9642128607520937	9.632624733345404	10.56321663932971	6.9793818671686605	10.593594428845888	11.48774693950868	5.888851009022012	5.537595214131909	9.253858699832444	6.2346607838897805	14.465680086337997	10.69887020682369	9.567557304205447	11.481250587799336	14.524284044378373	6.742209772507653	10.66358956159663	8.501585292486169	6.90430530761874	5.213092197999087	3.869683646578092	9.110944810676953	6.993437507008351	12.214920634277313	5.207215476938194	5.355889385888795	7.833722067334563	7.362255549251476	8.14586235481152	12.806480929391332	9.561008864526832	7.525506639874096	9.143733879553027	9.691802151096834	14.511041752724113	5.116068954207337	6.832106785705574	5.358908658105515	10.830152093450177	8.302125793234355	10.9757559256628	8.769718854853467	6.98325729702424	10.590421530113769	9.729217117694745	9.406183825981696	3.962735687595533	6.978525780916075	3.930682649154648	10.04193894660053	8.898204707725373	7.978413772576874	15.164562849807973	6.880159889293849	10.550591384403278	10.575874097736582	9.175467583226308	7.71111147931123	7.330014739078788	7.5755728535271265	4.832856192219384	7.971345800428203	5.000846102475742	10.53927720397178	6.4406343171729805	8.730539805919529	6.788835870792013	7.370182452841546	8.130494242124264	5.095440188909416	5.771429808119511	6.740304072789924	8.183412043083976	8.694031058875138	8.385255168621503	3.9757764066046146	7.964030726340558	8.869941541147078	9.255007271808259	7.718640684902658	9.344885708180538	7.189052554494397	8.751718537034517	4.574007456442142	3.1038624365668204	2.956188077927335	11.110248286746161	9.253614635706153	3.955145082409521	3.98610511891173	9.03562997120195	10.167251309072228	7.538793575411388	11.414049630890121	7.857011990912237	11.023433511226122	7.647726869087639	8.79926674512375	7.788132758187153	6.207775605935044	10.186922873591906	12.403892101809689	11.561320853607972	13.655099094572991	8.567317493071144	12.956587309876532	5.849834370789758	10.728580373570528	8.748995798631608	6.7355201729997765	11.967166285405288	7.657644047303754	6.760568446702481	17.695820196432283	8.103203430094222	6.72350741712733	9.9202379645247	5.302176106684034	7.665153966590058	17.457915334259074	12.738543014112727	7.741905540411932	9.104786806972527	13.475773921598995	8.669447969872317	10.446025469281212	8.727816208340467	14.004532739503915	10.542352378649573	10.102832731314725	4.831971278830974	6.036939257651694	7.933627815668193	2.9729854536828704	12.371663114478856	7.452865114143697	8.502545236250961	10.09543988150521	1.9877571232013742	5.9820651740824	7.195123697275282	5.79597936366974	6.806301751228561	8.991942544088465	7.120338853407431	8.235076423168156	5.900923098474618	12.26839972987698	8.315587812907218	8.440038282865416	5.338134178108695	10.625458076685092	7.836482982291847	12.945874493709304	12.772484575173527	4.8946199814423625	8.921875210802318	4.854738910634006	4.514521900087386	7.973001988864838	8.62513100426195	6.566415661713666	6.855410103323044	8.675189372641704	10.213126096918813	5.443527294240592	5.4242862644520535	8.72103904230062	11.263409297743113	8.95039101331773	5.821552115856162	5.0693456537451915	9.663953345260408	7.267024172296939	9.156823707506222	10.933399708430219	6.947655062793188	12.135721137958283	5.944980061733509	7.570640842888922	9.078617855805396	7.1572466009835765	8.727356871184991	1.969777649280475	10.567523543842961	3.253996078510171	6.419192324367419	8.620686556731698	3.9860168751081444	8.376073058627295	8.087968111577732	6.5396686297219	5.671909685274619	9.889483920643267	5.108797069331392	9.264216309974005	9.094708525717934	6.133619166785671	6.851992769429932	7.848909180122409	10.120597122308242	7.0137748386436956	7.398167385932964	3.9806962320658403	4.936692060445978	6.347591204723466	10.635653929162244	7.827832581682167	11.63402860969501	8.671441952933105	10.874053105101803	9.862770123312869	7.606324245477999	2.9481981700308926	7.987457069204103	6.8292886829258705	6.7948366560787266	7.93581019871343	13.253440695113436	9.376197592128912	8.697405555090373	11.123607311250897	19.146615402237433	7.648474021416126	9.667285743424278	8.688960386903306	12.411833605569573	6.725981752961053	10.174726996801244	11.894456992505054	6.586007557298342	8.337685035559629	16.857242042308524	11.558791961267326	8.337486838633643	8.672630970363903	6.8527686802331065	5.557595923367354	8.222913247955901	3.9341024446802964	8.293528609026978	8.637394182486041	1.974966097893767	6.948074933547727	12.80117025152308	7.0307715325577185	6.5917730039390126	6.798352279530852	13.995210234664583	12.13572696292734	8.479013938262637	7.129350230082883	7.151420220649754	8.953599581755784	5.614027838567328	7.949802180925048	8.319872577840892	5.860894119829132	9.72117704432121	7.644421348858863	12.80078581317871	6.437338016465776	7.970711155345253	8.451331619204534	8.56852280241304	7.6405067752568305	5.866485876628304	9.717911932351734	5.259151677621807	6.234032605527254	6.596908219983369	4.9559167755158215	8.658668263129929	7.573858625980943	8.622539024228105	6.317834070201346	6.980237390913016	4.998513388937713	10.479834130100851	6.018404324022138	7.506052902305567	12.313892350129576	13.639943262265838	7.594682874658379	11.867893739460225	10.17155523789983	7.143703994293829	13.728705986004385	6.842063535502554	8.617312722156996	5.379092957770572	14.569845999637387	13.964799051454376	6.914719041388585	8.62463157836017	7.969336354462861	5.954602563928865	6.0412439601062395	11.222638637151872	7.2823148586492685	6.482751599409235	6.187237692538799	7.427290246848986	3.902431533763273	5.143687495540648	9.013665319961623	11.392529542306118	9.653455245088734	10.90359379773513	9.830133358261593	7.535549870018111	11.58556171644806	4.940774270405143	5.368330197232156	7.665563568969016	5.282225378067963	10.068095819463968	2.9326642403994234	6.905251518705437	7.9471990970735975	6.051091716716508	7.510449197332284	8.228041476041506	10.247700895446313	3.9255442216279075	5.769262856812917	6.8843789318723285	5.558247189976489	9.26948582508033	9.226960264760375	6.126308953454495	5.739675526893132	10.331620053272008	5.827514688743335	5.271348244377581	18.091132666575728	6.728372787946743	4.959671710429026	6.072113444260525	0.9946844247470111	10.134624503846528	12.916486656062043	10.750705405430223	13.035497127430187	10.203686584464249	2.94963593989853	8.213936299934588	6.185838066330338	8.285537881498707	13.505641340114781	8.706959121564752	5.004833767329785	10.128350024649329	10.632244903615936	7.26566481008471	11.022532335505957	7.177575295664647	6.963205075404341	7.9221113263616445	7.770620048948456	5.746394178242145	6.241695813555736	6.959262093642593	4.037365822402094	7.2152695236225055	14.378510785610937	1.9460856599265937	6.341889179143673	11.701715814976984	5.920338876467819	2.9598958464464586	4.3848490504038455	14.44173334451459	14.088380471741438	7.678897171394602	6.5336569894091125	9.633577619227633	8.053835256182488	6.102551715100248	10.341886360373818	7.360935803174109	11.390282653296568	11.896090844442972	8.917523325565307	7.690350787980511	9.516326280337084	14.467147308666556	6.750598554852175	8.547505304624314	8.022467548071855	5.726492826163859	10.076809706474258	7.756124757617561	6.992450867949977	4.197913107214134	8.98244085786609	3.845687079673072	5.899511937707772	12.458090702374824	8.716789572875374	14.03383201696575	5.9483292139057005	7.692693316465448	9.813492783270217	6.834871228355199	6.366107216690834	10.590291781816038	6.066176262382864	11.221555733173265	5.718870471734507	7.907095614586668	7.322299697151876	8.213810546740033	6.346213130034164	14.503674644063745	6.532478921851177	4.650985944662629	10.819985666469503	10.243219927528681	2.692392388099685	6.997716606699142	6.90611699435958	6.71588333124812	12.988913109756302	8.227099231519048	8.984689730161314	6.930151661129291	12.052928516285544	9.322089718708286	8.271800926618031	6.479497935840139	5.188493053779444	7.522391077656106	7.82577822667923	11.029928183217539	9.33478641488466	3.4416104395241414	11.25530681894032	15.252431913042198	8.344874367578438	8.255423996062556	7.994894261125977	9.916758112940611	7.9170870119831465	6.743709003972889	10.658637696072065	9.621463051691821	5.00343240220432	11.747522019495655	10.608114561543102	9.963783927142478	10.615053138114401	8.977170347048727	6.295101104828556	9.668073260228265	6.554254698369495	6.503858147735261	9.651621666930488	5.556875598497383	7.158441566418135	4.058632876640379	0.98794523430599	6.138719268295713	6.315338283202936	10.762600511553616	9.528234211794821	6.696232909611827	8.864566277513962	7.5107917722155015	5.067145511251913	11.338413277134844	6.376048703932759	10.93188071268969	10.707472236616232	8.73822340190818	7.473644309698831	9.921259002580214	6.136580901424741	6.239147498122737	9.550608724711378	9.792906059240156	7.517265251927003	6.797453588924559	6.718951958714414	11.795821919814978	7.988129617407734	9.862155320083751	9.524356916798	6.925698802904112	10.452448728656856	10.41147106052118	8.25817542865182	6.2808554217123	8.1783038703321	10.266087716046316	6.980528606321735	6.717280362871679	7.382652988514406	10.243465909435166	4.41518482973523	11.389890377676917	12.486926727827901	5.661193943051903	5.909471621741703	9.852797248255946	9.372628232479745	5.289462691872638	7.051253460222114	7.306567135922921	6.000178310615034	14.418771656080231	12.6290749221604	8.865957047062256	10.467813762444012	9.71626456225756	9.976263994197659	7.05561343939078	8.839438944025467	7.57350645280426	11.061444983920198	9.870473002246726	9.503665406524037	7.667986167530635	7.235936618226667	10.223109617480006	7.925513340421714	9.695696019116399	4.028146064928692	7.727893781934341	10.634051657598393	2.4763095460772657	4.766394800198408	11.746963708479083	9.92453981678609	3.7871071040885025	7.925725493178758	6.691600400465081	4.849457327414959	8.086518194696254	17.409946807942035	8.184368884887096	4.733252677405913	6.043775112224438	12.846823955878484	9.723096949839558	6.37623361331912	12.62715224838963	4.791247147142004	8.08522900929037	9.552868512589084	6.931437742811842	15.284004658290018	8.704088188705272	9.581935257763197	7.902311776472816	6.337154988443084	4.111907045905393	11.315393287754114	8.56180720834518	7.441371414718655	5.809663778213969	6.488733298573457	8.927594433835084	6.761936616347306	6.696930256224875	14.287560920192314	10.457613030567074	4.778303389479352	8.868568880733166	6.348812531221657	8.00020564914848	9.916040264815397	9.468071051878201	8.7973292646574	7.972187861091227	9.303706349647907	5.994361670695495	3.9333173579615	9.376213226881125	6.726158926926508	6.906587862440234	7.981393024137761	11.928092465390266	4.1710734124739	8.494376448187138	8.78744759862641	12.33015649322714	8.283401422794228	8.092040566429105	8.397625485250362	3.8449118951064927	13.705104093305945	5.617627617188554	10.155336850227464	9.604835611798553	8.9808144557967	4.57183584479337	5.100244019665068	10.434349972503522	10.074839244212939	9.836749000402415	6.191455151102631	8.76267854037083	7.446403789419141	10.60757771536911	11.269678484230154	6.401848833590375	6.995691690756188	3.8726066393441885	7.6212134739208715	1.9580944253472354	6.673830753004241	6.87059345292962	11.552695140780395	9.283099072951412	9.62923883250423	7.116104163688373	4.116399610765524	6.7988118757431995	6.985583649826025	11.136604013815884	14.086407768617622	9.165791564386625	10.249383722270986	9.870255009750393	7.245525441036598	8.956491988511608	12.653173674978275	8.970768853442804	9.856590762150216	6.468776842375421	6.900732072286949	10.716982658372437	11.194703014491301	11.39587651454131	7.262802293809793	6.783110801144143	5.446489740868289	7.114978518638694	10.3185552480835	9.88405355298536	6.6085989688206075	9.280540529322623	13.80628764541232	8.325653424730199	4.995841276379198	7.593150727022655	9.534817179721761	8.51494343762897	7.3560232968097745	12.639646993658609	5.77860637966133	12.323724534697483	8.030984871396347	8.973678796086087	6.593356799402648	4.94778087353636	6.148362341286192	8.857313835572915	8.712101311007935	10.476698670707261	12.545787482076099	8.858281638296853	8.425129389071774	9.899235214858848	4.884200520963783	7.395376988806966	8.424226066865238	10.303559480231854	7.112736775013289	6.533898994234344	14.618605842294166	4.85945876971449	6.363867932280697	13.276103632278184	11.480811971242296	5.132779634902292	10.379359559604014	7.31720367584934	6.2555037547491565	9.632202135441394	7.656148080577429	9.772897272783753	4.9247884370583455	8.765959137336822	3.8882351444304084	9.62692781896157	7.805596710942772	5.807713149161809	12.680930364136065	7.497405418528502	13.95161109126831	10.76461842603271	6.846774496133361	9.848812496557054	11.003983264759603	7.854422729351939	6.307145673414961	6.697137937476786	8.614816688201715	7.733163377603684	7.862447097115009	8.379237344503494	9.31754941454667	5.375242497434765	8.256762988207692	10.005829324553705	6.268766794449269	9.985976344303351	8.937569754909914	7.292376876058876	7.134709013881858	11.291111698603629	8.841771291286493	10.007756777030274	7.801796210146901	11.120419109856744	8.677222065466365	12.83614180016019	5.815514859401894	7.1660437853904355	15.236863707120893	8.022902928455927	7.704435844214294	6.177710895962812	6.972415428134778	8.747328659842895	12.032618142653455	12.962274094481415	6.766998010158924	7.57856424218619	6.751690489026547	7.726990444368598	5.798664000891869	6.448177072367156	5.884941989249871	5.820891942898984	4.75858249817456	6.778302998820371	8.554605786120625	6.909430384338137	8.882170417275232	8.396841109739242	5.49431797223634	7.349813787027479	6.793864256144885	7.489989252452886	5.889275686616449	5.83281985545823	6.743904744935953	9.532661144866585	10.26589786712854	8.909990342202844	6.921304026697777	5.893117511402325	9.125930140594502	9.79724813643083	8.916965035655418	10.353114598352086	9.78928340485059	6.505883565408995	6.331737125209518	2.7257305076979925	5.603069207479051	7.761210669839665	3.941624419221689	6.5473794787961594	9.029637807336902	11.181548405505737	6.1373160264324	11.004177460816624	14.133433074287142	13.561076158877098	7.19439970589685	10.861753711230413	7.358013634133074	12.950339460017219	10.686958628211464	5.556580456218441	7.809193499923696	5.6747802358083845	7.613372792724837	6.977348449239788	4.857320502485716	6.940289198981786	6.672939790785051	14.44964808738472	17.87189601913785	8.262472925272368	6.7716939046271145	3.990070212208089	14.79326971645649	7.5887708156881395	7.886211984103456	5.914347313279787	11.275876905195018	16.192293395658552	15.50179567306276	3.882295543456245	4.975619599724317	5.967171084722011	8.924786938283113	7.646575887950389	10.084043167898951	9.802769380505213	13.817664107026944	6.63706566001651	2.9829494564310455	11.289644772542848	4.726944882456312	12.607394956948674	9.069788632473466	8.54531713403721	6.964787324090598	8.336639115230506	11.575054862769077	6.88085462825177	3.6551378942708617	5.83000961551516	5.733708233793439	7.686308284234114	8.80525670552887	6.69436089395581	7.9228934051866	7.92172076929887	8.235173302637065	9.856502029204865	10.321114356262312	5.201239594732585	4.771425388316974	9.629544455306386	9.972741894180675	1.9824426100391792	11.214690973025423	4.873571538298776	12.35520423423766	2.9554074537496278	10.228934867617358	8.869249960234372	7.378796691276148	10.105464678411582	7.127930330269828	8.84185841711213	8.160287419408037	10.724604079235611	11.366709137461504	9.160484888671125	7.956808428826745	9.68324202029192	5.73589405464957	8.558142459703033	10.23948159284888	7.301085114704524	14.757644786718451	7.7265795504146215	9.585561968763203	9.753648514714815	8.962087600211536	5.97819183510731	3.8356273527134648	7.323137098997372	11.929737392465942	5.045619523585732	7.756896879516998	4.797748483702603	10.014558713511994	5.646190875848912	8.941170852139154	8.382929245488093	12.604496783935565	10.683802766612594	7.534797160058275	11.835077882856128	8.932823691921538	9.536115373348574	6.074928123163052	7.660150711012851	9.540475087036592	6.010693921264735	7.1219494597802555	11.726893076797234	7.908703094219301	10.444405648290973	10.88442820565777	11.869393529535685	8.05818617724818	8.917351353779102	12.812012920208122	11.06130771766657	5.965313219891438	13.568151144089695	9.76287211346038	10.133256371316786	12.670843025077788	7.77435548642052	8.099937577176362	2.983406715729447	13.702685291667079	14.615765561514266	14.507134299807284	7.853075003329983	5.305862146341333	20.239688056003708	8.712829764819995	6.426144883275418	9.117815097159447	5.032546057759949	7.856049501707659	11.119192957428538	7.329839060256976	6.465082267744111	7.885889560967676	6.5977614488249285	8.644891287984636	5.977012526697584	3.5329752388118103	6.958910410997342	8.778830771425	11.991478309795713	8.04562268791659	8.915245847367284	12.51839728349517	5.830489721522647	6.765218085135128	6.988691438170066	8.009194433718196	12.36204175217453	6.855293278188998	7.839986593144471	6.066224779709442	7.785475762298122	5.995942105323436	6.865783252871704	5.790366285498453	4.008782800816907	4.7935698570213505	8.688505430823422	11.063464560129567	4.984891259666828	9.623207495653919	7.726810499044985	10.787789333489025	7.848348000262186	9.339570499417738	7.612867560991123	5.940234803086818	8.252917367314195	9.090879616357832	12.239750260302454	7.9003505802865135	9.969381309368542	9.742871160475183	13.176478483813817	10.096977518640232	5.655447756842822	11.869632439704356	4.934972309983553	7.660370242952789	6.349448604804029	10.783749546190512	7.841658901465496	6.938467256815333	5.06535552148037	6.275899993727536	10.670196263385279	6.258598037281247	11.816214400143659	8.651723991639779	5.96137871266322	8.893530889143756	16.63267440108093	9.243029393372037	3.7898730986516203	5.833991966408589	13.424534430197312	7.147880595018161	10.572710810697721	7.610584965749247	5.311823740989104	11.004698849017823	5.907759774847697	10.019461261730724	9.47014424324336	8.74380225335482	9.590874908670699	5.942235023973934	4.347636818913003	5.283873288136575	9.694315979664953	9.13756228233999	14.51826831674739	8.59344122473606	3.9803392111681632	11.824148433073342	7.291243906762443	9.716990197862362	8.35575858939099	8.682920183481835	8.479939375665653	6.9954692531380775	9.884828643405765	7.711749311448457	6.95600398537175	6.947609953853329	4.706504635332204	10.789967895404727	7.187550031498217	2.919019455747631	4.4335733263918655	7.1964169251500625	12.947738001966792	11.284297239224923	8.879117276703704	11.61392335120673	5.531006389830735	13.183830110084365	5.9404594810571965	6.4700096657548425	7.679422283935145	7.134207127124895	9.46626984868404	5.846103968808168	9.245165836651092	4.867234706281619	6.58895978455122	7.123013378092225	5.845221959162803	12.10441237530533	9.134860646930388	6.865100970176426	7.7530763789078945	9.038510277249031	9.029995709460449	7.187535937242478	10.266424267841066	11.634016326847966	14.157862011176862	5.911966948072141	6.919115469153402	7.436149579548896	6.743693262782939	10.201119623569761	5.688971913193247	6.8241964120260095	10.663309560062979	7.94741183473828	8.714589827891835	8.09669177195071	7.720109771752901	11.205095191775035	11.1035146186941	10.075989185635494	4.736066433699153	8.82488107809995	11.648301107020679	9.012316016005766	10.437516959460119	7.7967573250452595	6.52680537504169	2.9013270585383655	8.747372223315999	3.990325368556439	5.1334884751844	8.528451647178391	8.955000094154471	10.234014054746671	8.286538024525715	6.9520573789515545	9.002878259764366	13.771094960726407	6.13550358811358	7.171828840720251	14.720799027227004	6.506843440393892	7.7982408377202	9.045995236925698	7.641342542144964	6.917568429652824	11.949831630360496	6.455959823596303	11.430774200346136	12.031126905880067	11.862274283312548	13.87146029127713	7.20594275684067	10.558746299135283	7.002477497824194	9.71502977768277	7.920742518765125	8.547139094531868	5.7113469239027514	12.509192010705044	12.002017356945128	9.036358044574138	12.041563741506286	2.999774931032445	7.745196936046658	6.320157680147805	8.792898905578559	6.049602741898603	7.733783561832888	12.834070110761479	12.758834512789045	10.044044791756688	6.436883650982283	2.947762176825069	6.7542412227149455	5.733249504326878	9.041921303011483	14.402570304921507	7.446431133006914	5.670113705738747	5.511936982251965	11.476043199985751	13.624720323424198	6.086855218504123	11.140169775437833	5.772439723590966	6.974188045593616	12.541675095754814	4.48995302939423	9.035012077162394	5.834733018244429	9.71072642494913	5.657291233073834	6.832857731809201	7.613058019161187	9.850974609375832	8.055489563185132	8.584330034819217	8.404762820192843	7.938106173568158	6.916512182294859	9.386416298834202	13.661890484077155	10.352212769203893	3.9817958245205696	5.198428319210537	7.969580595193383	9.814811333793548	12.479056706686812	3.8518048779236196	5.012955711256983	12.580287495602493	11.413839606691555	6.031138720476178	5.937339234038771	9.821578544667679	7.186816349142526	11.936220762078653	6.328070016818696	7.8530421103961014	10.767872414231688	8.379162539843518	5.738611222631574	5.095612547327601	6.249283683499782	7.365181308581652	8.746478580421778	8.528886029648978	12.520750334008325	6.832602243163575	7.679978421462418	6.142328969607183	5.227296296108701	10.223594866913192	9.51839393010423	4.872095905118045	6.022231865909003	5.744663505814727	7.262817180954505	10.604189040211125	9.999484838411872	8.683113398736793	8.681437231366564	10.187567195605071	5.20833789621229	4.921138746494571	8.825419429929777	9.900376707653527	5.336922318676602	4.788775198373389	8.506358567966418	8.777198154245315	9.025097745056826	7.310768082894698	4.52050511206709	5.840257624945751	9.49516109891967	9.369184953904854	7.494202056945112	6.089630675606199	7.274887950788955	3.8510573493731166	6.332664591954706	6.37107377572432	6.828907621147121	9.919820064509091	6.025373129305076	4.3748853777080665	4.816821979985674	6.009669769507187	2.982707327355685	12.29117357285984	6.952066682910391	7.267113061335114	5.846674864160582	11.632721856728955	10.634730885904341	6.52460677079318	10.518602918428927	9.07788198575626	11.019454739460288	7.168283544958434	6.095534155166563	11.869635114672139	6.342058365114146	9.607206183894833	7.088958925216829	4.705832420066049	6.3035388379782455	7.269166713235766	8.871694774024562	8.417729624749647	5.822654737679516	9.692679705959971	6.879284238730488	11.967237744987937	9.653882341130185	8.772546777657263	6.266987513218787	16.27699472457094	11.117528479320674	10.58828874448427	7.614018688347382	9.129149620694347	6.834543875188948	7.482627825442059	8.908528033926157	6.3391710625552	14.727428367208898	11.590802024312614	6.931978864111066	9.183764972130446	6.353849531036259	10.577006107656775	9.583406967520206	5.276225133199382	9.077805733720458	7.915476162873781	4.049193732957309	5.214410552055302	7.895649133744842	5.35089176421396	6.400708036309357	5.833885145738423	11.77312264343027	6.010162555562426	7.901810861250337	5.38198829035929	7.537686522565513	4.845410248511213	4.514770860105852	6.991388796565282	15.03142074151389	5.72040056364891	12.562589283698061	8.573024381312488	5.1496426989141595	5.5502238397955805	6.532622316628787	9.47422775229581	5.934263739455688	9.520591379239859	6.894178727958734	9.264453090149571	8.933841416735966	11.575162527934943	6.723068210674407	8.620444264424755	8.79474737182087	3.0902828097786132	9.69858087093158	9.823387676127071	6.4535614698300305	5.153967699874333	6.022511369920122	7.075562111960782	5.955988530641467	7.6281405273684175	6.82898027222752	10.603759845813427	4.578590791610305	5.6099876277721386	3.956073536383328	9.668183031983956	6.885291154371164	12.307733162921515	8.636092568525937	7.748495722320311	8.035122937933371	6.515670962996795	13.505872962894818	9.044582148539579	5.943469840775406	8.986897848711255	6.780019209028798	9.72766047406254	6.828875959227383	9.730006324997168	6.967584752248709	11.621946564906247	14.798834492251405	12.26886470576145	12.090971921979595	5.566433040544604	8.63900830520608	10.629121519087425	10.469968789726394	11.467829441358477	10.452450714225122	6.680679980410312	8.775900068243427	6.475211622236005	6.679386558195242	6.7674571678641335	7.6927475248920825	8.153140580469618	6.043762616286339	8.731352493132196	6.508871937549436	10.77690940847596	4.225424662430649	6.43025410811844	6.795517588214007	10.80055119507611	9.999435496391845	7.706156486632096	6.776112618183299	9.9114125108337	8.779953576403175	7.5455210166317	3.218763177611996	4.715686041105129	7.589513527614076	11.893235457109979	4.038743638240117	7.142068278443672	8.536663142687962	6.0263298067898825	12.716943847334175	3.9215164517320837	8.580103569596476	10.724404574143897	8.722839414592443	6.79598531582264	9.849241416134673	6.359168312146513	6.085311424421991	6.884446947054618	7.714769841635538	6.6203141917756145	3.009972374585727	4.202155486760294	15.766828453426236	6.787537542694328	7.236183999502318	9.847405490954474	12.38790561103487	11.215062510514333	13.503457605817417	12.311426677343087	13.117907732632613	8.484518731026409	5.948407143860533	4.9277063521863465	12.418854923828832	6.800473265573573	11.751879234285472	6.999447977263215	7.034951371295945	5.49796441042908	9.184633435289271	7.347880223028427	6.189877595641134	7.026675667081956	9.693559327068316	7.859141776314323	9.349662420247727	5.876967938702117	9.857856198160793	8.66971617254099	5.714636327452057	6.8111786349584635	9.468623150486009	5.357741730388342	5.926222768100458	5.399745986216882	8.503324503306457	0.9927055814517532	7.480447293136319	9.866773355403328	5.495102066601549	10.221094542981609	9.929383975159734	13.640689179697015	6.495244956792832	12.146654158982713	10.529009472309601	10.174920314126643	7.518925824142244	9.71272617686086	8.006056885823643	6.9313393065955	6.908867620504316	8.554586005276853	5.886965524226041	14.402032958582037	7.934016500214896	3.9479821295256268	4.5908369651530805	9.86171348143671	3.4792476218714574	8.055126647421893	6.977408788595013	11.812076946915376	6.531074211508011	7.8449918178289595	9.183169022817545	5.454336105366111	7.7073900766987355	7.269876171515872	11.8513277573811	7.994038653884634	7.8515283060464744	11.033212759525655	13.401028089958107	7.6384779609991815	6.746819446987083	5.771615553536366	5.748093911579662	4.376630861974646	10.004446062549853	6.47657044798935	10.055554854539736	5.375233742568537	4.898920436767319	7.845661497624464	9.880973146330774	5.179892823010052	4.60615481229694	7.523079958153793	10.465081163754128	9.911956117061912	14.398219385299166	9.733559032042672	9.659520663521471	7.400533540085538	6.820401005288742	6.40115830874999	8.59189630977553	7.31313855043119	7.0529283416013335	15.993295860635351	6.190543032859643	4.678557877539261	5.704559916271306	7.573903337235511	8.627881759976582	7.005708432142598	7.441583939305705	11.301776537834463	6.771133757298552	6.129066948168068	12.300628462711364	4.803138906344801	7.576489074426859	8.959036052180702	9.83303936269567	9.847127904602646	5.563272290690496	9.458117596963113	12.218765810733418	8.313653212417142	8.256855878014001	10.610125713379759	7.735774021604362	6.5205261148635705	9.80263265040157	6.312413049778123	8.892506697976751	6.966843583409222	9.848949119683473	6.94789118664432	5.362871683402814	5.40572861405696	6.656367300954694	4.846448545006927	3.3034888681696772	6.981432944927803	6.815098291574774	7.549583965621895	6.6357204529729845	8.703422794064751	7.871487879570321	12.734595202695907	8.261338987294453	7.616828420370088	10.820560524637907	6.836551696504465	8.773015022248048	16.99783719904773	7.934171150797333	15.350800691572644	6.911710247850211	6.901603004287972	3.926420312614608	12.449357715149027	6.133505147546115	9.868101364628423	6.7940289629400805	8.882103770174092	10.990842058492266	5.867622626554481	9.84381428134604	3.9714674836813266	9.66157702078836	3.958896571696141	6.8177971447733325	6.354436798377948	6.0708002832299846	7.791831371139191	6.965943379528591	3.1919819220762746	6.97522266588204	7.96681565774728	7.406344979218633	5.9478495780434635	8.49835693249969	4.6369584210968515	6.05422391059492	7.74987853179314	5.948831481608729	9.830165973873319	7.650279357371055	8.805145622276706	9.565722713788613	7.9777467237246045	4.809796173069298	8.775664985387765	7.388758031452117	6.921865226488227	9.980372670221197	11.254996056649906	7.7174944050845955	4.9405421082154675	11.717768475773871	9.183220075653605	3.700567194877174	4.851086725779624	8.304714967876768	7.636520033834046	9.742792553306339	12.559525019397327	1.996624419026295	7.347964280716459	4.986088237810193	5.250558060738794	3.950369713444241	8.967698587099907	7.623960825446123	4.583389536165779	6.716921735697307	7.019563688547439	6.712033186599559	6.004183990417956	8.818011755311806	9.39006839039749	8.17678772939017	2.9561093511413556	10.24744037382427	8.287655047536939	7.486551936928167	3.7495882652915613	8.181625658937094	10.096456694999887	8.955545944008106	8.741086167852421	15.384947597655712	8.264442656113664	5.983093456889546	8.272979795379241	8.69083732012241	9.127215100392059	14.401281235843546	8.902236278600492	6.825339186452247	9.68664240641357	11.970439075109546	6.222975016408207	5.787713197223744	8.168818641861087	4.8679516736346296	8.835925450903192	4.977160308038348	10.63286208293231	10.006834151829013	3.9788762967019875	8.343825255128317	4.103556751972499	13.910325149081624	10.347491498986585	4.88869707576057	7.9656428810186375	14.14985523422055	14.352123017792003	12.292740509653898	5.603798940115775	7.3474325096858815	1.9232106220744192	10.70587691801083	9.410052323450564	8.786035521076636	6.810279208149176	12.460159617094758	10.918701739284066	4.797200462922217	4.761896923086367	8.473341353898073	7.5741394800307384	7.350434779307316	7.78630812139267	10.200804105112871	12.06125221089344	5.399177429250298	8.271098978165156	8.007136343256365	1.9708979327893024	9.376137633590844	7.23932068162347	11.147636461799573	7.998694779597078	8.782130074246403	9.646361888101733	5.48496003581189	11.276821712944972	5.923921848338941	2.9916700315157807	11.079834740506051	6.052234198482805	12.008637894110567	7.685119745283799	14.699797426918744	10.470564492867615	6.7613351106106245	5.806391181890201	7.802993156136215	7.44350874722124	5.656519178338357	4.814739928003537	13.569998493722593	4.905992911066058	11.017685738271746	7.017009036546734	11.316075341187618	8.009573634129815	6.726630872454985	10.975484853969382	6.735155640833425	6.141230259873088	4.899196022321936	7.498683809438349	6.71643285890439	8.723241669768777	14.492306190053705	5.807290397068288	7.6589813188394835	8.131924900212448	3.4793154364382755	7.023857757218856	7.572969285189903	5.560534190284589	10.855844245691488	3.133944183718823	12.76222689424914	4.4294038334808095	5.989334505946632	4.868802495731152	5.866849790017323	5.914317581147098	6.656383398955503	10.303941867640068	6.258003713951582	9.44589702735283	11.018379955235488	6.192077752038349	5.458383133654454	7.005583915555799	7.9398662172572685	7.869734698933165	10.490323316487318	4.088566364465079	10.515831089691396	11.258142222445327	9.69697091275954	6.411815346083528	11.46161160428308	5.943195252834264	5.998888439893138	6.274617084749041	7.888739484529289	10.196854119976058	7.7489874035990205	6.300457422644024	13.476164799007003	5.949196373481416	6.102993797703463	7.189839989649245	9.833195142984891	9.86779339906368	10.761728529438614	10.68183417006905	5.808399418263752	7.819676480575919	8.32980416998263	11.517921327947244	14.09245221777579	3.278899116083597	9.331015015547665	7.320186863591029	7.982910036711118	7.169509355582848	9.005324790278742	8.154746031455653	6.313935718630936	9.067631899364867	7.789533863373733	8.664025625639756	8.243479882895706	7.518433141865196	10.144587322972766	4.817770211622002	7.092981359219636	7.859173746132404	4.974871030247445	9.568248808311992	15.375583252438952	4.91920384733663	9.795545065046367	11.02638211989958	10.632870232743176	9.252005774614577	12.584710192145227	7.79371986695592	8.705537833472233	5.2354079282618695	7.119108911924613	11.821473634509752	6.503534410884282	5.179608625955222	9.12899205763181	8.354430984044253	6.624624489032479	9.55709669607742	5.667737141255821	2.9665677556918966	14.078305751678966	9.496959354545602	7.012434193897132	7.464371581949451	7.546688751565128	9.966976514031904	3.3444753638809925	6.849284050354148	5.250738925120884	4.039396661430584	12.929223902904852	10.40103342071954	7.076669872492042	5.795724143325365	5.174195090573277	6.315951896918608	6.558385808173463	10.470022647537094	9.164432489409668	7.790440351995536	8.767591436368903	5.95273607074239	10.908689682303054	7.826238549220303	2.635953767524255	5.173608303716517	8.130680167823401	3.2352553832121074	8.937751847390238	5.435948463840922	8.163982125950287	7.719729826489909	9.133914556947726	8.835854520939968	4.900498425870182	9.371966949025124
G16	9.658330845415483	12.1712798951098	5.615408882987879	7.894227404039265	9.314559801707357	11.725754618179288	10.637195075944943	6.506442453116883	9.806663678787642	10.49031593588254	3.809277119145868	9.882627884124476	7.363894413169773	5.978006489606241	6.7615102389441955	12.369556519250251	9.718430489307332	5.68983793463491	8.09708080293369	5.59078661834416	7.490311137801359	11.282075322589296	5.887090162168193	10.357696698781579	8.46147857779326	5.970341915099232	6.128679803623186	8.473980288074408	9.826844335174156	12.565365265706907	9.405754901308434	8.665665092229894	4.558064210456569	5.763936465070459	3.3786486849380983	9.939073227043604	8.688796719497457	8.412332915413106	5.664841824362384	6.119967100575578	8.143952194859203	11.098763561398956	7.691404885600763	14.051516674965294	7.835519485724176	12.330681367427662	10.840910019636818	8.612820439282931	7.993998642746288	1.987356173574189	6.947872157660557	8.99964075547486	6.452416909604857	7.228617778053256	9.28796845230249	10.440430124745616	11.687252240998951	9.277571177999308	8.01831903694885	4.314793739618574	8.625882891985377	7.349673991262806	8.087347753557278	13.42687951693684	10.683596634130579	9.652479514864273	6.906342471701807	7.852062279666352	8.985944029967083	10.643108160575649	9.733645258646415	7.852839126504846	9.84062356999797	14.93291465424878	8.287861150204794	9.699757394541033	7.314005519385595	9.122567438662916	15.281386702948819	10.951571537104996	8.066475552957758	5.370565250466893	10.592783560340008	15.337633472139034	11.25291536820893	7.081568081665529	10.194998678131052	9.888527245014531	11.305597334094294	6.760207208299174	9.884726084858277	3.9776471562693945	10.458713957736823	5.191315126339253	8.840094253254216	13.631993112991415	8.64568038743319	9.689160405058423	4.371090459365332	12.12497905531825	12.239965406475143	7.533233255623518	6.5688281724877475	6.937525333158963	7.295653837289094	8.729122234828317	6.511659208432925	8.918052267609482	6.120567854464487	7.447017439294302	11.508581438699292	6.706462918850103	7.809884308293252	8.78363258053846	6.622329272304376	4.94938617045176	4.6283034965410215	4.412933396996262	9.934077083506269	5.76859417878378	11.577819317449048	5.871837542655315	4.867848095873887	14.201996034835732	9.938800567192827	5.0468660056785	7.970953258123124	12.32639494006584	3.927202863256807	9.39004931667315	8.569317107779563	6.705914226874103	8.949640100521679	9.752944101589156	0.9844550122190784	4.000987472038588	7.966312676167768	12.997493947391416	7.967853437391545	9.07796214987824	12.720258236599976	6.918952052475297	8.123969374954108	8.050883775262598	9.521522307176902	11.90803564667785	6.018257526506652	14.73460856242175	10.254801959323354	6.777388939842301	8.54085399979124	12.615938902553166	6.154556144563963	6.744259600940349	9.272558500682507	7.903360705702905	11.551544291146818	11.833111106587458	5.284377984665235	6.005100274796606	10.45917668230012	7.420641939960804	8.56497417923784	7.00018719134352	8.350278621240163	8.629272069919026	7.885505979159366	3.958402397135649	10.142711962995874	4.079044551145397	6.50861531481624	6.313476343035929	7.5782880148716645	5.172249442823631	8.482808273884917	5.148954999191727	7.626236782908621	10.918991758473013	10.202164887667411	8.078620305380154	6.253515447767894	9.826690128011757	6.019885436317744	11.515928403312676	6.710002076619278	8.039426433249695	10.82855241388872	6.291195266820265	12.99316471057284	5.928901739761523	8.115488243622298	6.986710543865893	7.970792062551827	10.34401180388897	7.953170971351095	4.782169567157743	14.263748715449303	8.908835665454038	5.864752354017946	10.035471672610829	8.104960794430896	5.865435244629477	5.9795720088911235	5.740693168332564	4.288774813634824	11.976466862729145	9.76486353297368	11.062545520476483	5.454462542408258	8.955086785132947	9.894403717409698	6.9893760806421685	9.84033121573035	5.099779716379868	7.717918935299233	11.927834449463473	9.065721469337264	8.429697251256306	7.9298065192327485	6.145041507724828	15.803156068564038	1.9891747799551374	10.78905488290136	12.754088640897004	8.597235988553056	7.645584713756717	4.8680571552279535	9.992331585990815	11.520947164687387	7.141654206508073	10.19560485440597	10.062508871224212	7.192424823508901	12.269842754821564	7.794946348280863	9.894060071756753	7.675142887658514	6.108333759040418	9.83304970035269	11.197590786569572	11.843486053301715	4.519988609077508	6.046083290783258	6.464161157523102	12.160519859989988	6.78706258741797	11.463187910000306	7.9768056117088255	13.059276676547139	10.034765309081255	8.405734204999552	14.522047735269137	9.200192892629385	6.019173092312843	11.019433878069517	8.676837634114078	14.288656744688192	9.756015876089501	4.002506078090265	8.784626903325924	5.978446046029138	3.8951986447773748	11.066760085490364	13.580958476601639	11.252912490034019	5.572060170530095	4.615293204282164	10.204584830874243	6.342397641194351	5.354705203465134	0.9629148028823817	11.69576508688442	8.91179238014728	5.47381749264994	6.6578259499094194	7.419477793864992	6.915657601547257	8.514845239340659	5.332270600639871	6.4819534653138815	6.484435071206227	9.328394733990628	5.997991796315513	9.1670636994934	17.903591900475814	9.378366746523085	8.709132162039543	7.043760456576801	5.58748910231074	9.744144338342236	5.72174359627443	8.344772225412795	7.975807312187642	7.10418486123174	13.820795652008979	7.8187416211256515	4.788214203321117	1.9912902364071752	4.968460766170955	9.026080956412237	14.359276216990045	5.6340998488086385	12.988079647338045	8.983755458120672	7.709532250837525	7.66802306677562	12.880314192951756	6.991247018111679	5.429533777490141	7.647244879776698	6.1507384798011095	13.962123211957254	6.791255446985281	7.4805968065490225	11.073443394514712	5.54454514914129	7.2716095592958885	5.688346987593326	11.041043645141105	15.124298519500211	7.296051158361791	7.59028696239182	7.087912739916026	9.963112686205085	8.908770598872778	16.96299092602689	4.626185181715149	3.898134604140618	7.726895144070831	6.825670259551382	5.623309612230087	8.371826850393067	4.855796207223501	9.152997556403552	10.70056491385828	4.934748928116312	5.884525873728843	6.506407128505867	9.076750781863698	5.73765956115798	8.733067106104114	7.026109473436923	8.703750776302398	10.626116139964735	10.300706495440295	8.883571032171423	2.983782401013929	8.412358899436345	9.59579487682125	6.398139285381288	8.86923083499419	7.563998576895899	8.271905598871427	3.148390428540454	3.056825830594824	10.425652131013114	10.84022817359646	10.535129463824696	10.234039842649237	8.764605179843457	8.950643391972026	5.574713308006464	4.929433332750609	8.680517313623456	8.38879500801216	5.7163470939664425	6.23231157824432	4.039653431465424	8.936841594188628	4.9195385218903525	9.300442002741761	8.587605375748575	8.954108389277105	4.821000510308376	3.629664634140248	6.6684620026996475	7.239414662143883	7.617204377942933	5.65146694073186	6.594744304208313	10.869097681843284	9.746317494473844	5.976811753832799	7.819349910625102	7.064646530361956	7.775532060784428	9.250874581359705	9.401393275716107	7.053086792468286	9.213242957953742	8.411629195448883	11.025820792806577	10.97441699368272	5.966202459190162	4.069714318656353	10.725877243840896	4.971453610096482	14.240572549256875	6.781523422655153	6.348745746957806	11.219726233876672	4.863186924956333	7.838770014764188	12.598197896638494	6.872976222249821	8.68493219693227	8.957383135785445	7.630853440683921	6.03722512113807	5.656987062456541	8.699210616485548	11.692999391305094	7.212474126556749	5.438597172241346	9.99796075257464	4.740349142295212	7.107039250547871	5.123505141714542	3.728045135360105	10.619616894291903	7.06756375859752	6.928111719038314	5.745109721192593	5.834718363090798	12.093535066800246	10.327513511127641	7.198285581834473	8.433217438911758	8.6438959497916	11.491151114794345	8.434595282984178	12.441024214972211	6.885557219170048	8.797802111665126	6.455970384436663	9.926557463632093	11.619518970754667	6.014699451853447	9.444084430221517	9.646434749888796	12.86874305362827	5.880554630838146	6.210467360377284	5.110780768777275	6.734166821791419	4.809930227656549	7.688107755762213	13.61398868223877	9.070047229367823	6.860404181963068	9.873435039709348	7.084494719399309	8.502950394209915	6.925474657666035	5.766239871529313	7.5024444122985585	10.988751288640433	5.776003083017758	7.60992429808378	8.717416198978533	6.727634112652267	10.78283731271184	6.285169765873961	12.353293685523854	12.270850121072984	7.5982607806235105	12.465112172630754	9.821655909930923	8.006474555581281	7.908264778478455	8.720795340646808	3.880873146021742	1.5272546436044738	8.063456138297523	9.45856792435314	7.938038944787418	5.94123217311675	7.889271721618588	11.114604000957245	10.236396673917694	6.750775394390499	7.884969073242674	13.571687002380237	9.186827879943955	4.278276019245982	11.589744761346724	10.010120927645918	11.600799966689307	7.732269798014281	11.529961178313755	6.278164596553464	9.692343059880036	5.213369547962217	6.676038152471171	9.23936163930422	4.284046042942059	11.355244525707407	10.79387263642073	8.570205314445616	7.7604666044208805	5.979701712527829	10.304973587866192	4.4984071007098425	4.70271147498892	7.087462682748749	6.830619366106376	7.503858096681325	12.008778355528749	5.035597597457253	6.56292232268602	8.87088588406378	9.762615899883153	7.30425284751557	7.90597757515672	6.663845073602145	11.530772116330576	8.053061623877344	7.249603609258275	6.93806990526578	5.820270600489903	6.98077940810625	9.88574233116757	6.8664962473760065	13.241935129071782	6.148587330443574	5.614529167378546	10.673148869585074	8.103064298621366	2.8866454832701223	6.878330024274531	9.531683199669065	5.177202421452505	6.683753284802289	12.192114047734565	7.691608505325411	9.539312799403882	9.819264439970977	7.383679759500065	4.978604346821941	3.969977206526838	3.5930740130153556	8.320946843419637	9.810935882574471	6.958939577993391	10.25065476908807	10.842332729555645	12.537320725636839	6.217846514563324	4.966836649338893	7.836138406027473	7.5607862364573775	9.838388442824735	5.967035717484252	3.9546324580030934	5.7001052302619435	9.157128070047795	6.181608138897683	13.82446398736199	11.914206923469848	10.189723878455743	13.089953171453026	7.217791536808389	10.564866292644993	8.914835605701462	10.18900376992435	5.804886734916529	10.733687305553453	9.745901093522711	8.807284772450942	8.904190773299035	10.795100923443249	8.216915057941442	7.33865321094538	12.21826935461918	8.70514395064744	5.997633348566963	8.187398591060205	6.93778757603627	8.273807131649587	12.862464038533476	10.34343316103282	6.799586623489894	12.843115567204693	5.871246627835075	6.455608400178541	6.121535975948308	6.25867877269644	9.151768003499365	2.902368267923805	10.324374897467457	5.841736799000997	7.799977345097067	6.778137971671835	9.398081912381647	5.128798160080342	5.558979296435073	7.8519028805638	5.926961922401199	6.642428813167507	10.513993954967177	12.750233887061773	5.758471537996154	13.99061812926243	4.840815620453166	9.16022746561811	10.495618905783028	6.131313898220739	9.929052076423915	6.424364195383331	5.883116708180788	7.267170374207496	6.228748065050241	9.725646914553248	5.983327380642081	7.724022829086803	8.749022524156146	9.586208116962917	12.598138961680025	7.709345017267761	7.634378811264645	2.160606545434514	9.113673537687491	12.467435571772691	9.12262005007066	5.409562239223462	6.438537830677591	14.042219858325117	6.408795258005259	8.831657262802585	6.7996313439032745	9.917879206282779	7.495043830081396	6.784746629115861	6.30744622883286	10.17941732555794	7.154330699909938	8.721962643863451	4.646747774077804	3.903547973930821	10.070708554974908	0.9983160898145236	6.971704148211815	9.982384265140736	6.642513567472903	5.885222404403841	5.798276649776327	2.981051894919475	9.575519142399527	5.979799608607359	6.5128974734666505	6.708397636285517	8.87296402794973	2.9388055589339688	4.146016461891733	9.646789597148809	8.304820751105858	11.694880579852798	9.489284766001651	7.3069447597590225	6.060838494204895	9.919108967074601	5.78389571876242	7.929300274070796	8.571425607711806	10.724087591333905	5.679656353968921	10.902627445017163	7.001552343393756	6.2759084234140055	7.985304736479584	8.383284425262277	11.860145028715415	9.896427326758797	9.945994975554012	6.189542224302308	6.8852636201420045	11.69595254301165	5.185147566949746	8.633112478578438	6.304155364125432	12.35457719141362	9.653945211412468	9.304701014170757	9.885461157821625	4.185907908364595	12.823731415515624	6.716391392832375	7.557823109601939	8.457194354598945	10.995548291984887	8.966629568714273	13.890861550230277	3.986496534946348	5.806790771621046	11.256391830708743	5.92662149396417	6.096584550665909	8.420539449190137	5.922960836506712	3.3689732804289507	12.013545924359487	13.591329581480396	9.624955941919472	4.695884161622151	6.550233936438862	8.834697636676767	5.84395510681713	5.927985706390339	10.498122394974686	9.964923015153863	11.293118668522732	9.270155449896771	6.776574163263034	6.811560800661268	6.220444401147501	6.7944679072708665	6.814242542216816	9.599281581908109	10.066959731298423	9.309642656769913	7.949252191450502	6.779701059080614	7.965500303637342	6.539722091700425	9.462597968044685	2.1871823459903843	7.21666491687771	7.640871243275163	11.228631256663991	12.875667477332865	9.785928896170551	12.035628836868348	5.924235894714145	5.599418124211324	9.533263756257838	11.904932933748235	5.542826778784322	5.748397123149133	5.205688881737694	4.169585092510329	5.207913328505009	8.784753305281255	12.06840351931874	10.296539902594947	10.400982778019848	7.868511557102032	5.9264425414938255	7.996466578408088	12.87638274984508	17.53610454672895	10.989514861680039	5.935723538292908	9.799812279955901	6.3254297787354234	7.653823229209037	11.222699653547972	7.74342616007796	10.632375978728279	6.455012885966415	8.118616663988654	10.435870843059934	9.107314150112135	5.95408785871492	10.839332010274216	12.237183456502269	10.222823275797168	6.488967777172759	11.42856039762625	8.559143675049055	8.567002288455008	7.865203684216898	9.636821876390554	4.888351814094613	4.844033467801039	3.95306536398093	7.979618534144405	7.0045503700442975	5.278439830434874	12.046971693598731	9.967821314625228	9.545601765814947	6.35070412280629	7.219826697780401	10.293705626613512	8.236358418500208	5.293636299408269	5.770099330414937	9.261098763143476	7.704408560158011	6.478102139231014	3.2676921112455384	11.338379135342073	9.5840763697723	10.219145486197485	6.880847682040875	9.977623694537922	4.976255474913417	10.513366804435911	9.626368691667704	9.943715857389636	2.992064633605482	9.170656266843414	7.668185141261197	7.650268663748738	8.902691150746257	7.340467239971005	9.638764722087295	9.568024378008687	8.746906490612563	5.22662400440374	10.327108460410251	5.9942653609144285	9.52287697781535	7.038318153134066	6.919484105932477	4.069064155241006	7.570781154550939	0.0	4.245573442294742	10.803496490770211	9.234494793125133	8.38600559133746	7.4497071361745375	10.478527816310967	7.708134960980882	5.55929379514606	14.990931666352678	8.85411460981679	8.618661805097764	8.564267890688315	9.803683766531224	10.659290399693319	6.867694168946961	12.855649288275833	4.935921751587531	5.950532511613958	7.201880416887056	7.521048701583724	7.858153879095922	6.730586609883744	7.557964493843938	13.724557777391261	8.314559778902515	10.128408816834963	9.67055153647495	12.46961801642484	12.282383480892461	8.450021753338623	10.38105923384394	4.838104806416315	11.393679899782605	6.200612369389376	8.665026048699799	12.524530164869695	8.867559327951167	7.649014847522251	6.7292962452579514	7.819287494961945	7.459705481569388	5.6495344168198525	5.262331505230925	8.943350032676681	4.2878582560563085	5.5480615614901	11.137510491757409	7.908497276749389	10.570212637258278	4.150398636684494	5.131974341488561	8.84088534702603	6.204320879288568	6.953816214420669	8.346808370642655	9.54275919561384	7.578643287036064	6.117263608860217	4.229710231062354	7.664606185584083	16.303140500522627	8.052703556172208	10.602454053694906	11.683639977338819	4.9861035988783255	6.256070816722223	9.02919546813286	8.243771836689131	8.279025749754956	14.649701627754464	7.205912611182132	9.363466479578673	5.837584336627325	8.52765387624802	11.09791723690258	7.126310369837723	6.554782149169944	5.817528726124515	8.831449457538103	5.86239472969648	10.22829567293146	3.6252177943962027	4.922007762707082	5.914957583442116	14.856921528220267	4.4439065633375225	5.416323459723667	11.598997716670898	9.123702621794179	7.4914048703691	2.9790378575555687	6.178025015449645	10.895077353983622	8.231889522853397	11.95860908508949	8.74240129914876	7.107500620559935	5.799428944675995	9.520912616834128	7.872339998751846	8.395029905691322	5.229826102652293	6.333064684634233	7.708445728747763	8.068062069268324	6.426879105192107	6.7656035517954844	12.450252415976445	6.759115709069993	6.81667299373929	8.434714317661918	7.650662961409537	7.726443148965859	9.869192215171504	9.66187980332235	9.729881140396158	9.388382546865047	7.892181735602474	12.613232074365204	10.335285651883387	9.30936005517622	8.673014716883479	10.306247002647936	13.58500333692419	6.810766143991907	12.221585702091005	8.061027651011086	9.592742546450886	5.720170443386483	8.559125371885152	8.891064575915966	6.842369905491007	5.946301285060013	9.837952448872224	8.865076412859615	8.015511868684362	10.78809840980268	10.564707934292501	12.162379520249381	8.562305891953386	9.787625540005797	6.960071068436209	6.690777807496424	6.820354005452935	7.631692819342077	6.349731110672011	6.351513291467222	8.457198585348463	11.49814788282847	5.86934138193538	13.700064602268432	6.224891952749475	9.161506743185805	7.0057572748759975	6.841344771540502	8.832397830276735	10.897191858166867	8.336508822414691	12.102903764734734	15.217091891324378	8.246698203787462	7.718109868341889	7.3934806779057505	9.392404674178334	7.4638612425475275	8.757402488099846	7.017232528776784	9.511890239700898	9.572258317207645	9.053724469826932	6.1549325496675396	6.892592694163301	7.838969072099096	9.239727781621232	12.345194568906958	14.086140170568772	16.96916894514371	6.329912186141404	9.2322846151112	9.678421421301982	2.900322006111942	8.731818358151884	7.1781842699691545	6.508971194028007	4.6820726557156265	5.888990966816506	5.851955291539728	6.646223000108869	6.811877506778054	12.771540221656423	6.170186779848825	4.510241069313365	6.971600432137734	9.53212965853784	11.713042967858616	4.364532592945765	10.070441463606763	11.409622938299886	5.033357090360985	9.368162944581378	8.317515512708628	9.718552726272431	9.655809457464612	9.779182639906935	12.690629690094212	7.320925620392867	9.24145820559857	7.015889593277363	9.607805846236783	11.785714470551794	12.24254290360484	13.46615727242859	8.4913297271037	5.996593795950539	8.87472326322136	4.785630220643293	8.80594390912614	8.703482393900895	12.673685764613756	12.76387256574966	9.524702457008077	12.945156770628172	4.991944740130359	4.688049538612398	5.890244528987692	7.214641491765455	9.88510004616859	7.049159265521954	11.808558150956086	7.5480286901218525	7.58440563719046	5.011745908154035	14.579085605415678	10.576171051580001	7.330381538027427	7.654200124424407	7.477158508096423	2.914349389428708	8.0006079848734	9.757579879443767	11.664774521600162	8.46900949394329	9.00292813973637	8.066672566889345	4.966382050068934	7.588920714947065	7.376209978845535	9.605954225460966	10.447914397149288	9.992188236651419	9.381258347028178	12.070129637833244	4.976195638198573	13.668839483596823	11.841849378710949	9.29986545680362	11.359002281508388	6.819972104778455	7.545794639253082	7.266147618703155	6.626967225127516	8.606364320911986	11.6380362923919	4.069569601241286	11.165477802579938	8.180996980999774	7.1143768975254265	9.440383536992696	8.169753925475407	5.812555071780805	7.062599824460725	8.887672847700207	2.7618072366024013	5.334952250265965	8.279307278565419	9.53892179726845	6.366562072152071	9.220170244382967	9.721466194796847	10.409534006321795	9.927385949623554	10.96963865009299	10.031236606884642	8.710802782409884	5.857114697345767	8.90227554047529	5.738740811740037	8.475352655436714	12.146572939299618	6.706682982260403	11.93938900101783	6.846304005189897	4.6619305454226	8.866416591035001	14.116963853410835	10.802516913145185	4.722210355629458	3.928597641457478	12.424629125963603	8.4833404443978	9.046611631313526	6.178729776333102	6.814859564956271	9.285778278000105	8.070788243823063	10.597375633354646	7.296718136387687	11.879096680157431	10.000670638947314	8.699193489396585	8.698965730605401	8.320233499605251	5.925732913567382	8.932407868013469	7.56135321111977	4.848545322007368	7.686163124640666	9.320988162639324	3.0667622180161715	8.035968783001872	7.942818666974656	8.94667914774537	7.731033845293405	5.214865746049357	10.52840010571935	6.397034927096726	6.2842997032025805	9.396529634642873	6.9247519828776225	12.938528991250191	5.892638582256281	4.532999874515484	8.69911958533035	4.985272762263329	9.93149477704302	7.384980175398437	7.8518013453626825	9.844613714012283	8.020010873188118	11.689988969793339	9.20543278221509	6.877845132958087	7.654045843364358	4.783854411583056	7.644360023357039	6.742209772507653	10.66358956159663	6.2344958811565245	8.87696396693838	10.426184395998174	12.898945488593641	12.147926414235938	9.324583342677801	6.398291760811925	10.414430953876389	11.901976413086212	9.038910077693727	7.362255549251476	12.58906000289053	7.826182790183592	10.357759603237401	6.367736387585773	6.649988276038566	10.33792229450329	9.928607515021762	7.308669934581911	7.401449017847705	7.740645839485744	6.768845058406361	10.566341918661907	6.456327015095764	9.50052875942459	8.978473667602595	10.590421530113769	11.350753303977202	10.03326274771381	9.906839218988832	8.141613411068754	7.861365298309296	6.870800331884573	8.898204707725373	7.978413772576874	13.648106564827176	10.584861368144383	7.218825684065401	12.086713254556093	11.469334479032884	3.855555739655615	12.827525793387878	6.944275115733199	8.699141145994892	8.584526246614988	10.001692204951484	6.70681276616386	8.855872186112848	5.092814886786392	6.788835870792013	11.464728259975738	11.38269193897397	6.624072245582241	7.695239744159348	7.258789001466073	8.927358592455247	10.700345918615554	9.084026432673296	4.969720508255769	9.189266222700644	12.095374828836926	11.779100164119601	10.806096958863721	7.188373621677337	2.5675187694622847	2.9172395123448394	9.148014912884284	8.070042335073733	4.926980129878892	11.110248286746161	11.721245205227794	6.921503894216662	5.979157678367595	5.560387674585815	7.820962545440175	6.853448704919443	5.072910947062276	8.979442275328271	10.33446891677449	12.56412271350112	10.75465935515125	8.761649352960546	5.6904609721071235	7.640192155193929	6.718774888480248	6.358726469484385	6.8275495472864955	11.682705672369742	6.976623936087364	2.924917185394879	13.41072546696316	9.421995475449425	10.584388843285364	16.7540327995674	7.657644047303754	9.464795825383474	8.043554634741946	9.973173452423659	2.8815031787688556	5.952142778714821	4.771958496015631	9.964700156567075	9.108477565700387	7.961589383820455	10.064477202535512	4.284605556222366	11.097696170728584	13.485807953134715	8.602609209996292	14.281881068193492	13.304306102528718	11.947999362469515	6.173953335803443	7.731154046129557	7.683377237011247	4.9585173847926205	5.945970907365741	6.185831557239428	8.80793149853346	11.33672698166795	3.88286149288662	10.932664177607558	3.9880434493882664	5.886919388679775	6.439977070744155	6.125671576105704	4.995523635604703	6.572620480068398	10.705599350118604	4.917435915395515	7.497355390480377	7.675927211914355	5.626692188576944	8.541014684973913	9.659507342440993	6.856922609505366	8.376742319458963	9.224572193180881	9.789239962884725	8.397059021931593	6.7966344748876075	5.01613544454154	6.976376740256733	13.416870451074145	4.104009788571041	1.9586886009494413	9.398121820361846	6.127875658151288	9.798349129633067	8.13642939667808	11.046649453580784	9.654350826636954	4.972439451843184	10.811453929447156	6.195866910133011	5.154108450805551	6.2288778619688046	6.7150040521712295	4.78336237243822	7.940177214620785	12.135721137958283	9.72814919192756	13.45891705402475	14.266399487694194	5.62355090077281	5.818237914123328	11.81866589568285	7.548231102744972	10.412787451232548	6.419192324367419	7.0993889290731635	9.965042187770361	4.510193185414697	12.94074897852437	10.17281786845629	8.913000934002973	7.607295323571744	5.676441188145992	8.174308508800593	13.6420627885769	8.58706683349994	13.703985538859865	7.848909180122409	7.4217712230260435	8.092817121511956	4.707924700139158	7.961392464131681	7.679298760693743	11.28460658617505	8.701898669314563	7.268701682990583	11.63402860969501	11.561922603910807	10.874053105101803	7.044835802366334	6.655533714793249	10.81005995677994	3.194982827681641	6.8292886829258705	9.059782208104968	10.316553258327458	11.044533912594531	5.729898528523224	10.328169096669818	6.845296806923629	6.382205134079144	5.463195729582948	12.64183520293944	6.516720290177479	8.031186450662664	6.208598541194818	5.3866201747771285	5.550746596502358	10.427845299055708	7.225993697485011	11.238161361539015	7.705861307511551	4.446659647271276	8.672630970363903	4.744224470930612	3.890317146357148	6.68111701396417	7.868204889360593	9.33021968515535	2.8791313941620134	7.899864391575068	6.948074933547727	7.530100147954753	6.3916104841433805	8.789030671918683	6.798352279530852	11.66267519555382	6.06786348146367	9.249833387195604	7.921500255647648	9.194683140835398	9.767563180097218	8.421041757850992	6.726755691551964	12.479808866761337	9.768156866381888	5.554958311040692	12.012662119635356	7.529874007752182	12.874676032931552	4.782426693207151	10.26233125189122	10.126436039215411	8.277215673194899	7.821981168837739	12.147389915439668	5.259151677621807	8.312043474036338	7.796346078162164	12.885383616341137	12.1221355683819	6.059086900784755	7.903994105542431	8.42377876026846	6.980237390913016	8.997324100087884	9.673693043170017	9.027606486033207	5.196498163134623	9.41650591480497	9.628195243952357	9.113619449590056	8.744763808023324	7.459140507793208	10.318683547313308	10.49842222459159	7.81950118343149	9.191800236967461	6.723866197213215	9.713230666424925	10.97234211185701	7.902536047301239	5.929434210122617	7.969336354462861	8.931903845893297	7.04811795345728	9.975678788579442	11.651703773838829	12.96550319881847	7.562179401991866	17.825496592437567	7.247372848417507	9.715854158243447	5.633540824976015	7.595019694870746	9.653455245088734	17.61349767326444	4.915066679130796	7.033179878683571	11.58556171644806	6.9170839785672	8.58932831557145	8.255222305043555	4.754002840261166	15.489378183790722	6.451861328878731	5.918787016033232	7.417385823935358	8.801587951587647	9.388061496665355	10.759746545592739	10.888182201411707	8.832474498662792	10.384673142263251	5.006821041361693	4.446597751981192	7.088430336826135	8.073590231665328	12.25261790690899	7.305041579682167	8.95407071283574	6.798767136867224	9.956991128268763	9.867890545404942	7.289070520275637	8.059466529447167	7.728144383604305	4.973422123735055	11.693797504438301	9.517411220256243	6.143260231674413	5.332703370312349	9.565956172935234	7.865695839729413	8.213936299934588	7.732297582912923	3.107076705562015	12.755327932330628	5.804639414376502	7.229204330587468	14.348495868253217	6.54291994068673	9.082081012605887	7.541732650609339	7.775706570303368	6.963205075404341	9.902639157952056	12.303481744168389	8.88079100273786	11.915964734970041	3.976721196367196	6.9211985526893045	11.54443123779601	12.461376014196144	6.811299809743078	9.160506592096416	10.970358576540923	7.893785168623759	6.906423641708404	7.516884086406592	8.023185191396994	8.324952096938121	11.944951155502713	3.0155339951118982	3.8534310476910534	11.770989989805175	8.321661429682157	3.9776486001437763	11.041403704761162	9.763099417111345	7.137654506665783	5.674787570814287	8.87348167843905	5.286847933520602	11.252225684518432	4.821856110608696	11.655689051760428	5.3483116987145705	7.873927635975305	10.076809706474258	9.545999701683153	7.575155106945808	6.821608799222969	2.9941469526220295	12.498483008937484	7.866015916943697	9.343568026781117	5.811193048583583	13.254174682689875	3.9655528092704673	8.65427998102363	7.850794226616173	6.834871228355199	9.902833448185742	5.776522790081476	6.066176262382864	7.71481956655662	9.722079801948663	7.907095614586668	5.753235476333617	7.58197896622157	8.88469838204783	9.66911642937583	9.435802887118367	7.751643241104382	3.934540242352546	5.85326853001639	10.76956955239874	7.997390407656163	4.932940710256843	9.594119044640172	5.05124398712745	9.492806805598901	5.775871969389416	7.507664299556732	12.856457084037913	9.987953270044592	6.999216168676796	7.0685432027346975	9.223987651163457	5.910450132444083	11.999526614241486	9.333016155030226	13.224280754419935	10.898433058493115	9.848393466572778	5.33835116956477	11.126499156771251	6.707531996800826	5.139574882152414	7.437568584705459	5.655062151416534	7.7812026968917944	4.844835316396392	8.017885876409851	8.75600670385756	3.9158406731652184	8.082372999270936	7.971027141713983	9.09861697552663	6.732877760286545	11.89074653134283	11.601687912273919	12.380258874697935	5.419881789779383	6.756135166851341	7.577557634314614	4.955844161366401	9.74071890393691	3.95178093722396	9.48711159645701	5.789060092936024	8.278923470425859	6.669763948256374	4.869987570626783	7.387138564594968	4.506475063329301	8.686535162146136	12.148299939787332	10.626747839887932	10.93188071268969	4.86703283482556	6.796395979261917	8.3040492329987	5.342216386004731	4.6024356760685565	7.798934372653421	6.945897254335548	7.533004660953966	11.275897877890504	11.123105872785642	6.718951958714414	7.863881279876652	5.9910972130558005	5.709668869522172	5.952723072998751	5.9363132596320956	3.2161380703559557	7.349273689779656	9.00891864943835	7.9938159912702	8.1783038703321	10.266087716046316	6.345935096656122	10.334277481341045	6.152210823762005	7.316761363882261	5.518981037169037	5.062173501189741	6.243463363913951	6.175847937874803	4.835022235970484	2.7368881245155405	10.814571037476627	13.517515768118963	5.036609614444367	4.262164162621704	6.000178310615034	13.45752021234155	10.686140318751107	13.701933618187123	11.776290482749515	9.71626456225756	4.1078734093755065	7.05561343939078	12.857365736764317	8.835757528271635	6.403994464374851	7.4028547516850445	8.824832163200892	5.750989625647976	10.451908448549629	8.178487693984005	7.132962006379543	12.9275946921552	6.545737355509125	8.693880504676134	8.861709714665327	7.428928638231796	9.532789600396816	11.746963708479083	11.578629786250438	6.311845173480838	8.53539668496174	8.235815877495483	13.578480516761886	5.776084424783039	7.56954209040958	7.672845829581653	7.888754462343188	9.065662668336657	9.27826174591224	6.076935593649724	10.095703221088606	6.313576124194815	7.665995435427205	17.517996186795802	10.287704552019013	9.064187817523178	6.113601863316006	8.704088188705272	10.380429862576797	9.87788972059102	7.393347486516931	7.709825711072612	7.543595525169409	8.56180720834518	6.296545043223477	5.809663778213969	12.166374934825232	10.202965067240097	4.917772084616223	5.952826894422111	10.085337120135751	4.575205700873095	10.239221548884325	10.839361965340537	6.348812531221657	10.666940865531307	9.916040264815397	8.67906513088835	6.727369437679188	7.247443510082933	13.532663781306047	5.994361670695495	11.799952073884501	6.25080881792075	9.7155628944494	10.853209498120368	11.97208953620664	9.088070449821156	5.7352259421516125	6.795501158549711	5.858298399084272	10.154246523834114	6.024291943850348	12.13806084964366	11.627481441115886	8.330642439397401	11.747232079976524	12.840291696430981	7.1684730707487985	9.604835611798553	10.664717166258582	6.095781126391159	10.83801854178827	6.751638217502279	11.334194149739556	12.459882067176393	8.442893387867224	7.510867320317854	10.83113278460966	8.975642682235401	13.684609587993759	7.565821348788625	7.578665998319204	3.8726066393441885	5.33484943174461	9.790472126736177	9.5340439328632	8.833620153766654	12.996782033377944	13.924648609427118	10.592162715754654	5.473926279760287	5.145499513456905	7.321797404646523	9.672346592066804	8.166842943464982	11.973446603324978	10.693423491784396	11.103499032460235	7.272819480868711	10.538946096053234	5.970994659007739	10.966083851647838	7.849422746762453	13.799227067010303	8.409409895088046	9.024034248375242	15.003775721721412	7.4631353429942004	8.356976110663627	8.715362752571751	7.304888555078308	7.080436663128776	8.408610976573001	9.581515587506107	10.590057378198601	14.04327280874379	8.73462638053894	10.51907630126653	11.353163760995725	2.9975047658275185	6.580730630086301	12.39526233363829	14.901151015850699	7.969025238210589	10.409121053601208	10.594111696045772	4.3133035871441185	12.620119083622832	9.534533720841468	6.593356799402648	6.18472609192045	12.296724682572384	7.873167853842591	4.691131475158119	11.973369909379727	6.755424028810207	13.628125597379777	8.425129389071774	8.37627595103441	9.768401041927566	7.395376988806966	12.03460866695034	10.303559480231854	6.018469578857398	7.622882159940069	3.898294891278444	9.71891753942898	10.182188691649115	8.850735754852122	6.784116164824994	8.554632724837152	8.30348764768321	7.31720367584934	7.819379693436446	10.434885646728178	12.36762382247123	3.2576324242612515	5.909746124470015	9.28160379247428	9.720587861076021	7.701542255169256	10.732695477546311	5.807713149161809	7.8036494548529625	8.86057004007914	5.744781037581069	6.663811406591678	5.793424573651306	6.894168747589938	7.335988843173069	12.138653308998451	7.453899432217681	4.783669955340561	7.657614833957081	6.0146826270250875	1.9656117742787522	5.027542406702096	7.764624512122225	8.958737495724607	9.757992622427272	7.372716344407993	3.6567806300954073	8.449672291333604	10.427164714061565	10.938565314088315	11.525299176270694	8.871587763188566	7.234176511052586	11.547411665804162	9.752245262683626	9.452356243378233	4.958412608837923	14.440659525180214	7.754019812535859	8.819746197403614	3.385969712693532	6.6857524403799395	3.852217922107147	9.266566343944218	8.581434373088957	10.337752052541603	8.86613968406044	13.772416225386504	7.382179647446099	9.852133514842047	6.751690489026547	6.181592355494878	12.241624001882837	6.985525161731086	6.473436188174858	6.652447934741697	5.9482281227181995	11.297171664700619	7.604094032107223	10.857676318245643	12.112050569011679	12.9769362605061	7.692045161130876	8.574782751532059	9.406888970046765	8.02498848477095	5.889275686616449	6.804956498034602	7.3569869944755855	7.4899480423951745	5.774567550259804	8.315990986055988	4.791672018483077	11.78623502280465	7.414818239233033	9.79724813643083	3.963095571402408	5.176557299176043	11.886986991604289	14.638238022170238	8.96996092738015	6.541753218475183	14.407892247803275	4.85075666864979	11.824873257665066	6.5473794787961594	5.079171266627008	12.579241956193954	7.253191667601927	6.288101406180928	9.976540993614453	8.287324319313782	13.589421666694049	12.309987539394468	9.364744625260276	9.065237622012052	6.187186574227689	9.029443241354967	11.713790249885543	6.190669348154602	14.380815275146913	7.514067560719771	5.397022780539684	6.246260279083606	9.53277112969293	5.779859234953888	6.498871279686491	6.713259251783798	8.706463591663434	6.982622871364156	7.7488555657629234	3.7943854078440697	11.566444243351736	3.942898208853191	11.869344110731598	12.512226714827063	6.200718269225105	7.76459108691249	5.597572049689856	9.945285141203351	6.374847813059366	5.097717258633593	7.961086711499172	12.253461725631515	4.934880038223908	3.871621635009631	7.954531883816122	11.289644772542848	4.726944882456312	6.303697478474337	6.235479684825509	6.573320872336315	8.12558521143903	11.543038774934548	10.031714214399866	9.174472837669025	8.35460090119054	4.858341346262633	9.173933174069502	8.9673596649398	9.783618561698747	11.901086033699219	7.9228934051866	8.449835487252127	8.784184856146204	6.823732174064906	9.174323872233165	8.321983351572136	4.771425388316974	8.148076077566943	7.9781935153445405	3.9648852200783584	8.224106713551976	8.772428768937797	5.852465163586259	6.895950725415799	10.228934867617358	10.643099952281247	9.64919567320727	14.769525299216928	11.087891624864175	12.860884970344916	7.577409746593178	3.8998560288129496	6.314838409700835	5.637221469951461	10.07862400984721	11.297115690340572	8.864563539003882	6.544461880949378	13.165047762234275	7.301085114704524	5.437027026685746	11.23866116423945	6.766279036774026	10.729013366186296	5.6013047501322095	3.985461223404873	3.8356273527134648	11.594967073412507	7.669116895156677	5.676321964033948	9.696121099396247	2.998592802314127	7.0691002683614075	12.703929470660054	9.754004565969986	5.334591338037877	9.003211988525404	10.683802766612594	5.216398033886498	7.608264353264653	5.955215794614359	11.00321004617143	5.4674353108467475	8.426165782114136	11.130554268209357	9.016040881897101	9.064299312447599	7.329308172998272	7.908703094219301	9.215652042609682	13.994264835845705	9.495514823628548	14.773341324954997	9.660463966594028	7.536478188357719	9.48112090085706	7.953750959855251	10.711698271649759	10.739159324806419	10.133256371316786	7.797441861586331	7.77435548642052	5.0624609857352265	10.939157957674638	9.896383821759557	7.307882780757133	6.769996006576732	7.329536669774651	6.821822759581714	8.43320335666821	11.089056064316356	5.841949893886744	9.877633021922733	6.542309875087933	3.9280247508538295	7.022648183639077	10.712841703452503	8.081352834680139	5.257259707311784	13.855299042532351	10.56597824087011	8.965518790046376	6.561239729221933	3.976520234855624	5.852553847616666	11.991478309795713	10.057028359895737	5.94349723157819	2.8888609115758084	5.300445201384225	7.995257736977879	6.988691438170066	5.005746521073872	9.108872870023339	16.757383568906437	9.799983241430589	5.392199804186171	11.678213643447185	5.3963478947910914	7.922057599467351	4.825305237915377	5.512076351123247	7.190354785532025	9.47836956089828	9.111088461283174	2.9909347558000965	4.27698110917952	11.941434407614977	9.084454175569705	6.867304500229413	12.452760665890317	6.090294048792899	9.652881555016078	6.602333893851356	9.090879616357832	7.4798473812959445	12.838069692965584	4.984690654684271	3.897148464190073	9.882358862860363	10.096977518640232	5.655447756842822	7.013873714370756	5.921966771980263	6.128296194362231	8.465931473072038	10.783749546190512	7.841658901465496	5.676927755576181	10.13071104296074	5.134827267595257	9.700178421259345	11.734871319902338	11.816214400143659	3.7851292463424033	10.59800660029017	10.51053650535171	12.474505800810698	10.47543331248831	12.885568535415509	6.563240962209662	8.725947379628252	9.747109902297492	10.572710810697721	4.566350979449548	11.951603417225485	8.003417344740235	8.861639662271546	7.156758044093374	9.47014424324336	14.573003755591367	4.7954374543353495	5.942235023973934	10.325637444918382	6.869035274577547	6.462877319776636	9.13756228233999	9.678845544498259	10.576543045828997	6.965593619544285	10.247595308663563	10.656433402191261	5.3983278877013126	8.35575858939099	10.419504220178203	14.647168012513403	10.175228004564477	7.907862914724612	7.711749311448457	6.95600398537175	11.910188492319993	5.229449594813561	8.76684891501634	5.528884639614013	11.676077822990525	10.767249506951675	7.710446705517924	7.283102626106321	9.292950667596996	10.245135319273505	7.946368608720395	7.190308306779956	9.338546327976426	6.789096549779654	12.940019331509685	7.679422283935145	5.605448457026703	11.043981490131381	5.846103968808168	8.58479684831887	9.193665556309725	10.542335655281951	9.314709802120603	5.845221959162803	5.446985568887399	6.851145485197792	13.730201940352853	6.202461103126315	9.038510277249031	9.029995709460449	9.583381249656638	8.983121234360933	10.664514966277304	13.371314121667037	9.853278246786902	9.686761656814763	14.196285560956984	10.597232270087476	7.286514016835544	11.377943826386494	9.667611583703513	7.6166496857592705	6.887756923439842	9.682877586546484	6.578562064709952	8.685123493222013	7.283311874653772	9.395281600433469	6.927242565124403	13.616190996885065	8.82488107809995	13.201407921290103	11.58726344915027	8.946443108108673	7.7967573250452595	9.539177086599391	9.671090195127885	8.12255992165057	2.9927440264173293	6.16018617022128	12.081973166836054	5.756785774813588	8.528345045622226	9.79318130171221	6.372719264038925	7.002238646483395	10.328321220544805	5.624211622437448	8.275187123907982	3.8738944808492115	9.760265160590837	5.1988272251468	13.568992855388547	9.824583268472098	4.256965187478661	13.35569417510879	8.607946431461738	8.573080650259602	6.416601016469369	7.908182855541699	3.9632743689363226	6.004952297367225	5.557234894281728	8.002831426084795	5.181349214764144	11.089039526271174	6.536047542877311	8.567020385854127	11.675245876658042	9.334902388735099	9.681812190615148	8.278575072285571	9.99924977010815	6.88461949870814	5.0561261441182435	6.838921371005545	8.066136989198137	7.733783561832888	9.059343607596338	10.3665530416411	7.81203483803298	8.046104563727853	5.895524353650138	8.68402442920493	5.15992455389419	5.274454093423365	8.510609725635437	6.873628738160229	6.185578588078633	4.899499539779524	4.694744945448717	11.14749844643798	7.304226262204947	8.518953357687755	9.62073287265161	9.0664444592717	10.190111015300786	8.338484197446427	6.625675523252422	6.365163292630286	11.329180829107319	8.743086451114106	5.694048109841001	13.469256495439023	6.895682226563082	6.444391650548106	6.974768153290614	10.696970862063619	4.961316358480099	6.916512182294859	14.861825806487488	9.64368740052505	5.9933863400654115	7.394763674109629	9.747053098519757	4.78174835711603	6.928102117971917	7.881509498960092	8.666560975328144	5.012955711256983	5.39155178382964	6.420284778764	10.339094949387732	11.874678468077542	11.92620251852504	5.989013624285438	10.9415356985721	7.91008752102337	6.731178951768087	7.8311799376230455	7.331767222363078	8.034055711684204	5.095612547327601	9.721107952110772	11.784290093730645	9.371227050451903	14.731712233030054	9.390562750506243	14.424382513345325	11.519967632193627	8.701632706943508	5.227296296108701	2.1907703286242555	8.95848840480398	11.83223291242954	9.367916235858448	5.744663505814727	5.706499213607111	9.980413214316354	6.666323225607915	8.683113398736793	7.441231912599911	11.75488522569816	6.9444505282830535	11.81073299158697	6.864215112167605	4.620175796904979	5.336922318676602	6.385033597831185	6.805086854373134	7.3143317952044296	8.461029135990774	12.184613471491163	5.525061803637554	9.733762708242919	8.229139619063714	7.807654128254045	8.85678424911695	6.089630675606199	8.833792511672302	9.627643373432791	9.786845278475454	7.432919405011707	7.804465852739567	8.059853802413636	14.310261182099556	7.499803504642399	10.597008355968482	10.38033869278514	2.982707327355685	13.11058514438383	7.724518536567102	9.689484081780153	4.8722290534671515	2.9081804641822386	9.97006020553532	6.022713942270627	7.424896177714537	3.971573368768364	14.410056197755763	4.962657838817377	6.095534155166563	8.746046926600524	9.51308754767122	5.7643237103369005	4.253375355130098	6.274443226754731	9.80550485907727	7.269166713235766	8.871694774024562	5.2610810154685295	8.733982106519273	6.461786470639981	4.127570543238293	9.57379019599035	7.7231058729041475	8.772546777657263	5.222489594348989	9.90773591930405	11.911637656415008	5.605564629432849	5.982443255130087	9.831391899209297	10.739997518154063	9.523344505108074	4.949182241070087	4.610306227312873	11.78194269376712	9.65900168692718	12.477561955399919	9.796015970272476	10.166159249658016	11.390621962091911	10.222300765354888	10.552450266398765	9.834289544863829	8.904910683233004	6.073790599435963	4.1715284416442415	6.579707611454034	6.421070117056752	7.467492709027583	4.773178755604164	10.388049391262003	8.742054626272619	7.901810861250337	6.4583859484311485	7.537686522565513	5.652978623263082	9.029541720211704	11.88536095416098	7.215081955926667	6.760473393403258	7.7308241745834225	8.573024381312488	5.1496426989141595	6.55935544703114	9.145671243280303	5.263459862386561	4.94521978287974	7.616473103391886	7.954821609183155	8.422230081954156	8.295709886969112	9.09477055766317	8.964090947565877	6.592104437501283	7.995224883473519	5.562509057601504	4.84929043546579	5.525655567821477	12.100427755931307	3.6077773899120333	8.21251550443653	6.531288103348414	5.360389677577321	7.6281405273684175	3.9022744412728683	6.747847174608545	7.440210036366745	6.629985378276164	8.901165456862488	7.734546425587165	2.9508390661590704	9.230799872191136	4.857802069795839	3.8742478611601556	12.052684406900056	10.859451604994659	6.752936481447409	9.044582148539579	3.962313227183604	12.254860702788074	11.622890072620796	10.872091118069898	9.105167945636511	4.865003162498584	5.972215501927465	8.716459923679686	9.249271557657128	10.224053921467874	6.448518358389117	9.462936168925827	4.9365761744034735	7.730270195699946	6.97997919315093	6.071203821895665	9.222750630198638	5.19608442920802	4.3879500341217135	8.633615496314674	5.46495263852338	4.83389797704581	3.5899488449496384	8.96845463851658	6.7992329433221315	8.731352493132196	8.875734460294685	8.980757840396633	6.866315076449804	3.7509815630690904	3.883152907550861	6.988591949755131	6.666290330927897	10.595965169119133	6.776112618183299	7.158242368935449	6.828852781646913	7.006555229729436	5.3646052960199935	5.239651156783476	12.143221644182521	6.343058910458655	8.65445065337168	7.142068278443672	10.365948101835382	7.03071810792153	7.948089904583859	6.862653790531146	10.725129461995595	13.022491268603304	10.308810217245615	5.750449113388388	9.849241416134673	5.829237619467636	10.142185707369984	7.867939368062421	3.857384920817769	6.06862134246098	5.5182826867405	6.828502665985477	7.883414226713118	6.787537542694328	7.839199332794178	7.221430693366614	11.56204523696588	6.168284380782882	9.645326861298154	8.394154552733923	13.889549363963942	6.526552870020315	2.9742035719302664	8.869871433935424	8.035729656595127	7.846699921815661	11.751879234285472	6.999447977263215	6.532454844774806	7.697150174600711	13.202910563228327	8.397577397746772	5.158231329700945	6.486162154229498	1.938711865413663	5.239427850876216	8.681829390230032	10.151126439576386	10.953173553511993	9.336617416582605	6.428965868383564	6.130060771462617	5.5697783238152985	10.715483460776683	9.877037946834095	7.559644380703635	7.794714128030918	7.941644651614026	6.329609248038424	3.946709342161331	11.775218714146177	13.415186587663362	13.901137565223628	16.850263104331606	12.17858429398656	13.766208046847074	8.05159547882499	16.958200523544406	5.370661302958745	8.903332328789121	8.673228292975613	7.921530636109143	9.421183118869521	7.4852627546172466	9.811609207043404	10.612024285270975	7.934016500214896	3.9479821295256268	8.67158093417804	5.635264846535263	9.74189334124008	9.666151976906272	8.970954156765018	10.335567328550953	5.93734019228001	7.8449918178289595	7.346535218254036	9.272371379122388	7.7073900766987355	8.38831865944139	14.484956147910232	5.995528990413476	6.870087267790665	11.033212759525655	4.661227161724559	12.094256771582037	4.8191567478479165	7.695487404715155	3.832062607719775	7.65910400845563	8.003556850039882	8.419541582386154	7.938595937794528	13.975607730678197	8.818056786181174	9.414793797149358	5.928583887798465	11.654758851772618	4.0943598331528355	7.523079958153793	4.309151067428171	11.894347340474294	8.227553934456665	7.3001692740320046	10.866960746461654	8.073309316456951	3.8973720030221384	4.800868731562493	8.086490644494617	3.656569275215595	8.564270129087333	11.994971895476512	7.428651639431572	6.7579169342233785	9.269909863940871	4.8197566691498706	6.710574702204008	7.544609080768953	8.50466735920652	10.5483247686455	8.85455952877503	6.686254852546984	7.1214164784118426	6.724394468882721	9.200022447518329	11.945381402907604	5.899823617617402	9.08965652732552	3.9737659219217827	9.458117596963113	10.69142008439174	5.755606070134945	6.192641908510501	6.820795101458416	4.641464412962617	11.410920701011248	4.901316325200785	6.838447470592967	6.986969548410305	11.030835673731268	6.7711525197823885	11.757969700475003	7.508020356763939	7.7224694486528005	6.101670025875137	8.723607381012469	8.258722170424193	4.986737817805574	8.76226923202471	14.3442095346816	7.656600522661137	10.87927849258094	10.733847108504982	6.702418527734688	10.326673734118065	7.109039859012082	5.902123922529768	11.39425282750744	2.924338340749349	7.649026739571478	5.950628363098	9.594250432232903	7.899097426114527	7.963388081870737	3.926420312614608	10.789443353129156	9.813608236073785	8.017832358760593	6.271411350406228	9.622279084355267	9.616986801180733	6.845559730980228	7.218797139653763	9.531521960835184	9.057728456989087	6.786679837193384	9.544916002682665	8.087465016117388	9.106200424844976	10.625224597007987	9.951347685040844	6.383963844152549	9.964603808402915	5.97511174331046	8.464394261964152	1.982616526014488	8.998260281470259	8.243481637505514	7.063261229027407	5.812408898844855	3.9658876544058193	6.805499520373837	7.650279357371055	4.002338919216685	9.565722713788613	9.687263878808448	5.878639767084698	8.775664985387765	10.027600185542157	8.998424794434696	12.475465837776497	9.848121549568669	6.173995524067676	7.136338600755676	8.593030215567506	15.027087396524081	7.401134389754348	4.851086725779624	6.747580911399874	8.72745146723891	7.307094414979755	6.649160304386821	5.989873257078885	8.980845231986784	5.983305885372231	8.92594870325595	7.900739426888482	10.889348284335602	9.010135520981782	7.448007996269391	8.636042231610823	13.259175856145163	9.229045631574394	4.669920881436187	7.642276854603566	7.042551292798117	8.17678772939017	3.941479134855141	11.035705017964599	9.794501419816383	7.486551936928167	8.034831997053345	10.908834211916124	9.37528121678561	12.116326865422732	6.555814625889316	10.489736998401622	10.468294031077306	14.209846960112673	10.045761180103366	6.645934421270079	13.038878714845797	12.127394724920881	7.2330669763629	6.825339186452247	8.717978165772212	5.633147800051551	6.914416684898009	7.7169509296316585	14.109777654123697	4.8679516736346296	10.442457351067407	11.945184739292035	6.766366780047833	8.672589598251811	7.957752593403975	7.300847098237278	7.694168909948436	6.589101386407085	9.13013955792934	6.721958479170784	5.974232160763978	10.820477532051008	9.819873643752423	8.451259100387054	6.164178834127353	9.796576679581175	8.654447799334886	5.70980102293911	9.410052323450564	3.9049046760340604	3.405139604074588	9.528357354248934	3.448011075563389	5.330222736580241	7.936494871810611	9.243645113343353	5.410099628593384	6.825403723642508	5.450415684974869	9.067381426766996	7.370765239990434	8.638683886800477	4.962659386899094	9.341659067132426	7.8835917311572095	6.066912586441134	6.205132012820117	7.868919855387934	12.664600067695373	9.757922304718225	8.68172569929156	5.48496003581189	8.902753983903926	9.873203080564902	8.975010094547342	11.731589725241703	6.556587048356372	9.480503600613606	9.22214369434056	11.433175776492355	10.470564492867615	10.705447258466823	6.387030300079222	4.801841942237671	8.12019136060499	7.353474931839864	6.419653237338048	6.784999246861297	4.905992911066058	5.876099060411598	9.94076280177454	5.029366818305609	5.339715756086544	9.831229736664977	11.621101610085228	7.296418610902877	6.141230259873088	6.858874431250711	8.862080865699866	16.311336943053515	7.753992595350024	8.856409338366154	10.64669906129186	7.148382564250185	6.098943675159336	8.698288591095688	9.131015084384513	6.491116530162774	6.178371322538432	10.217265172415518	9.401832551156469	7.507192290734788	6.090430271036113	7.187201407135958	7.573692771137347	4.889041491681103	4.928597984289248	3.3281916994777516	6.667256502590632	7.964731999574741	5.667538216411698	5.141910645776561	9.90732440326136	9.825089640578017	12.737425301010543	5.293244144838179	11.804602048399747	9.873245474341006	3.577495568906944	13.751471424981057	7.739972777931163	5.818182547655724	6.411815346083528	11.46161160428308	8.914792879251396	7.998517919857517	8.36615611299872	7.888739484529289	10.196854119976058	10.331983204798695	8.400609896858699	7.801990146793528	1.9830654578271387	6.713293177473809	5.882596355167564	16.64079178043597	10.626854429760886	9.565980915056546	10.68183417006905	5.808399418263752	5.58548320041137	6.2473531274869725	12.237791410943945	12.434516662743345	7.869357878600632	8.08687968014131	5.751575392821524	10.160067319450514	12.38369797782492	4.502662395139371	10.60116984089235	10.523226197718225	3.96708895597213	4.868458664608583	9.626695139599727	7.693914557369325	12.029493026984314	8.583881580976957	7.828876593885753	10.912279014184055	6.876777027865853	1.8655766363427917	5.740949284987195	10.2503888349593	10.453308175590339	7.733325051352395	6.785465919938202	8.699621099517145	10.934188642726317	9.680546301650175	10.39162648927456	9.49695036378789	13.379375816669222	7.119108911924613	13.791719240261378	6.503534410884282	7.251452076337311	9.12899205763181	5.967450702888752	5.520520407527066	8.28281713660043	8.75923012739536	5.933135511383793	7.039152875839483	10.763220601818348	9.817407871455984	9.186918870091633	2.6952459827018314	9.136395137862579	3.3444753638809925	10.763160650556518	14.252005653899543	8.078793322861168	8.080764939315532	11.701162598309482	7.666392361866379	7.727632191100486	5.820969476894937	7.894939871148259	3.5773013499127977	7.678016608193869	10.242601017575511	10.387253802660714	5.010052249353659	10.913349463027716	12.833752567415356	6.260990839376243	5.27190753504851	5.690969134088168	11.382952234952763	7.548929227494917	6.70331388554268	7.610327849377291	8.791980751023386	8.234378481589236	9.133914556947726	8.835854520939968	3.9203987406961454	8.122371355821773
G17	6.438887230276989	1.6228373193479733	3.2088050759930735	3.5882851836542113	5.47915282453374	5.554304819137558	3.545731691981648	10.410307924987013	1.7305877080213483	6.455579037466179	4.761596398932335	8.719965780109831	2.209168323950932	3.8041859479312436	2.600580861132383	2.910483886882412	2.776694425516381	10.56684187860769	4.048540401466845	5.031707956509744	3.210133344772011	1.504276709678573	3.3640515212389674	3.4525655662605264	2.115369644448315	4.477756436324424	4.7667509583735885	5.649320192049606	5.615339620099518	5.711529666230413	5.9854803917417305	2.888555030743298	1.5193547368188565	3.2936779800402625	3.3786486849380983	5.754200289341035	3.8013485647801377	1.2942050639097087	4.119884963172643	1.2239934201151157	4.886371316915522	4.7566129548852665	3.8457024428003814	6.2451185222067975	6.856079550008654	1.5413351709284577	4.065341257363807	8.612820439282931	7.379075670227342	6.955746607509662	4.962765826900398	3.999840335766605	2.5809667638419427	3.011924074188857	10.061965823327698	1.6062200191916332	6.817563807249389	3.2744368863526967	2.672773012316283	10.247635131594114	4.3129414459926885	4.899782660841871	5.598933060155039	3.7296887547046778	8.798256051636947	7.721983611891419	5.919722118601548	6.870554494708059	2.9953146766556946	4.837776436625295	4.055685524436006	3.141135650601939	3.6902338387492386	6.636850957443902	3.3151444600819175	2.424939348635258	4.500926473468058	7.017359568202243	10.187591135299213	4.212142898886537	4.343486836208024	1.6111695751400679	2.118556712068002	3.408362993808674	6.514845739489381	2.723680031409819	3.1859370869159536	5.933116347008719	6.359398500428041	7.28022314739911	1.4121037264083254	3.4094118482309095	8.045164582874479	5.191315126339253	9.643739185368236	2.55599870868589	0.9606311541592433	0.9689160405058423	2.49776597678019	0.0	2.719992312550032	6.953753774421709	11.495449301853558	3.854180740643868	6.485025633145861	4.849512352682399	4.883744406324694	1.9110112002020319	3.0602839272322435	4.3440935062550095	0.0	4.191539324281314	10.933838031610552	2.342302021476923	3.010149669229262	2.969631702271056	4.049765559473394	3.152095283568759	0.7641597756543284	4.80716181565315	4.08628917086437	4.27042730374932	10.547004207726756	3.155999118852385	4.969400283596413	1.261716501419625	5.978214943592343	3.08159873501646	6.171318785117839	7.303371690745783	4.570302457482433	14.369816200444507	0.9944044556135198	3.9011776406356624	8.860095109971706	8.001974944077176	3.6767596966928164	3.7135696992546903	2.9879450390218296	3.7824842291159335	7.950161397874985	5.765793377062748	1.1605670535648724	5.367255850175066	4.480716379847954	3.5023634254934852	3.009128763253326	4.420382568726525	1.2818502449154192	1.9363968399549432	2.8469513332637466	3.8818273546317434	6.154556144563963	7.707725258217541	2.4726822668486688	1.2159016470312163	4.620617716458727	3.1554962950899887	1.1743062188144966	4.670633547064027	4.183670672920048	3.3730190636185475	2.44713547978224	4.900131033940464	4.175139310620081	2.876424023306342	3.942752989579683	4.523888453869313	7.802086125381441	2.330882600654513	6.50861531481624	1.8940429029107788	4.041753607931555	3.6205746099765417	3.181053102706844	3.6042684994342093	1.9065591957271553	4.496055429959476	6.3763530547921325	2.8852215376357697	3.7521092686607367	2.267697721848867	7.52485679539718	3.8386428011042253	7.668573801850604	3.215770573299878	2.5478946856208755	1.3980433926267255	2.4362183832324074	0.9881502899602538	3.7872278470237393	5.822258786554911	3.9853960312759136	4.3100049182870706	10.935610085607754	4.782169567157743	3.169721936766512	2.5453816187011538	4.887293628348288	7.8850134570513655	3.37706699767954	1.9551450815431592	2.9897860044455618	5.740693168332564	6.126821162335463	4.790586745091658	3.9059454131894715	9.956290968428835	2.727231271204129	5.698691590539148	3.9577614869638795	10.983305269580551	5.298639885393265	5.099779716379868	4.82369933456202	0.8519881749616767	0.8241564972124786	4.214848625628153	3.9649032596163742	0.0	1.5803156068564037	2.983762169932706	2.877081302107029	3.9243349664298472	1.7194471977106112	4.5873508282540305	4.8680571552279535	3.330777195330272	5.760473582343693	2.5969651660029354	4.078241941762387	7.5468816534181595	4.794949882339267	1.4435109123319487	5.846209761210647	3.8054077199064436	5.628438117616244	6.108333759040418	2.4582624250881726	4.4790363146278285	4.1452201186556	3.5155466959491726	4.232258303548281	4.113557100241974	4.560194947496246	4.52470839161198	9.313840176875248	6.979704910245222	6.145541965433948	4.753309883249015	4.202867102499776	5.64746300816022	4.3295025377079455	3.761983182695527	3.673144626023172	4.8204653522855985	5.043055321654656	5.134745197941842	2.0012530390451326	4.8803482796255135	4.982038371690948	7.7903972895547495	4.426704034196145	2.3619058220176763	3.516535153135631	5.572060170530095	2.564051780156758	2.5511462077185607	8.456530188259135	3.21282312207908	3.851659211529527	3.118870689835845	1.6709610712776148	1.2164038872555423	3.3289129749547097	5.564608345398744	1.5959209849724438	4.966993056282051	2.962372555911039	1.2963906930627762	6.484435071206227	5.9968251861368325	4.79839343705241	3.525793730574385	5.4489192740578565	5.049889786589353	2.903044054013181	4.334621819431877	4.469991281848592	2.9232433015026706	1.716523078882329	2.5676222232039367	3.1903229248750566	1.639427275668863	6.50390383623952	5.026333899295062	1.1970535508302793	5.973870709221526	3.9747686129367636	2.40695492170993	4.786425405663349	4.829228441835976	1.9482119471007069	7.350345374826005	1.9273830627093813	3.83401153338781	1.3558225466265008	2.0973741054335036	3.102590729994366	2.8677168299162616	4.100492319867406	1.9039258925396254	3.7729196927696007	9.083581836523813	5.962623366277152	1.663363544742387	3.6358047796479442	3.555216867245829	4.067752921894091	2.7498724580909473	3.6480255791808953	6.325239135326517	7.087912739916026	0.0	1.9090222711870237	4.846568836007682	2.5701028787306384	6.821735557246082	7.726895144070831	7.350721817978411	6.185640573453096	3.5879257930256	2.6976645595686115	1.5254995927339254	5.836671771195425	1.233687232029078	1.961508624576281	5.205125702804693	1.2966786831233854	1.2750354580351067	2.328817894961097	2.9275456139320513	2.9012502587674662	3.795041478558834	4.506559091755129	3.1727039400612225	2.983782401013929	7.7652543687104725	0.5644585221659559	3.4898941556625207	0.5912820556662793	4.202221431608833	6.015931344633765	8.39570780944121	5.502286495070683	5.212826065506557	4.927376442543846	0.7525092474160496	3.4113466142164124	1.8781296813950266	3.9780637297653443	3.3448279848038784	1.9717733331002434	4.674124707335707	5.033277004807296	7.859977254203859	4.67423368368324	0.6732755719109039	2.5533833126253227	4.216747304477445	4.6502210013708805	4.830528023858573	2.238527097319276	8.677800918555077	5.703758710791818	4.763187144785462	7.239414662143883	8.632831628335325	9.24785499392486	3.2973721521041566	4.940498946292402	2.9238952483421534	1.6300395692271272	3.909674955312551	7.064646530361956	4.186824955806999	6.1672497209064705	4.38731686200085	6.045502964972816	5.374391725473016	5.176387197199313	5.088840365910729	5.06511553554587	1.9887341530633875	4.8836571823876245	6.309339555200527	5.965744332115779	1.8987430065675834	2.9063671811379224	2.5394982987831223	1.495963497850223	6.4842492332751105	4.8992312592276175	1.6797597195517993	6.872976222249821	4.087026916203421	4.777271005752238	5.595959189834875	2.7441932368809407	4.628443960191715	0.9665789573872832	2.338599878261019	6.411088112494888	3.6257314481608978	4.165816980239433	6.847170983315307	6.460944773225337	0.7319293059592203	3.19546725888009	2.654904223572976	3.53378187929876	6.928111719038314	4.787591434327161	2.917359181545399	3.224942684480066	2.3832723487217633	1.5424897675359586	1.6866434877823515	1.9208657666203557	6.894690668876607	5.271622051865111	2.195474861465684	5.633637724775494	3.2991757918744224	3.5866502135759237	3.722459048862035	3.8731729902515557	4.009799634568965	3.434212520080552	2.411608687472199	0.857916203575218	5.880554630838146	7.245545253773497	0.0	1.346833364358284	7.816136619941892	7.688107755762213	3.025330818275282	3.29819899249739	2.5726515682361506	5.553807209836508	4.048282696799605	2.616292428987666	5.666297447181301	2.8831199357646566	5.771111086383506	4.994886949382015	2.1003647574610027	1.1707575843205817	4.102313505401662	4.892824809201649	5.675177533006231	4.399618836111773	6.501733518696765	6.544453397905591	5.06550718708234	4.748614161002192	3.618504808921919	3.0794132906081852	6.919731681168648	11.627727120862412	3.880873146021742	1.5272546436044738	5.375637425531682	1.4551642960543292	5.953529208590564	2.970616086558375	5.916953791213941	4.763401714695962	6.824264449278463	6.750775394390499	2.9568634024660025	7.755249715645849	7.349462303955164	4.813060521651729	3.408748459219625	2.5025302319114795	0.8286285690492362	5.799202348510711	5.380648549879752	3.139082298276732	4.846171529940018	1.5640108643886652	4.450692101647447	4.106382950801875	2.1420230214710294	7.570163017138271	3.238161790926219	2.3373287221215313	1.790876908712511	3.7373135703298934	4.849399335466444	1.9278887574470753	2.6126174861049556	3.2711366228071146	4.098371619663825	4.377250556397439	1.2008778355528749	3.59685542675518	1.514520536004466	5.459006697885402	3.254205299961051	3.0434386864648206	9.8824719689459	1.4808544608004768	3.8435907054435257	5.575196508838162	7.249603609258275	3.7844017665086076	6.790315700571553	7.517762439499039	3.8022085889106036	3.923712141357718	0.0	3.074293665221787	4.990692593225375	2.910858782614111	3.6832110448278934	4.811075805450204	9.826185748963615	4.765841599834532	5.177202421452505	4.86091147985621	2.438422809546913	9.614510631656765	2.00827637882187	4.091360183321241	4.922453173000044	6.970046085550717	2.9774829048951283	4.191919681851248	6.240710132564728	6.86765511780213	2.6765152223051505	5.857517010907469	3.423894546175467	4.388062253972893	5.087328966460902	1.986734659735557	5.877103804520605	4.032419326110602	3.279462814274912	8.950553576226378	6.920606801505413	5.7001052302619435	1.6649323763723265	1.6858931287902774	1.62640752792494	2.8033428055223175	3.1842887120174193	4.822614326324799	3.2079073496926176	5.688774157578073	1.3715131701079173	4.2454182374684795	5.804886734916529	6.133535603173401	4.872950546761356	2.072302299400221	5.724122639977951	5.397550461721624	2.4650745173824324	8.969465035599908	2.156165180226914	4.836191083693023	1.9992111161889876	2.729132863686735	2.0813362728108813	5.265149992867919	1.9788406213128424	3.9782435234741618	5.828217105848481	2.2664321589184753	6.849787732474254	2.689836833407725	4.761194647959795	6.25867877269644	4.270825068299703	1.9349121786158698	5.162187448733729	3.8944911993339977	7.799977345097067	0.9683054245245478	7.952223156630625	3.846598620060256	3.705986197623382	2.855237411114109	2.9634809612005997	3.8747501410143794	3.0039982728477646	5.100093554824709	12.476688332325002	0.7772565627368017	3.8726524963625333	7.004879826649143	0.8073553004448483	4.087542598813826	4.964526038211957	4.672264869369695	10.29545423931638	1.614926749823888	7.785935081312801	1.9451293829106497	4.895449675070793	2.1065516806600373	6.690428989060582	1.9172416233925833	3.499483044911118	4.282969454037645	1.6965286247254767	3.2409098181517706	4.556836768843746	1.8701153357659037	4.146645477304846	2.704781119611731	2.3412864838827603	5.460863278237546	3.845277154803156	6.308326616287561	4.856879531359482	2.4794698015706946	4.612334664665475	0.969249518445123	3.9421538930205373	9.580628071113356	3.902362199950875	1.3418404067482232	4.646747774077804	1.9517739869654105	8.521368777286462	2.994948269443571	1.9919154709176614	0.5871990744200433	7.7495991620517195	3.5311334426423047	4.831897208146939	7.949471719785266	2.051896959085613	4.983166340506132	2.003968453374354	5.750055116816158	5.915309351966486	6.465372229654731	6.633626339026773	6.431193064765873	6.525216304440318	2.9237201449631995	5.271824870000917	3.3724360429657025	3.6365030965229375	1.417015566724943	1.65254163393212	4.757580164442477	3.9560425881746792	2.2980187695715513	1.1359312707937843	0.0	3.0006652900258954	3.1379542117070027	4.99081546029974	2.9940301518793846	6.278900309319925	5.772915940609298	6.120612292648623	1.547385556075577	1.9672181771834298	7.147526554062675	2.592573783474873	3.8369388793681947	3.6774239624065017	5.0871788435232554	4.505174431992485	6.2031340094471705	3.041680356252808	3.662669419819021	5.918645268699519	2.238797130944125	3.435374140728154	3.252767059461133	2.93214621119597	6.724972176535705	1.3229391952600262	3.986496534946348	2.5807958984982426	4.824167927446605	6.914391742958197	4.572438412999432	6.014671035135812	2.961480418253356	3.9304688271671093	4.505079721634808	2.912427767460085	8.421836449179537	3.6523543479283394	4.030913191654684	5.889798424451177	6.817947624619985	8.891978559585509	3.705219668814595	4.982461507576931	2.823279667130683	3.7080621799587083	2.60637467817809	3.405780400330634	2.5918518338114587	5.8238296348036	5.2417250324744735	3.999700659128379	4.697914541272597	2.1483790746392106	3.7096510226769013	7.748229781806416	4.779300182182405	4.359814727800284	5.046718916290499	7.655138210966346	3.0069437153657126	4.862372609356922	3.742877085554664	5.633104521333128	2.9357786688511656	1.2035628836868348	6.911608543833169	4.581342101627446	4.3999678875036174	1.4005803451468513	3.464266736740201	6.706463310340655	5.205688881737694	4.169585092510329	8.332661325608015	5.1244394280807315	1.6091204692424985	3.251538916608931	2.08019655560397	6.744438477516027	3.950961694329217	5.088660549896056	4.023869609326588	3.3402103898531332	3.052643017133344	4.946436281910757	3.458757275278553	2.372036167025784	6.013718251521386	5.611349826773986	3.097370464031184	1.51891085410404	2.3472774130786966	2.435584999196596	5.217935421529967	4.203375761590216	1.9846959529049732	8.8069572583478	3.059295864125567	3.975542385032232	0.8111209721465948	5.714280198813125	5.349464796905659	4.283501144227504	3.932601842108449	0.9636821876390554	3.91068145127569	3.8752267742408315	3.95306536398093	2.8498637621944303	4.849304102338359	3.770314164596339	6.023485846799366	3.987128525850091	4.405662353453052	5.292253435671908	7.219826697780401	1.8165362870494433	4.118179209250104	3.0249350282332963	4.808416108679114	6.174065842095651	4.622645136094806	4.048813837019384	2.614153688996431	3.023567769424553	4.193033411775382	5.1095727430987425	2.9489347208746604	1.535019029928911	2.98575328494805	5.256683402217956	4.21153630260462	1.9887431714779273	3.989419511473976	2.6201875048124044	2.8755694279729487	2.0864369082951106	3.424111981056253	1.8351168099927513	1.927752944417459	4.784012189004343	6.80314949269866	4.181299203522992	3.614487961143588	3.330147422730238	2.3807192444538376	4.926822707193846	4.612989403954985	2.5431650970256285	5.82367781119303	4.813289055707988	5.837663483155271	14.732040669232106	4.617247396562567	6.289504193503094	2.483235712058179	2.2453988177809214	8.258716029622374	1.389823448786515	1.9987908888470238	5.902743073211194	1.9152581789106142	2.141066972672079	7.352762824898418	2.8424774399182184	6.867694168946961	2.571129857655167	2.961553050952519	3.9670216744093056	3.600940208443528	1.7356266234423978	3.929076939547961	1.8356145299682938	2.7483507250341592	2.4219807842455165	0.5938971270644654	4.431178857365296	10.959958408004944	1.558702252053105	4.0941278269641534	5.432156841431972	2.595264808460985	4.838104806416315	1.519157319971014	4.6504592770420325	2.7078206402186873	1.4734741370434936	3.651347958568127	3.8245074237611254	5.694019899833651	4.468164282835398	4.795524952437464	4.035381726299895	1.1694070011624278	1.9874111183725958	5.895805102077424	3.0822564230500555	3.182145854787831	2.1568628936589245	0.7550151883755913	2.593999147927809	4.398835149847337	0.9823205941140032	6.204320879288568	3.9736092653832396	1.3911347284404427	3.929371433488052	2.5262144290120214	4.587947706645163	5.287137788827943	1.9161515463960208	3.432240105373184	1.1503862223103156	4.54390888015496	6.815456653447645	4.9861035988783255	5.2133923472685195	1.5048659113554768	4.1218859183445655	6.726708421675901	2.790419357667517	4.434407760727466	4.681733239789336	4.2455158811835085	1.4212756460413367	6.936198273064113	3.887078383547849	2.9794464314408837	6.787116847145269	4.817154249566238	3.908263153130987	2.922370192266131	4.229420760128903	3.2813385084713884	5.914957583442116	2.0259438447573093	4.999394883754713	5.416323459723667	2.8997494291677244	4.976565066433188	4.7672576447803365	2.9790378575555687	4.118683343633097	3.813277073894268	7.408700570568056	3.9862030283631635	2.9141337663829203	6.396750558503941	4.832857453896662	5.440521495333787	3.936169999375923	6.105476295048234	3.137895661591376	0.7916330855792791	3.8542228643738814	5.867681504922418	4.498815373634475	6.7656035517954844	3.9316586576767723	5.199319776207687	6.81667299373929	0.766792210696538	5.610486171700328	5.794832361724394	4.934596107585752	3.86475192132894	1.621646856732693	2.888733091343092	3.2884090565010307	3.880994484420063	3.69117344710121	9.30936005517622	4.3365073584417395	3.22070218832748	2.860000702510356	6.054014350215029	2.5729654109665274	6.549584966446507	4.796371273225443	2.288068177354593	2.139781342971288	4.103568265807368	2.488134511087639	4.324582752770919	4.918976224436112	4.432538206429808	4.007755934342181	2.942208657218913	5.762567964159547	5.723472715411473	2.3351743341691056	9.787625540005797	5.965775201516751	3.9029537210395806	5.683628337877447	3.8158464096710385	4.444811777470408	0.7939391614334027	3.2527686866724856	1.9163579804714115	2.93467069096769	4.835316918447682	2.2635970737270816	0.7047312879373696	5.448922324903554	1.5202988381201115	5.152232067661429	2.971961415863691	3.0314577536053426	5.732954414874348	3.8042729728310944	0.0	2.5727032894472965	2.464493559301917	0.0	3.109942184394803	7.784357767199863	1.403446505755357	4.755945119850449	6.193814205252005	6.584526887146859	2.7355255776300176	1.9693121983323718	2.9396134020371614	4.927854816864657	2.7433765708682127	0.7825633428093762	0.8080556640544624	1.4066471524758675	2.3080711537778	1.9356842842603965	4.833870010186571	10.187121417843866	0.0	5.325521886022915	4.6820726557156265	4.907492472347088	3.5111731749238366	2.7692595833786955	5.298126949716265	1.5964425277070529	6.170186779848825	4.009103172722992	2.904833513390723	3.4043320209063714	6.246956249524596	3.741027936810656	4.028176585442704	2.6846171619529144	5.662526726656108	2.007463488124581	6.654012410166903	3.8874210905089726	7.080926935474048	2.4447956599767338	3.172657422523553	4.39255537223572	1.3202083150855102	3.189040724216983	6.862718461597702	3.928571490183931	2.880598330259962	4.039847181728577	1.543878132200673	3.2708693432457485	1.9017264135474343	3.8285041765146346	3.913752848500507	4.351741196950448	5.336288742995266	2.774754905597752	4.3960165186191125	3.8835470311884515	1.9967778960521436	2.6044719658957765	1.6064303260875523	3.206507329673536	4.6824158113430165	6.545647889413242	1.9680930251593478	3.7740143450609263	6.067524509752368	1.113721312923119	3.779762934737398	4.2304684206320005	6.108651281689522	3.8271000622122036	2.9908634032385693	3.642936736785885	3.0002279943275245	2.92727396383313	5.832387260800081	5.646006329295526	5.001626744297984	2.304763590539813	2.9798292300413607	3.7944603574735325	6.241408443638529	2.825280654547343	4.179165758859715	4.9960941183257095	3.3504494096529203	0.7543831023645777	6.634927517598097	2.4121481441641452	7.8945662524739655	0.0	6.058134550137807	2.922845187762195	4.527476783551849	4.47147545766348	4.217160961444783	4.841079930512993	4.849181788496625	6.1043544018619285	3.489211813306231	3.0678738678749156	5.928647414604522	1.1106333572932583	9.259054448872128	2.9062775358904025	2.173107638295608	0.0	4.8331626640542025	1.7783174167553215	4.1396536392827095	2.3847304493171126	4.244374714768047	6.915127683287225	2.9912203676297993	4.857782536283505	4.963692974811777	0.9972398772811809	4.681243749879499	1.9357339516466407	2.9285573486728835	4.793532983332849	1.5651111304745555	3.6322939951871627	6.073286469649809	9.80207512791905	5.191038696094708	3.91217371725137	3.1079536969484005	3.2241514876490913	5.646785541364334	2.3148250528168255	7.345660553201379	1.964298820728739	2.3296179611181755	4.7718789999737625	4.1753592144523966	2.471491910533241	0.5679049637463559	7.857197004461627	6.603372199491598	5.019809510536411	5.83737450911015	3.1677591147086486	4.21080869008308	4.349596744698292	3.262112148977026	3.565814356973679	2.962866456783691	6.496296631282522	4.071497882910645	10.666799708416209	5.764622343480499	6.213992108426216	5.111270363360286	6.428775026401497	3.971409333487328	4.970377304302983	4.9699503291171885	3.1289194476296145	3.239507724836723	3.198517463548363	3.999099811128915	3.1321765448809575	6.9247519828776225	4.566539643970655	3.9284257215041873	3.3997499058866127	3.1068284233322676	5.982327314715995	5.296797214422944	5.74387346975434	1.9629503363406706	0.0	3.7015434799329774	3.896662989931113	2.630123652061454	2.2926150443193625	1.9135114608410895	5.740625293899668	0.7644360023357039	4.290497127959416	1.9388344657448418	2.2670894113296454	3.94531731863928	5.213092197999087	7.0944200187265025	6.833208608007715	3.108194447559267	5.234965986118848	2.892897487187886	2.975494103271553	7.833722067334563	6.310504756501265	3.702664706732509	3.5573558137198145	3.187002954842277	6.367736387585773	4.156242672524104	6.461201434064556	2.2912171188511756	3.6543349672909553	5.12408008927918	3.5726057720703435	4.738191540884452	3.018954833903402	2.5825308060383056	2.192429713713367	2.9928245558675313	2.4439434300262546	3.2430723725649147	2.5083156869284524	9.906839218988832	3.4892628904580376	1.965341324577324	3.6996617171686164	4.449102353862687	4.9865086078605465	5.307596997432791	3.175458410443315	4.997648550506816	2.2662587352292674	6.116978388817539	1.6523810312809777	2.4433382463595956	5.050381902351417	5.799427430663261	3.679082677120709	5.625951865285209	4.7905805472599	2.4152378689398675	4.365269902959764	5.09162690309401	2.4567274842805156	1.6260988484248529	5.604984207800357	3.847619872079674	5.18484928676148	2.9757861974850823	6.018944579221249	0.6987712640517919	5.963664609906922	4.900941985440343	4.83814993153477	5.889550082059801	3.859320342451329	6.469536259509603	7.702556308386854	4.8620658539080654	1.5246691521473807	4.345407411193548	0.9853960259757784	5.555124143373081	2.4676305695216407	2.9663588118071407	2.9895788391837974	3.475242296616134	3.9104812727200877	6.853448704919443	4.4387970786794915	3.9285059954561183	8.956539727871224	1.638798614804494	3.910785220055	6.814616163413759	3.103887802967522	3.3956409578639684	3.6178018630278257	2.3122641707215945	2.5603310802324355	3.115388179298598	5.979963373789169	7.799779161053011	4.023217640088948	6.056997091360344	5.77330300542838	0.7978110856936859	6.381370039419795	2.0281705340107443	2.4130663904225838	1.869970022329436	4.802505297948093	4.96011898226235	4.241740885347228	3.832576983295029	7.590397971416989	3.1846357535281817	2.3225716621235795	3.74902986169457	5.548848085364292	5.779631979914878	3.0723604321415325	3.9671891856093033	7.702493006727153	2.1084704757299146	8.980295761168644	4.831971278830974	1.646437979359553	3.9668139078340965	3.963980604910494	3.7114989343436573	6.097798729753934	5.101527141750577	3.88286149288662	3.9755142464027484	0.9970108623470666	5.886919388679775	1.9319931212232464	3.4031508756142803	3.996418908483762	4.381746986712265	2.470522926950447	6.884410281553722	3.4078888138547168	1.9189818029785888	3.9386845320038604	2.135253671243478	3.863802936976397	4.897801863932404	6.092176232333791	6.3862422875867635	2.4473099907211813	6.297794266448695	5.825686692760806	3.511294811179078	5.979751491648629	3.8333915574497555	3.283207830856833	2.9380329014241617	6.506392029481278	8.851375950662971	4.354821835392474	5.4242862644520535	4.65122082256033	4.827175413318477	3.977951561474547	4.15825151132583	2.2530425127756404	4.509844894454857	3.1144389309844023	1.2209098276674963	2.7333499271075548	6.947655062793188	1.2135721137958284	7.025885527503238	0.8411823158765469	1.2969454079721996	3.5786233004917882	5.818237914123328	8.863999421762138	3.019292441097989	1.3015984314040685	5.705948732771039	3.5496944645365818	3.9860168751081444	2.5772532488083986	4.043984055788866	2.906519390987511	6.482182497456708	3.0429181294286978	6.81172942577519	3.269723403520237	3.7894618857158058	7.973704916821372	1.5226650598733182	2.8541487927717855	2.698825899282198	5.395211414341304	4.707924700139158	2.9855221740493803	2.7426067002477654	1.4105758232718812	3.8675105196953616	1.1182617973831668	0.8310020435496436	9.634935503259006	4.942751411409911	2.817934320946534	9.507905306847498	1.9654654466872616	5.5912199484428715	0.9756126689894101	3.019927402701656	3.174324079485372	5.154115825877448	3.646299063605688	2.7179392359657415	1.7113242017309072	2.393326925279679	3.824237010708063	2.2309120946363716	3.801420169270196	3.6505392957557565	6.208598541194818	2.3940534110120573	5.550746596502358	7.134841520406537	4.446765352298469	4.214310510577131	1.5411722615023102	4.446659647271276	1.9272513267475337	6.8527686802331065	2.778797961683677	2.0557283119889753	7.868204889360593	4.665109842577675	5.758262788324027	8.887347440521951	2.3160249778492425	10.542140207136654	5.113288387314705	3.845200918964424	0.566529356627571	4.665070078221528	5.309380546280711	1.541638897865934	3.168600102259059	6.129788760556933	3.2558543933657393	9.122795237671907	3.057616223432711	3.4666135741003714	9.768156866381888	5.554958311040692	6.006331059817678	3.011949603100873	4.291558677643851	5.8451881805865185	1.810999632686686	3.115826473604742	7.6405067752568305	2.933242938314152	9.717911932351734	1.168700372804846	4.156021737018169	4.797751432715177	6.938283485722151	4.0407118561273	3.0295434503923775	3.5927245934283776	2.632430862583894	11.96612124156517	2.999108033362628	4.030705434654174	1.8055212972066415	2.8869434239636793	1.448693217662303	4.011748018313482	6.0757462997267035	1.8738779588621406	4.068622095159932	5.556214217784089	2.4227128210595974	7.81950118343149	5.744875148104664	3.3619330986066074	3.237743555474975	9.974856465324555	3.9512680236506195	6.468473683770127	7.356310481042641	4.962168803274054	3.52405897672864	3.740879545717291	2.1846944575947806	2.881222933070771	4.124825128359199	1.485458049369797	3.344941314654234	6.286729161216348	2.2534163299904058	2.2785059084612236	3.861382098035494	4.193689922205819	6.881093350783115	5.023699913345408	3.620488036390019	9.881548540810286	4.831497177508941	4.717269888596317	2.112890151227185	3.097875636758144	1.759598544239654	2.959393508016616	5.298132731382398	4.400793975793824	6.25870766444357	6.329262673878081	0.6404813059653945	1.9627721108139538	3.4615577140877503	1.877557890510635	2.223298875990596	7.6336942088896835	6.920220198570281	1.3614019896565543	8.348618948208191	5.51019736174507	1.9425048962477784	5.271348244377581	2.4669726363512354	3.9248841263022665	4.959671710429026	5.520103131145932	3.9787376989880445	3.118346001183547	4.758705610128121	0.0	4.147658176909605	3.8263824691740935	10.815331779627943	2.9868859272489408	3.092919033165169	4.142768940749353	3.0012536311366182	4.643711531501202	4.4487411265153645	0.0	4.089324962929206	3.0273603375352955	1.160266561632206	2.3925250985548825	3.978974328802481	3.9610556631808223	3.2377583537285233	6.791193119740717	1.134853784282861	0.994180299091799	4.614132368459536	2.1645808570867517	1.9171347714147915	5.838256979779781	2.8186174129527437	5.119500669052431	5.920338876467819	5.919791692892917	4.3848490504038455	4.011592595698497	3.2019046526685084	4.266053984108112	4.02071199348253	5.78014657153658	3.717154733622687	5.547774286454771	3.1821188801150213	2.4536452677247027	2.4407748542778362	3.172290891851459	1.6213678773755105	4.73252356183416	4.758163140168542	5.626112842259216	5.786227332730435	4.662275620704171	5.883142868586027	2.8632464130819293	5.038404853237129	4.772999850841576	2.913521194979157	5.7721305224194355	1.9960979684146865	3.845687079673072	3.9330079584718485	3.737427210712447	8.716789572875374	2.3389720028276253	7.9311056185409345	1.923173329116362	3.9253971133080867	3.987008216540533	3.5367262314949075	2.888261395040738	4.044117508255242	3.5067361666166454	4.575096377387606	3.953547807293334	4.707192662454777	4.422821063629249	3.807727878020499	4.834558214687915	0.7258309913167974	3.100657296441753	1.967270121176273	5.121609963764341	0.0	2.4991845023925507	9.865881420513686	2.8782357133920518	8.6592754065042	2.531415148159707	4.492344865080657	6.352639022701851	3.2141142710094783	2.6634542053452246	3.817754273823707	0.589045266894558	6.341491510174877	4.29850918723206	5.738904032898102	7.636104126842912	3.11159547162822	5.736017399206903	1.40691335236754	6.10097276521688	4.172437183789219	7.7394599963086455	3.9974471305629886	4.958379056470306	5.08955593627488	2.593734232297265	4.844835316396392	6.414308701127881	3.7525743016532402	2.9368805048739137	6.061779749453201	7.971027141713983	2.2746542438816575	4.488585173524363	2.7978227132571365	6.767651282159786	2.1847515661231647	5.9618699687573224	1.9303243333860975	4.041364071634461	1.6519480537888005	0.8117265753280759	4.9397261715299505	3.348392328161298	4.210225522135291	4.967354082255516	6.669763948256374	2.4349937853133916	2.9548554258379873	7.010072320734468	7.238779301788447	0.8098866626524888	3.7193617439607762	3.123394489339911	5.840439401790672	5.825482267938787	2.49121476989961	6.1053901554339784	4.091053934283161	2.079715832707579	1.736474313583887	3.766502330476983	3.006906100770801	6.17950326265869	3.83940111926538	5.242587519917768	1.9970324043519334	7.785912094802962	5.952723072998751	2.9681566298160478	4.824207105533933	2.4497578965932187	3.0029728831461164	3.9969079956351	4.08915193516605	1.5793981101609718	3.8075610579936736	3.616997118469366	4.9217686590096035	1.4633522727764523	3.3113886223014224	2.5310867505948704	6.937181515459945	4.1172319585832025	2.686123464428047	3.831643374321757	2.1629142074953256	1.7631542306242127	4.029287691555493	4.871044757281948	4.000118873743356	3.8450057749547284	3.885869206818585	4.835976571124867	6.542383601527508	7.287198421693171	2.934195292411076	2.7136974766887616	5.625097509834388	3.78675322640213	5.239631834488515	8.636663876965885	2.0364997299694365	10.862980404001732	3.215971830322963	4.600399327866003	3.962756670210857	0.8079746682597	3.524627806812606	0.9659867227417926	2.363122590577421	1.857232159557949	3.404567714427434	2.3493927416958162	4.135224923660871	3.155922586740419	3.048355958914907	6.176861908121613	2.9096743964489757	1.7328253274349117	3.78477104520479	3.069138331832661	3.944377231171594	4.83502008977955	7.850836861925741	1.8230806780949174	6.37623361331912	1.5783940310487037	5.7494965765704045	3.3688454205376543	2.939344157719718	4.798687668100507	2.2926006987435024	8.704088188705272	3.9924730240679986	3.951155888236408	2.6404812451846182	8.73780247254896	3.1431648021539207	1.3172011089761815	5.724131857475888	4.8413864818449746	7.2998249608951395	5.739167850322555	4.303050574039195	2.9764134472110557	6.723558080090501	2.6144032576417686	2.047844309776865	5.912379253822111	5.819744820286518	4.266776346212523	5.33940629643906	3.1560236839594005	5.692389524190082	3.6237217550414664	5.920540404321396	4.495771253021622	5.899976036942251	6.25080881792075	4.484105951284338	11.8398649070404	2.394417907241328	8.520066046707333	3.6496892359146624	5.662917632124759	3.9055322660561815	5.802426585048066	9.789474408756815	3.540267747812734	5.813740720557943	5.126549193475324	1.9578720133294205	2.407554693080809	4.181609291270132	5.171834560199221	6.174309938360231	5.587799365858563	3.187652512290667	2.4551411700008288	1.889032358289926	1.967349800080483	6.191455151102631	3.755433660158927	2.707783196152415	8.975642682235401	3.2199081383514727	4.073903803193875	5.829743075630157	3.8726066393441885	0.7621213473920871	1.9580944253472354	5.72042635971792	2.9445400512555517	2.888173785195099	1.3261570104216303	5.777543299502538	3.284355767856172	3.0872997080741427	7.321797404646523	4.836173296033402	5.1970818731140795	4.930242719016167	2.2914478910966563	5.124691861135493	7.792306586645047	3.9521047860199627	6.568094124908513	3.374179646660873	5.046057480061577	3.9426363048600868	1.9406330527126263	3.7157788081545116	2.1433965316744876	4.797729863353415	1.5194502019388414	4.357681376285876	2.0871110157366592	0.5446489740868289	3.23408114483577	2.2111189817321786	8.47204590255888	5.782524097718031	2.7295707439184187	5.259538150633265	5.298143088464672	5.995009531655037	1.518630145404531	3.8139268718887043	6.386207578221728	2.452007765603258	2.974034586743202	2.889303189830665	3.0809311336743708	5.162775988754795	2.8042746237769025	4.564631630355679	2.47389043676818	2.7947101551300872	6.889021872112267	2.010484917924908	4.490013716017398	3.8602423021772614	2.0442188396069665	1.12335058520957	3.8073981595610955	4.884200520963783	2.275500611940605	4.212113033432619	2.943874137209101	3.282801588467672	3.266949497117172	2.923721168458833	5.831350523657389	1.2727735864561394	2.9502452516173743	3.652985627213458	5.703088483224768	4.843701127815207	4.390322205509604	3.909689846718223	4.816101067720697	2.3557378709469012	4.560685393965752	6.8947038118816835	8.25031448219936	5.832352716645612	4.813463909480785	3.902798355471386	5.807713149161809	4.877280909283102	2.044746932325955	3.2827320214748963	4.100807019441032	2.633374806205139	7.879049997245644	4.27932682518429	5.712307439528683	2.8668843970068005	8.61060591961301	3.8288074169785404	6.873923002314386	3.9312235485575044	7.262005698569696	4.658774707273335	1.7917474991449216	3.002459268439161	6.846093748378851	4.701575095836952	4.608912158909239	5.213582357030782	4.861584584039251	3.841766392090231	9.678095741660254	4.01898695058477	5.388792110708609	7.801796210146901	6.11623051042121	8.677222065466365	1.6045177250200238	4.846262382834912	7.717277922728162	1.692984856346766	4.011451464227964	4.494254242458338	5.40549703396746	3.754377538226419	7.156905267144187	5.066365533748823	0.0	1.8455449118615248	10.609989939060666	1.3503380978053094	3.090796177747439	3.2214800004954833	6.985525161731086	2.3539767956999484	4.157779959213561	7.13787374726184	3.76572388823354	1.9010235080268056	3.9482459339075064	6.459760303472896	3.816745958972383	4.944886175012706	4.287391375766029	5.2260494278037575	3.744994626226443	3.9261837910776323	4.860683212881859	2.4523289981585283	3.404521837452352	3.2080930834776686	3.5639961368811375	3.194448012322051	6.6297572003276155	3.4222238027229386	2.4493120341077077	2.9723216785518063	4.529487636779037	3.4961726445894965	9.758825348113492	4.748802843907138	5.996607116935584	0.800438458211293	3.8806053349198324	2.6277496128144593	4.364919652530773	1.6930570888756693	4.89192742740876	3.3476269235085816	4.716076054635696	2.4941352484036132	5.273751839563316	4.7962664705978995	2.1723507422460826	2.675641321502936	2.5900678920034435	6.749658080975661	3.4728627851365257	6.833044312433234	3.6112237864235177	1.6918606206055193	3.220314668879902	3.2382136683238105	4.164173519389071	1.9065542259385861	3.853239489969259	5.68651236972568	3.0984273469771377	3.869539374072637	4.987587765260112	7.044414150693567	8.221168383662151	5.257474656068971	2.9571736566398936	1.1869344110731597	2.9440533446651913	6.200718269225105	1.9411477717281225	3.109762249827698	2.9835855423610056	3.187423906529683	7.13680416208703	6.899608483299282	2.450692345126303	6.908832053513472	5.5308880500137585	7.954531883816122	3.0105719393447594	7.090417323684468	5.673327730626903	6.8023414743551	1.3146641744672631	3.482393662045299	1.2825598638816165	2.3150109725538153	4.587236418834513	4.699463006919679	3.886673077010107	4.013595763655407	8.326833974586958	4.891809280849373	2.2314536313186033	2.971085026944975	4.224917743626063	7.137150195618791	4.5491547827099375	4.5871619361165825	2.080495837893034	5.367853561856595	5.185139322088054	5.983645136508405	3.9648852200783584	0.7476460648683615	5.848285845958531	1.9508217211954197	2.9554074537496278	5.114467433808679	3.547699984093749	1.702799236448342	4.664060620805346	7.127930330269828	0.8038053106465572	6.411654400963458	5.849784043219424	5.051870727760668	4.227916102463596	4.243631162040931	2.42081050507298	4.171559312472414	6.041041736260965	2.9255661693853945	2.4336950382348412	4.660308880016353	2.8096652910598623	2.8192829319891777	8.778283663243332	2.8006523750661048	7.970922446809746	3.8356273527134648	2.4410456996657905	5.964868696232971	3.784214642689299	0.9696121099396248	1.7991556813884761	5.890916890301173	1.411547718962228	4.064168569154161	3.0483379074502155	4.801713060546882	0.9712547969647812	2.897998907714721	0.8453627059182949	5.955215794614359	5.134831354880001	4.2524496862141365	3.8300753555064255	5.5652771341046785	2.404277568505894	3.8846997053346852	2.9317232691993085	2.433447105913631	2.4575072113625818	6.9971324179228525	7.9129290196904565	4.700608603394771	2.972450451259701	3.7682390941788597	5.530653858833285	3.9768754799276254	4.998792526769887	2.9288616340381144	5.456368815324423	5.848081396189748	1.2957259144034199	3.037476591441136	8.95022014718834	4.567561763889026	6.089902317297611	6.769996006576732	4.71184500199799	4.547881839721143	3.3732813426672843	1.584150866330908	1.1683899787773488	1.5196358495265745	9.561837509743903	3.9280247508538295	3.5113240918195383	2.819168869329606	2.4244058504040416	6.8344376195053185	1.9793284346474787	6.723804335099161	5.977012526697584	3.5329752388118103	5.964780352283436	3.9017025650777777	4.496804366173393	2.6818742293055298	1.783049169473457	3.8518145487677447	3.7103116409689574	3.690118955528252	1.5530425418155702	2.002298608429549	1.301267552860477	1.5233985062642217	1.9599966482861177	4.7181748286628995	6.487896468581769	2.997971052661718	3.696960213084764	4.825305237915377	4.008782800816907	1.5978566190071168	1.5797282601497133	0.6507920329487982	4.984891259666828	2.13849055458976	3.512186590474993	5.110005473757959	3.924174000131093	6.226380332945158	6.090294048792899	2.970117401543409	3.301166946925678	3.496492160137628	0.6799861255723586	4.937719112679071	3.9877525237474165	2.922861348142555	1.6470598104767271	3.606063399514369	6.683710985359698	3.7767012308150223	4.934972309983553	6.128296194362231	3.5274714471133493	3.9213634713420045	2.940622088049561	5.046158004956605	7.598033282220555	2.852681815330698	5.820107052755607	4.693948527960935	3.1509905067049755	5.948060244252348	2.6495016500725423	3.234011232415911	2.4949011601621396	0.0	6.063796957842593	6.563240962209662	4.698587050569059	3.898843960918997	2.883466584735742	1.0147446620998997	8.631713579107295	4.001708672370118	3.9385065165651314	4.2940548264560245	2.913890536382572	0.9715335837060911	7.672699926936558	4.321625471981043	4.891091421277128	3.1703239728819446	3.231438659888318	2.1086682190015362	0.8065704620415216	5.288271522914498	4.975424013960204	1.576553124409779	5.608649159048033	2.6991639438506563	3.0384576688694507	2.315445382261823	1.5418071592119371	3.815710501711679	7.907862914724612	7.010681192225871	5.885849526083789	3.970062830773331	4.706504635332204	1.348745986925591	5.528884639614013	3.8920259409968416	6.967043798615789	5.654327584046477	4.0461681256146225	4.646475333798498	2.7320360851396015	9.780145979963562	2.7655031949153677	3.84528378210794	3.394548274889827	0.6470009665754842	5.3165231196474085	5.605448457026703	3.1554232828946804	1.5943919914931368	2.641475953328883	1.0816077125070265	3.29447989227561	4.383392848056754	0.9742036598604671	5.446985568887399	4.567430323465194	6.102311973490157	5.168717585938596	2.5824315077854374	3.0099985698201497	0.5989613281035399	2.5666060669602664	3.8780054422826558	5.50583522656878	4.926639123393451	3.459557734576701	4.732095186985661	12.524001773739743	3.643257008417772	6.501682186506567	2.274732137342003	4.569989811455562	3.178964733895312	4.841438793273242	5.060432357469193	11.580164657629352	4.482038076710014	0.8541165091303153	5.037994592817747	8.288116258973517	7.844338736088844	3.106213628538848	2.5749474331445046	2.236610777027168	8.771351990675917	2.510309759631419	1.934218039025577	2.499249206661714	5.985488052834659	2.5667442375922	0.7107043039315326	1.9189285916045293	5.117007027373336	4.519929831559481	5.214043034213666	7.002238646483395	2.582080305136201	2.0451678627045267	4.965112274344789	6.198231169358738	1.626710860098473	5.1988272251468	3.769164682052374	2.1832407263271327	3.192723890608996	4.217587634244881	3.2279799117981516	3.810258066782045	2.406225381176013	5.648702039672642	2.972455776702242	4.203466608157058	2.222893957712691	9.003185354345392	7.1243551703006975	4.752445511259075	4.022183103309114	8.567020385854127	1.667892268094006	1.3335574841050142	5.163633168328079	0.0	2.999774931032445	2.5817323120155526	3.792094608088683	5.861932603719039	4.0330684945990685	7.733783561832888	3.0197812025321125	0.0	1.6740074652927812	3.2184418254911416	2.947762176825069	4.824458016224961	1.7199748512980635	2.2604803257528707	6.546622865873412	4.582419158773486	3.6082541763792024	4.899499539779524	4.173106618176637	3.0965273462327723	7.304226262204947	2.6212164177500785	3.206910957550537	2.7896752182374462	6.270837547877407	6.414218613420328	5.421007246297436	2.121721097543429	5.664590414553659	3.600094421046985	3.9858336768887006	3.5137190857667018	4.925487304687916	3.7592284628197286	3.7556443902334076	4.5844160837415515	6.945842901872139	6.916512182294859	3.128805432944734	0.8036406167104209	1.6345599109269304	3.4129678495890596	1.9494106197039514	7.969580595193383	4.041392902150284	0.0	6.740658536366334	1.5038867133770948	3.5943678558864263	2.8534599016728888	6.892729966258488	3.958226156025847	6.31387192157208	2.3956054497141754	5.968110381039327	1.582017504204674	2.243726317256029	4.894487461014403	4.713278928661979	5.164750100368417	5.095612547327601	2.083094561166594	4.419108785148992	1.874245410090381	5.427472927958441	5.0083001336033295	5.314246189127225	5.759983816096813	5.118607474672652	5.227296296108701	2.1907703286242555	6.1589607783027365	5.568109605849195	0.6691368739898892	6.3191298563962	1.0375453115649294	0.6237758258947721	0.0	3.72133431374434	4.340718615683282	0.783659015046544	3.4722252641415268	3.936910997195657	2.9418064766432592	5.2802009107485475	4.743930949934757	3.1925167989155927	3.402543427186567	3.6571658976022148	2.8203430453302585	4.061537823830387	4.52050511206709	3.8935050832971676	3.798064439567868	4.684592476952427	5.4503287686873545	3.552284560770283	3.6374439753944774	5.776586024059675	6.908361373041497	5.309228146436934	6.828907621147121	4.339921278222728	6.77854477046821	2.4999345015474663	5.780186375982809	2.731668077048721	9.942357757852283	3.2776462860959574	6.179614829253681	5.450334796001336	5.846674864160582	5.816360928364477	3.988024082214128	11.04164222749615	1.2374826962857561	6.808411489317195	4.2382518228693415	3.859844985746849	5.079611795972135	1.8741529128429695	2.5368233460456584	7.685764947115867	6.380063032695147	5.228702688962276	6.3035388379782455	2.4230555710785886	3.942975455122027	5.2610810154685295	2.911327368839758	3.2308932353199906	6.19135581485744	4.786895097995175	1.9307764682260369	2.9241822592190876	4.70024063491409	4.953867959652025	8.735200948037672	2.4913620575257105	3.2631508664345925	4.915695949604649	3.905453642965113	5.441911145776042	4.949182241070087	6.3391710625552	7.854628462511412	3.8636006747708715	5.545583091288853	1.2245019962840595	5.083079624829008	6.508926835481093	4.472256584842763	6.783718028399205	3.025935244573486	6.926041642514559	4.555342949576972	3.1286463312331807	3.289853805727017	5.35089176421396	1.0667846727182262	5.833885145738423	1.3850732521682672	3.824648898994271	1.9754527153125843	1.0763976580718582	7.537686522565513	8.883252122270557	3.3860781450793893	4.1948332779391695	3.6075409779633336	5.200364148771737	4.831765109114639	7.348306612553562	3.0897856193484956	4.54109223256002	3.9195733899772724	0.5263459862386561	2.967131869727844	4.760295689619929	2.651607203061052	3.368892032781662	4.466920708367983	4.133986617119622	2.9880303158552923	4.056679653846944	1.5990449766947037	3.0902828097786132	3.6369678265993426	0.0	2.4200855511862613	2.0615870799497333	4.380008269032816	4.89846607751131	3.5735931183848804	2.5427135091228057	10.731254713500388	2.891934503403662	5.72323848951288	3.569992126764088	2.967055152287496	1.9336366063967914	2.9508390661590704	3.692319948876454	5.937313640861581	4.981175821491629	4.017561468966686	6.515670962996795	1.5006525514327576	6.783436611404684	4.952891533979505	3.2679628540768197	4.842870863591998	2.2888612880147154	6.828875959227383	2.432501581249292	3.9814770012849765	2.905486641226562	4.932944830750468	4.08962156858715	0.8060647947986396	3.8965031283812226	2.4682880872017368	3.865135097849973	4.885985435205651	4.722047417029962	3.6891002520794554	4.453786653606874	3.761100029247183	5.0362757061835595	5.46495263852338	4.83389797704581	6.667047854906471	8.153140580469618	2.266410981107377	6.548514369849148	2.3668625227452496	7.184606272317307	1.5845342484114933	3.7509815630690904	1.9415764537754305	1.27065308177366	3.3331451654639483	4.81634780414506	8.339830914687138	3.8544381986575496	4.877751986890653	3.233794721413586	5.3646052960199935	4.715686041105129	1.5179027055228151	6.343058910458655	3.4617802613486717	4.166206495758808	3.6585699182948406	7.03071810792153	1.5896179809167719	1.9607582258660419	2.8600345231988253	0.7660288981531356	8.722839414592443	5.750449113388388	3.939696566453869	4.239445541431008	6.085311424421991	6.884446947054618	1.9286924604088844	2.758464246573173	2.5083103121547725	5.252694358450367	4.927133891695698	4.84824110192452	3.618091999751159	6.564936993969649	7.432743366620922	3.3645187531542997	2.8935980583894465	4.4768824281247594	4.629849787987981	3.915931722012189	7.931209525147378	1.9710825408745387	8.035729656595127	4.708019953089397	0.0	4.66629865150881	6.029958318253667	2.74898220521454	4.018277127939056	5.773334460950907	4.64240819673085	5.94564864137704	3.877423730827326	4.715485065788594	2.671332120070779	3.739888688264984	9.310197520485193	4.001407464249688	3.5716477046575354	2.7244714539833854	5.012800491433769	2.976523183549079	7.901630357467277	5.399745986216882	4.9602726269287665	5.956233488710519	2.877095112744738	3.946709342161331	6.280116647544628	1.2776368178727011	2.9788151925479203	3.209573924634592	1.623811239198208	3.2391077757287237	6.1935349837115306	1.3566560418835525	2.6853306514793727	3.2375753922869532	2.0015142214559107	5.941147977081857	2.5123154983652056	4.277293002638427	4.905804603521702	3.0320069386488497	3.967008250107448	3.9479821295256268	6.631208949665561	2.1132243174507233	4.175097146245749	0.0	1.9935453681700037	4.429528855093266	4.156138134596008	3.9224959089144797	1.836633804563509	1.0908672210732222	4.204030950926583	4.473769951702074	5.92566387869055	7.994038653884634	2.944323114767428	1.576173251360808	1.1653067904311398	4.4557788105828555	11.565976194834999	10.581295181483338	4.790078259649719	5.470788577468307	2.0008892125099704	6.47657044798935	3.704678104304113	2.150093497027415	0.9797840873534638	4.707396898574679	6.916681202431542	5.179892823010052	4.0943598331528355	3.7615399790768964	3.693558057795575	1.9823912234123824	4.113776967228333	4.055649596684447	4.829760331760736	4.036654658228476	4.871715003777672	3.734009013437494	7.07567931393279	4.178936314532108	2.015122383314667	1.599329586063535	2.4762172131438573	7.277756698394407	1.4261399790678264	3.4426833351070507	3.8346141155451474	5.389006486263537	1.5946251298512224	1.5069035383779286	4.687707985822074	1.671563713136746	1.2948029960748804	2.8818833438068805	1.6235333730914698	6.569959771599182	1.966607872539134	3.0298855091085066	1.5895063687687132	1.4550950149174022	2.291018589512516	1.2790235711410989	0.6880713231678334	5.305062856689879	2.5785913405347873	3.2602630574317852	1.8379936219502944	6.838447470592967	6.351790498554823	3.483421791704611	3.0777965999010855	6.94789118664432	7.508020356763939	3.8612347243264002	4.9922754757160215	6.785027963009698	4.955233302254516	6.981432944927803	0.9735854702249678	3.0198335862487578	3.0626402090644547	2.175855698516188	2.862359228934662	4.691692969414281	4.130669493647226	4.570097052222053	2.951061961264884	6.076934841337302	0.9747794469164497	6.799134879619092	1.9835427876993332	7.675400345786322	4.936935891321579	9.025173159453502	4.90802539076826	4.979743086059611	3.0667525737730577	3.7005380117356586	5.748793737872376	2.9607012567246973	3.4346381432788333	0.9779371044257469	6.562542854230693	3.9714674836813266	1.207697127598545	5.090009877895039	4.772458001341333	6.354436798377948	3.6424801699379907	2.1250449194015975	1.9902695370081689	4.787972883114413	3.9858415233611657	4.97925978609205	6.348295696473114	6.939157841050707	7.498550234558549	3.6065232164086622	4.036149273729946	2.9062044494224275	4.957359568007274	3.0246664534994827	5.8848302749008115	0.0	2.9432992965503426	2.2793562067784587	2.672108985038499	2.9252216617959217	5.805452738998091	3.4609326132441134	2.495093167555299	4.924060774784334	4.115997016045117	2.7447456156752597	6.249476520412731	6.678705509566258	3.700567194877174	6.7915214160914745	6.228536225907575	3.818260016917023	4.8713962766531695	1.4775911787526268	4.991561047565737	5.715083329446135	7.9777411804963085	3.675390642517156	0.0	5.124399192628519	5.5446987821426355	5.7292369202072235	5.757361487740549	3.119806083798862	7.551037334924504	5.337052435927072	4.115072152478843	3.5212756463990584	3.815834273715413	4.926848918568926	2.3647939324209855	3.0136927445588872	2.994620774771267	5.35655466470223	3.409010691223789	2.163526434642833	3.1607809214146254	6.009496740398539	4.89521059925409	2.7548142187045546	1.4957733642223865	2.954635641206872	7.157160145983162	4.563607550196029	6.063697362460441	6.1202874415378385	4.550226124301497	2.905992721924071	2.8165739000257757	4.840091679428606	0.9646188662039573	1.4852397530656523	3.894361338907703	5.622861650574758	4.977160308038348	1.933247651442238	0.0	2.9841572225264907	4.171912627564159	3.5906121579759365	5.856979010139631	6.69543567581485	5.499784210230642	3.9828214405093187	4.994066553254312	3.0214995826930533	2.3048888455601055	1.120759788023155	3.6737162548429407	1.9232106220744192	4.282350767204332	10.978394377358992	4.881130845042575	1.702569802037294	2.931802262845826	5.172016613345084	7.462311831212338	2.1163986324828294	3.0812150377811176	4.328079702874708	3.675217389653658	7.78630812139267	5.1004020525564355	3.3503478363592882	5.399177429250298	1.1028131970886874	4.670829533566213	10.839938630341162	4.963837570724564	2.0683773376067056	3.934459927693967	1.3331157965995128	8.782130074246403	2.89390856643052	3.2909760214871344	3.5611015935615704	5.923921848338941	4.986116719192967	3.9105299084139005	5.547881348609238	3.7922014402454423	3.8425598726418997	4.083277063032984	4.027140189564467	6.197890518059739	5.806391181890201	4.2016116994579615	6.090143520453742	2.8282595891691784	4.279768824892032	5.815713640166826	5.8871914932792695	3.672561912757249	2.923753765227806	1.8860125568646031	1.601914726825963	4.656898296314989	5.164934048926768	8.980207521111234	4.0941535065820585	5.879035226786324	6.81698528130759	1.9189808168298255	5.815494446512518	2.415384365008951	2.903645198534144	3.0635925275357936	1.524735918789834	2.3195436242921836	2.809543102887542	7.032042907676339	3.707022793523059	3.831474439655819	1.8803665102312936	1.5014384581469575	1.6610264375553034	2.3957338023786527	3.2458683304874345	2.9334248950086614	8.871476371720647	9.152527173563817	2.424456910032957	3.9823659997873704	6.926991153392075	5.876469309458927	1.857623325611505	6.550059760385345	3.1843563252526357	1.5879732434514537	1.5739469397866328	4.936622737170503	7.154991137813888	2.4267302514672453	1.407267777805666	1.9393941825519079	3.205907673041764	5.348752081998771	6.933727794973309	12.997591619768466	4.70596281356178	5.916554613396967	1.568746787688624	6.199189922879217	2.8002032989528995	5.674174652213475	13.88145820478997	3.0514968988517315	5.228974537926724	6.807596637451079	3.036244122788825	4.782990457528273	4.005687813775894	7.744532557685003	5.026934880370233	2.0824510424956575	1.4397401659934055	1.657935555032446	3.934678939300316	3.1103383385158883	3.6600934317955147	1.4514381884929306	2.6070943111210356	2.5729499400796403	4.892847618873392	3.6831291692013792	9.067631899364867	3.8947669316868665	2.8880085418799184	4.396522604211043	7.518433141865196	1.5607057419958104	6.624434040980252	2.7280697535460137	2.9471901547996513	3.109294393904653	4.784124404155996	2.562597208739825	1.2298009618341574	5.15555003423493	9.330015639915029	6.766371966291112	6.728731472446965	1.936109260330035	1.94842996673898	1.582825060631315	4.0719839442036765	2.542538897115933	6.895859620130689	5.502990655363623	5.697569488550744	2.8089206331174803	2.983725351444376	0.0	7.008537577123441	3.606741817162795	5.933135511383793	7.039152875839483	2.532522494545494	3.506217096948566	6.316006723187997	2.6952459827018314	4.1529068808466265	4.459300485174657	6.849284050354148	1.5002111214631098	3.029547496072938	4.040382469657766	1.3001291775899424	9.435559829989389	4.829770119437804	2.5870975452866385	2.6316466237160867	2.384867566608532	1.3960030196716127	3.23450558449753	4.544423538664063	6.262565311692073	1.98424535691413	12.833752567415356	4.695743129532182	5.7990982885533615	3.6215258126015617	2.4392040503470205	5.392092305353512	5.02748541415701	7.610327849377291	3.7679917504385942	6.175783861191927	1.6607117376268592	1.7671709041879935	9.800996851740363	1.8743933898050247
G18	16.09721807569247	12.1712798951098	10.428616496977488	7.894227404039265	7.670813954347236	9.257174698562595	7.091463383963296	5.205153962493506	6.3454882627449445	8.876421176515995	7.618554238291736	11.04528998813912	11.782231061071636	5.434551354187491	8.321858755623625	10.914314575809044	11.106777702065523	10.56684187860769	9.83216954641948	8.945258589350656	6.420266689544022	11.282075322589296	3.3640515212389674	10.357696698781579	5.640985718528841	8.209220133261445	6.809644226247984	5.649320192049606	4.913422167587078	7.996141532722578	8.550686273916758	9.628516769144326	4.05161263151695	8.234194950100656	7.4330271068638165	7.323527640979498	5.973547744654502	9.706537979322814	3.6048993427760623	7.955957230748251	13.030323511774725	10.305994735584743	4.807128053500477	8.587037968034346	7.835519485724176	11.560013781963432	11.518466895864119	9.569800488092145	8.608921615265233	2.9810342603612834	6.947872157660557	5.999760503649908	8.388141982486314	10.240541852242114	7.739973710252075	6.424880076766533	8.765439180749214	9.277571177999308	4.81099142216931	8.629587479237149	13.554958830262736	4.083152217368226	9.331555100258399	12.680941765995904	6.912915469143315	2.8957438544592824	5.919722118601548	3.926031139833176	8.985944029967083	8.707997585925531	6.48909683909761	14.92039434035921	6.150389731248731	9.955276436165853	12.43179172530719	9.699757394541033	7.314005519385595	11.227775309123588	8.48965927941601	9.26671437755038	9.927969911332626	9.667017450840406	8.474226848272007	5.96463523916518	10.068397961029044	4.902624056537674	10.194998678131052	9.888527245014531	12.718797000856082	6.240191269199237	12.002881674470766	8.523529620577273	13.676779790886615	5.7104466389731785	15.269253710166375	13.631993112991415	6.724418079114703	6.782412283540896	8.742180918730664	8.891651307233383	10.19997117206262	10.430630661632563	9.85324225873162	5.395853036901415	12.970051266291723	6.789317293755358	9.224850545279978	6.370037334006772	5.100473212053739	9.308771799117878	13.810297726439149	7.544770783706365	5.727248492748385	5.855755053692308	6.622329272304376	4.94938617045176	9.83514493014967	8.195447737278773	9.934077083506269	7.69145890504504	12.939915707737171	6.939444368592645	8.113080159789812	7.889997797130962	4.969400283596413	8.832015509937376	10.960060729919295	5.3927977862788055	6.171318785117839	6.781702284263941	9.140604914964866	5.747926480177803	6.960831189294638	11.703532921906987	7.875640097752627	8.001974944077176	5.515139545039224	9.902852531345841	5.975890078043659	5.295477920762307	14.310290516174973	6.918952052475297	5.222551741041927	6.038162831446948	5.600895474809942	11.90803564667785	10.53195067138664	8.104034709331962	8.972951714407934	4.840992099887358	7.402073466485741	6.7931978706055505	5.641676465850299	9.634656572771926	8.654387933970341	7.903360705702905	6.35334936013075	11.04423703281496	9.394449750515973	6.672333638662895	9.06461979132677	8.095245752684514	4.89427095956448	9.100243348746575	11.82956138009023	8.629272069919026	13.14250996526561	7.351318737537634	11.703129188072163	9.90625105278168	10.8476921913604	7.576171611643115	7.07306881388022	6.206699331388357	5.83193068829588	7.208536998868419	10.803835442453881	8.349817227067598	13.390341415063478	7.501575997853001	8.754921626875053	11.338488609244335	6.521542556010889	7.677285602208451	15.337147603701208	10.18327348211628	10.82855241388872	11.883368837327167	15.429383093805248	2.9644508698807615	5.951358045323019	5.822258786554911	10.24816122328092	12.068013771203798	12.923902828445529	9.564339134315485	7.92430484191628	13.999598902856347	4.887293628348288	10.752291077797317	14.183681390254069	9.775725407715797	5.9795720088911235	3.827128778888376	7.3521853948025555	10.37960461436526	9.76486353297368	8.296909140357362	7.6362475593715615	8.140987986484497	11.213657546397659	8.986340675111359	9.84033121573035	7.649669574569802	9.64739866912404	18.74373984915689	15.658973447037093	9.272666976381936	4.956129074520468	12.290083015449657	9.481893641138422	3.9783495599102747	7.192703255267573	10.79192115768208	7.73751238969775	6.626173418589155	9.127607166052412	1.998466317198163	8.640710373515539	12.335584538513944	12.234725825287162	8.804695262321186	9.589899764678535	10.104576386323641	10.718051228886187	9.894060071756753	9.721847657700785	10.180556265067363	9.83304970035269	11.197590786569572	8.2904402373112	11.551082000975853	7.859908278018236	9.402416229124512	8.360357403743118	9.04941678322396	5.731593955000153	6.979704910245222	8.450120202471677	7.394037596165135	4.202867102499776	12.101706446057614	3.2471269032809595	11.285949548086581	4.897526168030896	9.640930704571197	10.086110643309311	4.621270678147658	7.004385636657964	7.808557247400822	7.971261394705517	12.659395595526469	8.85340806839229	7.676193921557448	6.329763275644136	4.558958321342805	8.204965696501626	6.377865519296402	11.275373584345513	6.961116764504673	6.740403620176672	8.576894397048575	3.898909166314435	10.94763498529988	7.323608544900362	5.564608345398744	7.979604924862219	11.353126985787544	5.924745111822078	7.130148811845269	8.25291736335338	9.994708643561387	8.996987694473269	9.1670636994934	13.233089665569079	7.2141282665562185	8.709132162039543	8.669243638863755	3.911242371617518	4.872072169171118	12.015661552176303	7.702866669611811	12.761291699500227	7.650660619788028	12.1948196929491	8.377223165491769	8.977901631227095	8.960806063832289	4.968460766170955	6.619126034702307	4.786425405663349	8.048714069726627	9.091655753136632	10.617165541415341	7.709532250837525	10.406602733481199	3.389556366566252	7.6903717199228465	6.980829142487324	5.735433659832523	8.200984639734813	8.250345534338377	12.073343016862722	7.4805968065490225	14.480656746673086	6.653454178969548	8.310410924909586	11.376693975186653	9.878828524599935	8.249617374272843	7.817197669673347	8.222810875924472	5.31593455493702	3.985245074482034	8.272429841810435	10.500899144683313	6.168246908953532	9.745336510351546	6.761033251061977	7.350721817978411	8.99729537956814	7.1758515860512	4.855796207223501	12.203996741871403	7.782229028260566	8.635810624203545	6.865280186016983	11.060892118459973	7.780072098740312	9.5627659352633	8.733067106104114	9.953655087368974	12.57208445465902	9.108099548541201	7.081735715615203	10.152652608195911	5.967564802027858	7.1181498379846	8.466877832489338	8.7247353891563	7.686666723661631	10.925775722182966	10.52787985310909	7.8709760713511345	10.3932078240224	9.680962693083606	8.869277596578922	6.020073979328397	8.869501196962672	8.764605179843457	4.97257966220668	11.149426616012928	3.9435466662004868	8.012785212575498	6.711036006409728	7.859977254203859	7.011350525524859	10.09913357866356	5.106766625250645	5.62232973930326	8.13788675239904	9.661056047717146	11.7522672609262	7.713600816493401	7.777852787443389	12.384286576442202	5.791531729715106	7.617204377942933	6.165236662616574	8.243430380260392	7.904798314067842	6.8224222461316915	4.890118707681381	7.819349910625102	8.151515227340719	7.177414209954857	9.250874581359705	9.401393275716107	7.556878706216021	7.677702464961452	5.176387197199313	16.962801219702428	9.286045148500763	11.932404918380325	12.20914295596906	7.571207466240633	2.9828721660578896	8.544343529554125	7.7503124830344605	6.348745746957806	10.47174448495156	12.968498466550221	9.798462518455235	14.277957616190294	5.891122476214131	8.174053832406843	5.971588757190297	5.595959189834875	10.427934300147575	9.771159471515844	13.532105403421964	7.015799634783057	7.212474126556749	8.46004004570876	6.665307168383094	7.373876443570331	9.691417159838005	10.247010283429084	7.45609027072021	7.433731826004332	7.656527405147314	7.917841964615215	8.617664581788889	8.752077544636197	4.837414026720099	7.14981704616529	7.712448837679793	10.963182670585285	3.8417315332407114	7.660767409862897	5.798784257051622	8.781899445862736	9.389396207959157	8.797802111665126	12.19461072615814	8.685737780678082	8.714639228066	7.351299330043102	12.019743820281931	9.646434749888796	11.152910646477833	9.240871562745658	5.17538946698107	8.517967947962125	10.101250232687129	7.816136619941892	6.727094286291937	9.832325159394667	9.894596977492169	12.863257841180753	10.490524729691183	6.578459382299358	7.1948041797160815	8.184651868150768	10.571439764470407	7.5024444122985585	4.994886949382015	5.250911893652507	8.19530309024407	7.691837822628117	6.727634112652267	11.350355066012462	5.028135812699169	6.501733518696765	10.634736771596586	5.06550718708234	8.90365155187911	5.686221842591587	14.165301136797652	7.908264778478455	10.658749860790543	5.821309719032612	6.109018574417895	11.423229529254824	9.45856792435314	9.922548680984272	10.397156302954311	6.903112756416264	7.1451025720439425	11.942462786237309	10.608361334042213	7.884969073242674	2.9082186433671935	7.349462303955164	8.556552038491963	4.772247842907475	7.5075906957344385	9.114914259541598	8.376625614515472	12.298625256868005	10.986788043968561	5.384635033266687	7.820054321943326	8.345047690588963	6.672872295053048	12.31663237345842	9.46270377142284	11.333566268241766	14.023972332729189	6.566548665279207	8.969552568791745	5.455574252399749	7.711555029788301	5.747758469430902	9.813409868421344	10.928990985770202	8.129179604738102	7.20526701331725	9.351824109563468	9.087123216026797	10.23563755853513	8.460933779898733	10.956379271273354	3.95298878757836	10.365981225603337	6.4059845090725425	11.150393017676324	5.576618160967904	6.307336277514346	7.760360800653204	7.517762439499039	8.364858895603328	8.828352318054865	9.347248326403612	5.636205052906609	6.238365741531718	4.8514313043568515	11.049633134483681	6.735506127630286	10.808804323859977	7.148762399751798	5.177202421452505	10.937050829676473	10.566498841369956	10.57596169482244	8.535174609992948	13.910624623292218	7.99898640612507	4.978604346821941	6.947460111421966	7.186148026030711	8.320946843419637	7.8487487060595775	7.494242622454421	7.321896263634336	7.989087274409423	3.7611962176910514	9.04414038481938	5.960203979206671	9.795173007534341	4.032419326110602	6.012348492837338	5.967035717484252	8.897923030506961	10.133520409354565	12.486992822792448	7.867501267687961	9.75844516754964	2.8033428055223175	7.642292908841807	9.645228652649598	8.821745211654697	10.564866292644993	10.28634877580938	11.038087417418046	7.546352755391488	6.644663570104518	12.182376366903389	7.253058047900775	7.632163519970601	10.795100923443249	8.216915057941442	12.231088684908967	9.34338244764996	3.8689528669544178	6.997238906661456	8.187398591060205	11.79423887926166	4.5129857081725016	6.925942174594948	10.34343316103282	5.828217105848481	12.843115567204693	6.849787732474254	6.9935757668600855	10.882730623908103	17.211366624915208	7.321414402799491	2.902368267923805	11.184739472256412	11.683473598001994	10.724968849508468	7.746443396196383	7.952223156630625	5.7698979300903845	4.941314930164509	7.8519028805638	8.8904428836018	11.070714688612512	5.006663788079607	12.750233887061773	6.718216794328847	7.772565627368016	6.777141868634433	4.310695277937934	9.688263605338179	9.707913672182837	9.377438072178142	7.592430412725754	11.766233416361576	11.304487248767217	7.266872742558615	7.780517531642599	10.33483820292723	6.319655041980112	4.631835453965018	7.668966493570333	10.498449134733354	9.42253279888282	7.634378811264645	9.722729454455312	4.556836768843746	6.857089564474981	9.12262005007066	10.819124478446923	7.609181072618971	10.141603231012585	6.408795258005259	6.308326616287561	6.7996313439032745	7.4384094047120835	10.954294828580503	10.661744702896353	14.980184793478042	6.5866817988904325	5.853543299926312	6.038281830367005	7.228274315232139	6.831208954378937	10.070708554974908	9.983160898145236	3.983830941835323	7.04638889304052	12.731484337656397	7.062266885284609	6.764656091405715	5.96210378983895	6.839656530285376	7.9730661448098115	8.516865926841005	4.791712597346798	11.091205034937161	2.9388055589339688	8.292032923783466	12.058486996436011	5.93201482221847	8.7711604348896	6.853372331001192	5.058654064448554	12.727760837830282	5.668062266899772	10.741520620558779	11.101020383699115	7.9120851763493585	11.490093847857755	11.359312707937843	5.946887697282089	7.001552343393756	5.229923686178338	1.996326184119896	6.586866334134646	6.278900309319925	8.247022772298997	9.945994975554012	6.705337409660833	4.918045442958575	8.447076836619525	10.370295133899493	9.592347198420487	3.152077682062716	9.447617852257475	5.792367126847481	10.080092765351653	12.166721425011232	2.0929539541822977	4.932204390582933	8.9551885237765	10.306122422184462	4.553873883245586	10.995548291984887	7.285386524580347	10.58351356208021	9.96624133736587	6.451989746245607	12.864447806524279	3.951080995976113	3.0482922753329547	12.029342070271625	11.845921673013423	7.860937654334219	11.26269930408702	4.8540462791001415	9.624955941919472	8.34823850955049	6.046369787482026	11.779596848902354	6.817947624619985	3.9519904709268925	8.645512560567388	5.978953809092318	5.646559334261366	9.270155449896771	4.691474420720562	10.784971267713674	7.257185134672084	12.618297542074467	6.290070038969368	6.3995210546054055	6.711306487532282	9.309642656769913	9.009152483643902	8.716758504532217	8.762050334001076	9.446265243567282	6.939238509899436	9.295524970459134	7.21666491687771	7.640871243275163	8.733379866294216	7.242562955999737	7.828743116936441	9.026721627651261	7.898981192952194	8.653646191962954	13.199903662510852	9.103772243454532	11.085653557568644	7.664529497532177	5.784098757486326	10.721790237883702	7.291078659907013	11.713004407041673	8.045602346212492	7.045000985986016	13.867977037359799	8.430548096895034	5.9264425414938255	11.631224114048129	11.266834906114445	11.690736364485966	10.37898625825337	7.914298051057211	10.37627182583566	13.441538279812775	6.013718251521386	8.417024740160977	3.613598874703048	9.872920551676259	4.694554826157393	7.306754997589788	8.945032151194228	11.909564657838946	5.95408785871492	8.8069572583478	9.942711558408094	6.2472808907649355	8.111209721465949	8.571420298219687	7.489250715667923	9.102439931483445	4.915752302635561	9.636821876390554	4.888351814094613	12.594487016282702	9.035577974813554	4.559782019511088	3.771680968485391	8.294691162111945	9.03522877019905	3.987128525850091	8.811324706906104	5.292253435671908	6.704124790796087	7.266145148197773	11.53090178590029	9.831038841758213	4.808416108679114	10.032856993405431	8.218035797501878	9.71715320884652	7.8424610669892925	6.047135538849106	9.5840763697723	10.219145486197485	5.897869441749321	7.675095149644555	2.98575328494805	8.542110528604177	4.21153630260462	10.9380874431286	3.989419511473976	5.8954218858279095	10.543754569234146	9.041226602612145	8.902691150746257	4.8936448266473365	9.638764722087295	5.382013712629886	7.7750279916556115	7.317273606165236	9.294397614369226	7.992353814552571	9.52287697781535	9.853645414387692	11.532473509887462	9.664027368697388	8.153148935670242	5.775946866849585	9.021843564876328	8.839224401539264	8.657338868554813	9.434256290254641	4.966471424116358	10.478527816310967	9.359878166905357	4.864382070752803	6.995768110964583	10.821695634220521	10.533919984008378	7.136889908906929	8.98671011932029	12.791148479631984	7.726155940065331	10.284519430620668	6.910290452222545	9.917554186023263	8.230720476442348	9.256675325026123	9.542043996045047	10.401815669820332	6.870876812585398	7.26594235273655	7.126765524773584	6.963281061574037	3.86822061458998	8.572862386292078	11.46355791549963	7.846448770957293	13.84141231179192	8.708588651549366	7.59578659985507	7.750765461736721	11.914410816962224	5.8938965481739745	6.78107478019795	10.708620786531151	7.764572590682252	11.728931242442918	6.926869375743004	6.456610762079832	13.448180513367921	4.9685277959314895	7.5037519480985395	6.780964130710123	10.34197402806045	5.751634383090465	6.795136695380322	4.669198466270055	9.530809491335898	7.8585647529120255	5.076262537599738	5.960413898074859	9.737943099083099	7.858742866976104	6.315536072530053	9.175895413290325	9.516848019890297	9.580757731980105	15.44508047417933	2.875965555775789	14.389044787157372	8.762729983004114	9.972207197756651	7.82008852090278	9.02919546813286	10.010294373122516	9.313903968474325	8.37125807300255	6.651611641091199	14.045199719368009	7.42965279207114	7.817016053227352	5.54895861845129	9.069849561611647	10.130117866899006	7.756704968166021	8.831449457538103	4.885328941413734	10.958888220997991	6.646232623059705	5.46889751411898	9.858262639070194	10.805033838705649	7.776836485840665	14.701449390678524	9.66583143055908	8.29427511072198	17.025920159929772	2.9790378575555687	5.1483541795413705	7.081800280089355	11.524645331994755	7.972406056726327	13.59929090978696	9.950500868783909	10.632286398572658	9.520912616834128	11.021275998252584	6.868660831929263	5.752808712917522	10.291230112530629	9.635557160934704	8.068062069268324	9.64031865778816	9.665147931136406	7.8633173153535445	10.398639552415373	1.9476208553540828	9.968298739054994	7.650662961409537	2.897416180862197	9.869192215171504	7.72950384265788	12.973174853861543	6.499649455521957	11.180590792103505	6.79174034773511	11.07352034130363	5.689053367052135	5.962697617857391	7.085544814320456	7.1500017562758895	13.621532287983815	9.648620291124477	7.0533991946347	10.96313433880101	6.864204532063779	9.985646267199344	8.891064575915966	6.842369905491007	8.108592661445472	9.135241559667065	6.648807309644711	4.809307121210617	9.80736219072971	11.525135928319093	10.731511341396512	10.119088781399457	9.787625540005797	6.960071068436209	8.36347225937053	11.367256675754893	11.447539229013115	8.254650443873615	12.703026582934443	7.156091110679468	8.623610912121352	7.336676727419225	4.835316918447682	6.224891952749475	8.456775455248435	7.78417474986222	7.601494190600557	13.248596745415103	7.925230442303176	12.883695452822705	7.0069442848464245	9.130255134794627	10.7207076649237	7.718109868341889	9.036476384107027	21.132910516901248	6.219884368789606	13.62262609259976	3.508616264388392	8.153048776886484	7.319962242570552	11.522922052507004	6.838813944075044	5.907936594997115	7.838969072099096	9.239727781621232	8.915973855321692	10.955886799331267	9.696667968653548	8.439882914855206	10.770998717629732	10.64626356343218	6.767418014261199	8.004166828305895	14.356368539938309	6.508971194028007	8.7788862294668	10.796483439163595	8.777932937309592	4.4308153334059135	10.59625389943253	5.587548846974685	5.3989134323677215	5.512516862494113	8.714500540172168	6.127797637631469	11.713042967858616	9.35256984202664	6.042264878164057	8.053851485858743	10.695883817017094	12.713935424789014	8.317515512708628	6.802986908390702	5.149765043981127	6.519455093271291	11.897465334463323	11.713480992628586	9.901562363141325	12.118354752024537	8.235262153917242	7.857142980367862	7.201495825649905	6.059770772592866	9.263268793204038	8.177173358114372	5.705179240642303	10.528386485415245	9.784382121251268	8.081805080050831	9.338505300241716	8.879215697912807	13.188049555857338	8.414351900908311	3.9935557921042872	4.1671551454332425	5.890244528987692	13.627656151112527	8.844563199203476	4.531602384978399	2.9521395377390216	9.057634428146223	6.573151552231732	6.1254672210771535	9.179424270076538	9.166014911369334	11.606437435210093	8.610975139977457	11.215737762144634	13.843159599786363	5.000379990545874	10.733337867388144	3.888258173866721	10.586261867429112	11.003578837455565	4.609527181079626	6.952934870096508	7.588920714947065	9.645813049259546	7.345729701823092	11.840969650102526	4.9960941183257095	8.711168465097593	9.052597228374934	7.46429345729786	7.236444432492436	7.8945662524739655	8.783206264758974	12.87353591904284	3.89712691701626	6.036635711402466	6.148278754287285	5.42206409328615	7.530568780797988	8.728527219293925	9.665227802948055	11.863320165241184	7.158372358374803	4.742917931683618	6.66380014375955	4.901852355285244	9.687591786301342	6.519322914886823	4.937596026500115	10.356777137259005	10.66990450053193	8.279307278565419	7.750373960280616	5.836015232806065	10.756865285113461	12.712686562426647	6.939689337547864	5.956431569774132	10.96963865009299	9.362487499758998	10.646536734056525	7.809486263127689	12.326227671427326	5.217037101581852	10.291499653030295	10.628251321887166	4.6430882184879705	7.267454174532592	6.846304005189897	7.251891959546268	8.866416591035001	6.3526337340348755	8.48769186032836	4.197520316115074	4.910747051821848	10.095011164845427	4.7718789999737625	9.046611631313526	8.032348709233034	7.9506694924489825	12.14294082507706	13.206744398983195	8.366349184227351	8.756061763665224	7.919397786771621	5.263510862603849	10.873991861745731	4.893168223465539	7.725931106776305	7.900977218089842	7.308333710192838	8.72463832052281	8.727381579613262	11.529244686960999	6.213992108426216	6.133524436032343	12.053953174502807	5.957114000230992	4.970377304302983	4.9699503291171885	8.343785193678972	7.2888923808826265	10.874959376064435	7.99819962225783	10.179573770863112	8.903252549414086	12.177439050588415	9.821064303760469	9.632624733345404	9.941850954663256	7.976436419621327	9.93149477704302	7.384980175398437	3.9259006726813412	7.383460285509212	8.636934786510281	4.675995587917336	7.890370956184362	10.69887020682369	5.102697228909572	5.740625293899668	9.173232028028446	7.355137933644713	6.785920630106946	7.934812939653758	6.90430530761874	3.475394798666058	8.384314567585866	9.8701902115667	8.547534730787984	9.888269084891157	9.257271959001235	13.687272875049143	7.833722067334563	5.784629360126159	11.84852706154403	7.114711627439629	11.951261080658538	5.209966135297451	9.974982414057848	9.691802151096834	6.109912316936469	8.039536928040102	7.970791249989836	7.740645839485744	6.768845058406361	10.566341918661907	9.684490522643646	7.308099045711223	1.9952163705783543	8.961125910096266	5.675376651988601	6.270789217321131	0.9906839218988832	3.4892628904580376	3.930682649154648	7.927846536789892	13.34730706158806	4.9865086078605465	14.406334707317574	5.821673752479411	4.44235426711717	12.086713254556093	6.116978388817539	6.609524125123911	7.940849300668686	8.83816832911498	2.8997137153316306	7.971345800428203	8.12637491652308	9.5811610945198	12.881268634345961	9.458084789746156	7.354572193358015	7.370182452841546	8.130494242124264	7.643160283364123	8.657144712179266	7.777273930142221	11.15919824056906	8.694031058875138	9.782797696725087	4.969720508255769	9.189266222700644	10.482658184992001	10.096371569245372	15.437281369805316	11.501397794683738	5.648541292817026	6.806892195471291	15.246691521473807	11.173904771640554	9.853960259757784	9.523069960068138	8.019799350945332	6.921503894216662	8.968736517551392	5.560387674585815	9.38515505452821	7.538793575411388	8.877594157358983	7.29579684870422	11.023433511226122	8.740259278957302	6.84387413509625	7.788132758187153	11.380921944214247	7.640192155193929	6.201946050904844	2.890330213401993	16.215430174805427	8.567317493071144	10.963266185280144	6.824806765921385	8.716971553526054	14.805992889991954	12.508823178428157	17.55184388526109	10.848329067013651	12.169023204064468	8.043554634741946	5.6099100669883075	8.644509536306566	13.888333150334581	5.832393717352438	13.030761743203097	10.626557159983784	7.961589383820455	7.741905540411932	10.175938196028119	7.926925836234703	11.559263959829757	11.674969642137825	10.314691882584189	12.604079465553523	8.433881902919659	9.541564246241684	7.731154046129557	6.585751917438212	5.950220861751144	9.909951512276235	4.948665245791543	4.0651991531692895	10.203054283501155	11.64858447865986	6.9571499312048095	6.979076036429467	3.2705107714887642	7.727972484892986	6.806301751228561	11.989256725451286	8.76349397342453	8.235076423168156	9.83487183079103	13.631555255418867	10.234569615885807	10.128045939438499	9.608641520595652	9.659507342440993	13.713845219010732	12.184352464667581	4.967077334789705	14.683859944327088	12.070772344026665	5.825686692760806	6.019362533449848	3.986500994432419	5.750087336174634	8.208019577142082	8.814098704272485	6.506392029481278	9.532251023790892	3.810469105968415	7.458393613621574	10.465246850760742	6.436233884424636	7.955903122949094	9.97980362718199	6.759127538326921	5.798372007156245	6.747951017132872	7.325458966004978	11.616737190207107	6.947655062793188	7.2814326827749705	8.647243726157832	11.776552422271656	7.133199743847097	8.690942301194342	6.787944233143882	5.909332947841425	6.793407992470475	8.460389804126445	6.419192324367419	6.08519051063414	9.965042187770361	5.798819809818896	10.514358545051051	11.626077563950044	6.482182497456708	15.975320179500663	9.082305901033587	10.899078011734124	15.915739920006386	9.200428750178506	9.135990359239909	9.989520774701248	9.445890647487692	8.632338262946087	10.088410071726768	6.96621840611522	5.485213400495531	10.57931867453911	5.8012657795430425	6.709570784299	11.63402860969501	10.598429053584907	13.83970395194775	7.044835802366334	12.360276898901748	4.913663616718154	8.786202776124513	2.9268380069682305	6.7948366560787266	7.142229178842086	13.989742955953073	6.771698260981991	8.697405555090373	9.41228310951999	8.775532059358824	9.287432740291012	9.667285743424278	8.145900362721848	8.031186450662664	7.243364964727287	10.174726996801244	7.136674195503032	6.586007557298342	8.337685035559629	9.13100610625045	10.788205830516171	9.449151750451463	6.745379643616368	5.798496575581859	7.780634292714296	5.653252857969682	7.868204889360593	6.220146456770234	5.758262788324027	5.924898293681301	11.580124889246212	6.777090133159278	10.865737823043746	4.943829752954259	9.064469706041136	7.77511679703588	9.860278157378463	10.020652836128571	11.88225038347147	8.173051680742576	6.511708786731479	8.421041757850992	5.50370920217888	8.319872577840892	6.837709806467322	6.943697888800865	8.190451445205925	7.529874007752182	7.152597796073085	7.439330411655569	10.865997796120116	7.789566184011855	7.6405067752568305	7.821981168837739	2.4294779830879336	9.349602982438768	11.082724632048452	8.995783936340958	8.920650195928479	8.0814237122546	7.573858625980943	10.778173780285133	4.21188938013423	11.96612124156517	9.997026777875426	12.898257390893356	9.027606486033207	6.92866421751283	11.589545741298425	7.221146432964267	9.113619449590056	8.120137821735943	9.493451555373174	7.143703994293829	14.536276926357585	7.81950118343149	8.617312722156996	12.102959154983786	11.332102444162413	5.984913879194733	9.87817005912655	8.085592104712658	9.195388101303301	8.931903845893297	8.55842894348384	8.105239015720796	9.467009316244049	8.643668799212314	7.562179401991866	6.684561222164087	5.0174119719813515	11.430416656756996	9.013665319961623	8.35452166435782	6.435636830059156	7.548641859970474	9.830133358261593	7.033179878683571	12.309659323726065	3.952619416324114	9.126161335294666	5.8965873607453965	7.395115529295148	3.097875636758144	9.384525569278155	10.851109529394257	8.477012370211838	4.950893222768052	7.510449197332284	8.860967743429313	9.607219589480918	5.888316332441861	9.230820570900669	9.387789452553175	7.2257213469694355	4.90737484857194	10.380330297855421	12.25261790690899	7.305041579682167	11.709169393708274	12.62628182561056	9.956991128268763	13.157187393873256	9.531861449591219	11.159261348465309	7.176134070489711	5.968106548482067	13.252970505030076	4.078890522966961	6.143260231674413	4.740180773610977	7.652764938348187	6.882483859763236	11.200822227183528	10.825216616078093	7.767691763905038	13.505641340114781	5.804639414376502	3.3365558448865236	14.348495868253217	5.7250549481008886	6.054720675070591	2.9006664040805155	7.775706570303368	8.952692239805582	9.902639157952056	10.360826731931276	10.447989414985718	9.64625716640432	6.959262093642593	6.9211985526893045	7.2152695236225055	4.792836928536978	5.838256979779781	9.865160945334603	3.6567861921803075	7.893785168623759	4.9331597440774315	5.637663064804944	10.430140748816093	9.605713958005525	5.1192647809297345	4.523300992667847	13.487008666918687	13.010041567679403	6.657329143745725	8.750826920316308	7.974347120105285	6.508732944740896	5.551509060740053	14.592310896379594	9.46504712366832	3.7007935534644214	11.252225684518432	6.750598554852175	6.993413431056257	6.952805208328941	8.589739239245787	9.357037584583239	11.93249962710394	10.488676301924965	7.346347937624736	3.992195936829373	5.768530619509607	4.91625994808981	9.966472561899858	3.4867158291501497	6.237258674207	7.9311056185409345	9.61586664558181	10.46772563548823	4.556580818903466	14.14690492597963	6.739276588428388	6.571690950914769	9.818861266526607	8.57830570760176	5.93032171094	7.845321104091296	5.054652644147713	8.88469838204783	7.735293143500664	11.613295861068758	8.268419457178007	7.869080484705092	10.243219927528681	10.09647145537382	2.999021402871061	3.9463525682054743	7.675295235712138	7.937669122628851	5.062830296319414	8.984689730161314	7.507664299556732	9.642342813028435	11.319680372717205	11.453262821471121	11.780905337891161	9.223987651163457	8.059704726060113	5.738904032898102	11.029928183217539	10.89058415069877	4.5888139193655215	11.958763495124089	11.43932393478165	10.431092959473048	6.707531996800826	5.139574882152414	10.74315462235233	8.4825932271248	6.743709003972889	9.689670632792785	11.225040226973793	8.75600670385756	6.852721178039133	5.051483124544335	2.9891351781427433	9.856835056820517	11.221462933810908	4.896189748199989	9.668073260228265	12.380258874697935	3.7939172528455685	8.686459500237438	5.051705089543075	5.506493512629334	10.552445479264987	8.89150710875391	7.8129154323763625	3.6839473318683793	13.246277552681374	10.481057632974302	4.869987570626783	11.81942170335195	7.5107917722155015	8.686535162146136	9.718639951829866	7.4387234879215525	8.589334845684755	13.62769193751157	4.854568556615655	10.79526400289831	9.158085233150967	6.136580901424741	8.318863330830316	5.209422940751661	5.273103262667776	9.020718302312403	10.505155546519774	9.59850279816345	11.795821919814978	2.9955486065279002	5.190608063201974	8.33381230219825	4.94692771636008	7.2363106583009	9.799031586372875	6.005945766292233	7.4228291347508994	8.99613425736531	7.896990550804859	10.153496154649796	5.6838526147375745	6.767431906138205	10.975142045823391	6.070879140885941	10.124347002379482	7.63089966700594	6.690501932697703	5.909471621741703	3.2842657494186485	7.209714024984419	10.578925383745275	6.547592498777677	7.915447730583165	3.000089155307517	0.9612514437386821	11.657607620455755	14.507929713374601	6.542383601527508	9.71626456225756	4.6947124678577214	7.05561343939078	11.250195019668777	11.36025967920639	11.643626298863365	6.169045626404204	6.788332433231456	13.41897579317861	5.627950703065185	6.133865770488004	7.132962006379543	7.2717720143373	3.0211095486965194	10.62585395015972	5.3170258287991965	7.428928638231796	12.256443771938763	18.79514193356653	9.92453981678609	9.467767760221255	9.754739068527703	9.265292862182418	10.66880612031291	9.819343522131167	8.326496299450538	8.184368884887096	14.199758032217739	9.065662668336657	7.850836861925741	5.469242034284751	7.438939215538973	11.048758217340927	7.665995435427205	8.758998093397901	9.552868512589084	8.531000298845344	8.406202562059509	12.572571828129837	8.783440652949597	4.93894486029551	7.921443735553854	8.73780247254896	9.429494406461762	5.268804435904726	9.158610971961421	8.714495667320953	11.35528327250355	9.565279750537591	6.147215105770279	10.417447065238694	10.085337120135751	6.5360081441044215	7.508762469181839	3.941586169214741	7.406947953091932	9.600246778978176	9.916040264815397	7.101053288908651	5.692389524190082	5.797954808066347	8.45791486331628	7.492952088369369	6.8833053764326255	9.376213226881125	6.726158926926508	6.906587862440234	8.779532326551536	6.816052837365866	5.7352259421516125	6.229209395337235	13.669362931196636	10.154246523834114	10.542510901738108	4.551772818616373	5.167769529384839	10.253098386950647	6.526240044431402	12.037773465404044	10.155336850227464	8.866002103198664	9.542115359283994	9.14367168958674	9.562957536872002	5.524067632501865	6.926451980396395	11.148315533789404	12.945769861396412	8.76267854037083	7.446403789419141	8.975642682235401	12.074655518818023	5.237876318392125	5.246768768067142	1.9363033196720942	8.383334821312959	10.769519339409795	6.673830753004241	13.74118690585924	7.942477909286522	11.272334588583858	14.443858248756346	3.831748395832201	4.630949562111214	6.275826346839876	4.836173296033402	9.651723478640433	9.156165049601453	6.874343673289968	11.957614342649483	6.753332375092374	9.22157783404658	10.150690920313156	7.591904204986965	8.970768853442804	3.9426363048600868	7.762532210850505	4.777429896198657	10.716982658372437	7.996216438922358	6.077800807755366	8.715362752571751	6.261333047209979	6.535787689041946	7.114978518638694	7.370396605773929	9.88405355298536	14.869347679846367	8.188712231755256	6.574422688291581	15.137551681327633	5.995009531655037	6.074520581618124	8.581335461749585	13.48199377624587	11.034034945214662	6.6915778201722045	9.631010632768882	9.858979627757986	6.883701318339726	8.973678796086087	8.114900676187874	8.658616528688631	7.266246403338227	6.889021872112267	8.712101311007935	11.225034290043494	8.685545179898838	9.539687918165843	5.61675292604785	12.183674110595506	6.837880729349296	5.688751529851512	6.619034766822687	6.623716808720477	6.018469578857398	3.8114410799700345	10.72031095101572	2.9156752618286945	9.545801898421045	8.850735754852122	7.827826344028839	6.843706179869722	9.687402255630413	10.975805513774011	14.074883448185602	10.434885646728178	4.7114757418938025	7.818317818227003	9.849576874116691	5.672091206512061	3.8882351444304084	3.850771127584628	9.756995888678464	13.551330681377555	5.852737091139722	8.17898772930382	11.489562075162137	7.689013161451936	10.533499224820556	7.879049997245644	12.226648071955115	7.1403842994108535	4.5870150352108805	11.480807892817346	4.786009271223175	10.310884503471579	7.862447097115009	5.586158229668997	9.31754941454667	5.375242497434765	12.009837073756644	5.266225960291424	6.268766794449269	11.522280397273096	4.468784877454957	11.546263387093221	5.488237702986044	8.871587763188566	8.841771291286493	10.007756777030274	8.45194589432581	7.784293376899721	13.015833098199549	14.440659525180214	11.631029718803788	4.409873098701807	9.311416709907213	8.022902928455927	10.272581125619059	8.494352481948866	5.3633964831805985	7.952116963493541	5.066365533748823	6.481137047240708	7.382179647446099	7.57856424218619	6.751690489026547	4.636194266621159	10.308736001585546	4.298784714911437	7.061930387099846	10.810227893955258	5.35340531044638	10.544026887053912	6.65358227809382	8.88355335129189	8.882170417275232	9.923539493328194	8.790908755578144	8.574782751532059	5.748654370584133	5.884991555498696	7.8523675821552645	9.721366425763717	9.809315992634113	7.4899480423951745	10.26589786712854	13.661985191377694	7.453712028751452	9.576315956028777	6.844447605445877	7.347936102323123	6.935417249954214	9.058975273558074	9.090048875932691	8.945589902437368	5.804092364775391	7.086899320014781	6.403507665690344	5.820908002379749	12.481810660868682	10.912299131326932	11.851399622129685	8.386161304129303	2.789689102923818	11.004177460816624	13.302054658152604	8.287324319313782	9.592532941195799	7.241169140820276	7.358013634133074	6.475169730008609	9.56201561471552	7.6402981273003565	2.9284475624713857	7.738336685193252	10.997094033935875	6.440629337759804	5.936725058593653	7.634318118879964	7.626216903754345	6.743169107446203	13.810101469333793	5.680450136124753	8.706463591663434	4.987587765260112	7.044414150693567	6.9563732477141285	4.205979724855177	4.928622761066489	8.902008083048697	9.56817337016187	6.200718269225105	10.676312744504674	5.597572049689856	4.972642570601676	6.374847813059366	4.587945532770234	6.899608483299282	9.802769380505213	7.895808061158254	11.061776100027517	4.971582427385076	9.031715818034279	7.090417323684468	5.04295798277947	6.8023414743551	9.20264922127084	5.803989436742165	7.695359183289698	12.346725186953682	5.734045523543141	5.221625563244088	5.83000961551516	7.45382070393147	8.9673596649398	4.891809280849373	11.901086033699219	6.932531729538275	3.6968030256728057	8.784184856146204	11.372886956774844	8.600928630218593	3.64086771631281	7.157138082475461	9.629544455306386	4.986370947090338	6.938549135137127	7.476460648683615	9.747143076597553	6.5027390706513994	5.9108149074992555	7.671701150713019	4.7302666454583315	7.378796691276148	11.660151552013364	9.503907107026436	16.879911523577704	8.160287419408037	13.649496100845324	11.998192978431586	11.274442939902922	5.83499284780628	6.4554946801946125	5.73589405464957	5.034201446884137	8.776698508156183	15.413401908820662	8.543899613363314	8.428995873179588	5.07470927758052	8.778283663243332	5.041174275118989	3.985461223404873	14.383602572675493	6.102614249164477	12.781861491927796	8.199131725826815	13.574569539154748	9.595496967405206	11.192742091572228	10.58660789221671	8.128337138308321	9.9070981992132	12.604496783935565	7.77003837571825	8.11439694160122	9.298989765101243	9.925359657690597	8.069020700525716	7.289913747795663	10.724210995417991	9.540475087036592	6.611763313391208	6.4744995088911415	11.726893076797234	8.517064870697709	6.143768028406454	11.661887363204753	11.07810062756664	2.6860620590827264	8.174238740964178	6.029182550686175	3.1603736336190202	4.9710943499095315	7.141132181099839	9.76287211346038	10.133256371316786	8.772122094284622	12.30939618683249	8.099937577176362	5.966813431458894	8.373863233796548	4.871921853838089	5.802853719922913	2.617691667776661	6.063842452961524	11.806484699335495	8.712829764819995	4.673559915109395	9.877633021922733	7.548819086639923	10.802068064848031	6.437427501669154	7.893672834122897	8.889488118148153	5.257259707311784	4.61843301417745	6.723804335099161	5.977012526697584	8.075371974426995	5.964780352283436	6.827979488886111	12.740945704157946	5.3637484586110595	8.320896124209465	6.740675460343553	4.24035616110738	6.150198259213753	5.435648896354495	12.013791650577295	12.36204175217453	9.14039103758533	5.8799899448583535	9.436349657325799	5.839106821723592	11.392290000114528	12.675292159147762	9.650610475830755	9.520859151940154	10.38606802354626	16.58714673157199	6.507920329487981	7.975826015466924	5.3462263864744	9.83412245332998	9.084454175569705	5.886261000196639	6.226380332945158	9.642965577255422	10.395410905401931	8.252917367314195	7.6922827523027815	13.599722511447172	9.875438225358142	10.966319440305396	4.871435580237591	6.5882392419069085	10.096977518640232	6.683710985359698	5.934816219852178	2.9609833859901316	6.638987543892417	11.287908630762718	8.82306781051951	5.881244176099122	7.569237007434908	8.61110438651663	8.558045445992095	11.640214105511214	10.170221810582026	11.028466773467414	8.110991242162292	11.92275742532644	10.51053650535171	6.6530697604323725	9.243029393372037	11.36961929595486	8.750987949612883	9.397174101138118	7.797687921837994	12.495021867188216	8.117957296799197	6.6397796762363805	4.001708672370118	7.877013033130263	8.588109652912049	11.655562145530288	5.829201502236547	3.836349963468279	5.402031839976304	7.608364433097755	8.45419726101852	10.502175644637033	8.434672876006145	8.065704620415216	4.627237582550186	6.965593619544285	11.824148433073342	6.7303789908576395	7.017826254011706	8.35575858939099	6.367474801220013	9.250842955271622	10.175228004564477	2.96544859302173	9.11388554989363	6.95600398537175	8.932641369239995	10.981844149108477	6.069356941165159	4.975996175652612	4.865032426246052	9.500514270839712	7.710446705517924	9.710803501475095	8.629168477054353	10.245135319273505	14.05895984619762	5.531006389830735	8.789220073389577	8.486370687224566	8.411012565481295	10.042321448222882	5.605448457026703	13.410548952302392	8.503423954630062	8.58479684831887	5.9488424187886455	11.201231633737073	8.766785696113509	7.793629278883737	9.683529900244265	6.089907097953593	5.339522976803887	4.134974068750877	10.975333908088109	6.019997139640299	5.989613281035398	8.983121234360933	9.69501360570664	12.584766232157211	9.853278246786902	6.227203922238062	7.436149579548896	8.670462766435207	5.829211213468435	13.003364373013135	6.255513377690509	6.093319748607416	5.298274556492187	11.619453103855781	6.578562064709952	4.825068607345563	9.524330913008779	11.957631127824415	8.816490537431058	7.696107954761124	8.82488107809995	6.9889806642124075	10.943526590864144	5.964295405405782	3.8983786625226298	4.518557567336554	6.7697631365895194	8.12255992165057	6.983069394973768	4.10679078014752	11.371268862904522	8.955000094154471	6.254119700122966	9.79318130171221	6.372719264038925	5.001599033202425	12.049708090635606	5.624211622437448	8.826866265501847	11.621683442547635	14.640397740886256	7.7982408377202	11.307494046157123	7.641342542144964	5.321206484348326	9.138106540863909	5.3799665196635855	12.383338717041646	12.833202032938738	3.9540914277708494	6.935730145638565	6.004952297367225	8.891575830850764	7.002477497824194	7.1243551703006975	7.920742518765125	7.03882043079095	7.615129231870335	15.011030412846054	5.334229936420057	8.390903898533129	7.525977338441429	3.99969990804326	12.048084122739246	6.952173448162585	8.792898905578559	7.39395890676496	9.667229452291108	6.794507705697254	15.948543140986308	6.696029861171125	8.582511534643045	8.843286530475206	7.719132825959938	6.879899405192254	9.041921303011483	9.819934298810118	6.300826343313544	7.731973235098291	7.349249309669286	7.3029365818091145	10.528192977191425	8.521597305905772	9.829561566562793	7.055204106611181	9.0664444592717	6.270837547877407	10.262749781472525	4.818673107819944	7.426023841402	9.71072642494913	5.142992030067122	2.2776192439364005	14.640496190694591	7.880779687500666	8.592522200730809	9.12085066199542	8.404762820192843	8.930369445264178	6.916512182294859	12.515221731778936	4.821843700262525	6.538239643707722	5.688279749315099	8.447446018717121	5.313053730128923	6.928102117971917	5.2543396659733945	2.8888536584427147	7.519433566885474	3.5943678558864263	11.413839606691555	7.7543212120408	3.958226156025847	7.716954570810319	5.989013624285438	4.973425317532772	8.437426689091595	5.609315793140072	7.8311799376230455	8.379162539843518	7.460194589421047	4.586051292594841	14.58166192816616	10.311253832014314	6.2474847003012695	7.753532754226344	11.268675300607493	9.1101363242181	8.63997572414522	10.74907569681257	11.761416666244578	10.223594866913192	8.398582879503731	9.74419181023609	9.367916235858448	7.468062557559145	5.1877265578246465	8.732861562526809	3.3331616128039574	4.341556699368397	8.681437231366564	10.971226210651615	8.680563160353817	10.826505242288057	10.78662374769195	5.2802009107485475	5.336922318676602	10.109636529899378	11.908901995152984	11.702930872327087	6.76882330879262	10.559998341959007	5.022783457852322	9.733762708242919	9.49516109891967	7.02688871542864	8.85678424911695	4.5672230067046495	7.274887950788955	8.664879036089513	5.7569678108679145	5.840150961080627	8.780024084332014	11.159797572572728	6.77854477046821	7.499803504642399	12.523737147962752	8.741337846555908	3.976943103140913	9.832938858287873	10.814325951193942	5.450334796001336	4.8722290534671515	7.755147904485969	8.640718844797277	7.528392427838284	5.568672133285903	6.24104386520743	11.867105104034158	7.719689971493698	6.603495334763776	9.99548220182917	9.51308754767122	9.607206183894833	9.92454249530356	4.705832420066049	8.40471845063766	15.346018616831062	6.900207046463548	4.208864812374824	1.9408849125598384	10.33885835302397	7.567212662603537	8.775974346324487	8.688494107017165	8.772546777657263	9.40048126982818	9.90773591930405	12.705746833509341	7.474086172577132	7.614018688347382	6.320180506634548	12.69272433963662	8.843105611886068	5.939018689284105	8.068035897797527	9.818285578139266	11.590802024312614	11.091166182577705	7.347011977704357	11.436929155865267	13.831469525397322	6.388937978346805	12.059943161598587	5.2953866780036005	5.936607122155336	6.073790599435963	8.864497938494013	13.159415222908068	10.70178352842792	5.333923363591131	7.955297926006939	7.617902886925469	6.010162555562426	8.889537218906629	4.305590632287433	10.050248696754018	14.53623074553364	7.33650264767201	6.292249916908754	8.417595615247778	7.2805098082804305	4.831765109114639	9.185383265691952	8.239428318262656	5.5502238397955805	7.839146779954545	3.684421903670593	6.923307696031636	8.568532241315872	8.485143049795365	9.264453090149571	5.743183767901693	8.267973234239244	11.95212126342117	6.592104437501283	14.391404790252334	9.888904991291563	9.69858087093158	10.437349405885012	12.907122939660061	7.7309515498115005	5.47501033629102	4.89846607751131	8.933982795962201	10.170854036491223	5.853411661909303	8.675803510210987	3.4339430937077284	7.139984253528176	4.94509192047916	4.834091515991978	5.901678132318141	8.000026555898984	10.25535992512455	11.06927960331473	6.6959357816111424	11.583415045327635	11.254894135745683	6.783436611404684	8.915204761163109	8.986897848711255	11.622890072620796	2.861076610018394	4.5525839728182556	12.16250790624646	12.939800254176173	10.653451017830728	8.016035349969512	8.860846731938825	12.090971921979595	6.123076344599064	9.256080327006513	11.595405293549918	5.583983354520744	6.071203821895665	9.222750630198638	0.7422977756011457	7.522200058494366	5.755743664209782	5.46495263852338	6.7674571678641335	5.128498349928055	14.675653044845312	8.310173597393716	9.458965200893212	7.100587568235749	4.789737514878205	5.809958910842142	9.10952665316779	8.737094041989437	9.529898113302451	8.666177430206265	5.779617364974072	5.733633753847407	4.405072227037199	4.877751986890653	10.240349951143022	6.437526355223992	7.3355116194968675	8.348464880375484	8.721706001880651	9.231414030263124	6.546895921906699	2.4390466121965604	8.537300559619	3.9740449522919294	8.823412016397189	10.010120831195888	9.958375675990762	9.515824815919029	7.318753417039766	1.9698482832269344	5.829237619467636	7.606639280527488	0.9834924210078027	13.500847222862191	4.965235643831711	6.521606811602409	6.828502665985477	7.883414226713118	7.7571857630792325	9.648245332669758	9.847405490954474	7.432743366620922	7.8505437573600325	4.822663430649077	7.274933945702734	10.802982838638622	5.221242296016252	8.9226107157908	5.913247622623616	8.76625053446741	8.369813249936705	2.937969808571368	8.749309971579018	7.034951371295945	4.948167969386171	8.610593845583692	5.248485873591734	9.800639526431794	8.648216205639331	9.693559327068316	6.287313421051459	10.017495450265422	9.616856626967103	8.214880165133994	6.002111196374532	9.286284032109592	5.448942907966771	8.354667485722947	8.929569550647235	6.9139265627838675	7.559644380703635	9.920545253857533	7.941644651614026	8.631285338234214	10.85345069094366	7.065131228487706	10.221094542981609	11.915260770191681	8.826328292745128	8.930961815590145	12.146654158982713	8.05159547882499	8.818264272243091	4.833595172662871	10.522120024932597	13.343428143039405	5.941147977081857	4.39655212213911	3.7426313773086233	7.849287365634722	10.612024285270975	5.950512375161172	7.8959642590512535	6.121115953537441	14.088162116338156	7.654344768117206	6.444101317937515	7.974181472680015	5.906038473457688	8.906010288420015	7.8449918178289595	7.346535218254036	3.8180352737562773	8.408061901853166	8.947539903404149	10.534513562116532	4.996274158677896	5.888646229534856	11.033212759525655	5.826533952155699	13.367336431748567	6.746819446987083	7.695487404715155	5.748093911579662	10.941577154936613	6.002667637529912	9.067198627185089	4.233917833490415	4.837710368311684	3.919136349413855	13.337624545961589	7.90477851706462	9.064812440267591	5.629744770585148	7.523079958153793	6.771523105958554	5.947173670237147	9.598812923532776	11.355818870716451	7.244640497641103	9.418860869199776	7.794744006044277	6.934588167812489	5.054056652809136	7.31313855043119	8.060489533258668	5.597653551222373	9.285814549289464	6.238077170052349	11.409119832542611	10.328050005321153	14.379802933294304	5.9279071348898915	6.910042229355297	8.287969461078607	4.687707985822074	10.029382278820476	11.653226964673923	6.724394468882721	8.117666865457348	7.764497911889942	1.966607872539134	5.302299640939887	7.947531843843565	10.913212611880516	7.636728631708386	12.790235711410988	8.256855878014001	12.125857958148295	6.704337485390447	8.150657643579462	7.3519744878011775	9.468619574667185	6.986969548410305	9.869695076496397	7.386711839762605	5.878984850237502	9.116881861784783	6.95022250378752	6.101670025875137	2.9078691270041563	2.752907390141398	3.989390254244459	6.815098291574774	11.324375948432841	6.6357204529729845	7.252852328387293	14.31179614467331	8.042902233281625	12.392008480941678	10.663559788518123	11.804247845059535	8.35578540683879	7.7982355753315975	12.748377899285796	11.901256726196	3.837700172893161	2.9621615347929477	4.778032849122442	4.90802539076826	9.959486172119222	10.426958750828396	8.634588694049869	7.839264188007785	9.622279084355267	9.616986801180733	6.845559730980228	7.8750514250768315	4.765760980417592	7.850031329390543	5.655566530994487	6.136017430295999	8.087465016117388	10.320360481490972	5.666786451737593	4.975673842520422	9.043948779216112	8.968143427562623	4.97925978609205	9.52244354470967	5.9478495780434635	6.498743536617409	7.2130464328173245	8.576817206676136	9.687348164741424	3.9658876544058193	8.317832747123578	8.238762384861136	8.805145622276706	8.829897889651027	5.128551465251531	6.413061564092398	13.651034421714302	6.860989600634108	8.998424794434696	9.356599378332373	9.14468429602805	6.173995524067676	6.587389477620623	13.280137605877053	7.5135436982620405	6.872481933343323	4.851086725779624	6.228536225907575	8.72745146723891	8.930893173864144	9.604342661892074	10.981434304644623	6.531523805081298	8.974958828058348	8.400892897182072	6.913146998527421	6.405498990785649	6.930873477678294	6.302160612227946	4.797801239783791	10.139369772346301	12.585062224874173	5.337052435927072	7.642276854603566	6.455672018398274	6.541430183512137	8.868328053424067	5.517852508982299	12.054770978235549	9.732517518006617	7.499176530583123	8.863427797181851	7.211754782142776	6.848358663065022	4.916860969416987	6.993157998934414	7.713479812372753	12.714073595890286	4.727417025930995	8.179611595409327	7.171383293165189	9.09554604369066	6.676677208950369	10.617194290036828	11.623970887696284	9.153865175083771	8.98874169036741	7.7169509296316585	11.139298147992392	6.8151323430884805	10.442457351067407	9.954320616076696	8.69961443149007	8.672589598251811	6.963033519228478	7.822336176682798	10.258891879931248	12.446080396546716	7.304111646343473	6.721958479170784	5.974232160763978	8.323444255423853	8.309123852405897	13.829333073360635	10.086838092208396	8.572004594633528	7.692842488297677	3.5686256393369433	8.62588129649635	7.809809352068121	4.540186138766117	7.329505657114564	7.470690663720677	9.06137865218641	7.407395213689903	10.013948872788632	6.492119554312062	4.200248445318467	19.465770303481676	6.23382473090231	8.040834807262293	3.239506457550179	5.5140659854434375	8.674397705194396	6.898142764762558	6.066912586441134	6.722226347221794	9.180406497952589	11.33148427109586	1.951584460943645	2.89390856643052	4.936464032230702	10.683304780684711	2.9619609241694707	10.96945678222453	10.428079755770401	5.547881348609238	10.112537173987846	7.685119745283799	5.716587888246178	12.081420568693401	7.324779703161511	9.290225891024322	8.403223398915923	4.7367782936862435	9.050430685341372	6.954624340449552	10.662141673639182	7.849588657705692	7.345123825514498	9.35601204872898	7.5440502274584125	4.805744180477889	4.656898296314989	5.164934048926768	3.9288407904861646	7.67653782484136	8.818552840179485	9.543779393830626	6.71643285890439	12.600237967443789	8.856409338366154	8.710935595602432	8.680178828018082	3.049471837579668	10.437946309314826	9.833400860106398	8.654822040217033	12.356742645076864	9.578686099139547	11.282199061387763	10.510069207028703	2.2147019167404047	7.786134857730621	4.868802495731152	6.844658088353543	7.885756774862797	18.305054347127633	9.091713412623589	5.689094285410529	9.44589702735283	9.549262627870757	9.288116628057525	6.550059760385345	6.368712650505271	7.9398662172572685	14.165522458079696	8.022011947902067	6.643920342255753	8.898010922046566	5.629071111222664	5.17171782013842	10.419199937385734	10.697504163997541	5.943195252834264	10.997962139804086	8.36615611299872	5.916554613396967	12.549974301508993	6.199189922879217	7.000508247382249	8.511261978320213	11.898392746962832	8.544191316784847	13.07243634481681	7.5639962638345315	14.422159583246918	5.978738071910341	9.34660489881042	7.744532557685003	8.936773120658193	4.164902084991315	8.638440995960432	10.776581107710898	5.902018408950474	8.08687968014131	7.843057353847532	10.160067319450514	15.642565866726214	7.718849820238921	8.970220634601219	5.2616130988591125	8.500904905654563	6.815842130452016	9.626695139599727	9.892175859474847	12.781336341170833	7.023175838981146	10.839982976149503	6.547367408510433	10.806363900932055	10.57160093927582	13.395548331636789	9.39618976537936	8.608606732839103	4.124440027387944	9.330015639915029	10.632870232743176	10.934188642726317	10.648600931815192	7.79371986695592	18.202488197260124	9.307391872465546	6.1020933530782395	6.895859620130689	7.003806288644611	8.805334664123878	7.72453174107307	4.773960562311001	6.0725724482797725	9.55709669607742	5.152488310232565	6.921991429947759	7.821280973154981	8.863828730909228	6.311190774507419	6.316006723187997	5.929541161944029	12.458720642539879	8.361188409702482	5.8708149003035555	18.002533457557316	8.078793322861168	12.121147408973298	9.750968831924567	7.076669872492042	9.659540238875609	7.114518249538256	6.315951896918608	12.520554724694792	14.658031706551933	7.547179697160903	11.685660527993305	6.262565311692073	2.976368035371195	5.77518865533691	10.174110113986394	11.598196577106723	10.864577437804686	10.569884218170422	7.009719996959566	7.8205328664664595	7.610327849377291	7.5359835008771885	7.205081171390582	10.794626294574586	7.657740584814639	4.900498425870182	8.122371355821773
G19	12.072913556769354	8.114186596739867	12.033019034974025	7.176570367308423	7.670813954347236	9.257174698562595	5.909552819969413	9.759663679675326	10.38352624812809	10.49031593588254	6.666234958505269	6.975972624087865	11.782231061071636	6.5214616250249895	4.681045550038289	3.638104858603015	11.800951308444619	8.941173897283429	8.675443717428953	6.1498652801785765	8.560355586058696	12.78635203226787	10.933167444026644	12.083979481911841	8.46147857779326	10.448098351423656	10.214466339371976	7.909048268869448	8.423009430149277	9.709600432591701	9.405754901308434	13.479923476802057	5.570967368335808	13.17471192016105	8.108756843851436	6.277309406553855	7.602697129560275	9.05943544736796	12.874640509914508	9.179950650863367	10.587137853316964	8.720457083956322	6.729979274900668	11.709597229137746	10.773839292870742	9.248011025570746	8.808239390954915	7.655840390473716	8.608921615265233	10.93045895465804	9.925531653800796	9.999600839416512	10.969108746328256	6.023848148377714	13.931952678453735	7.227990086362349	7.791501493999301	7.094613253764177	8.552873639412105	7.5508890443325045	6.777479415131368	12.249456652104676	6.221036733505599	9.697190762232163	6.912915469143315	8.687231563377846	10.85282388410284	2.944523354874882	6.9890675788632874	7.740442298600472	8.111371048872012	5.496987388553393	8.610545623748223	6.636850957443902	9.945433380245753	10.508070510752786	12.37754780203716	9.122567438662916	11.036557063240814	18.53342875510076	9.927969911332626	9.129960925793718	14.123711413786678	7.668816736069517	7.107104443079325	7.081568081665529	8.28343642598148	6.921969071510172	6.359398500428041	7.28022314739911	13.414985400879091	8.523529620577273	12.06774687431172	5.191315126339253	12.858318913824315	11.075994404305526	8.64568038743319	6.782412283540896	6.868856436145522	5.658323559148516	7.479978859512588	9.271671699228945	10.674345780292589	8.47919762941651	13.780679470434956	8.729122234828317	7.596935743171746	6.370037334006772	4.5904258908483655	4.964678292862868	9.974103913539386	10.898002243131417	6.247907446634602	9.369208085907692	9.632478941533638	4.94938617045176	10.413682867217297	8.825866793992525	8.405757532197612	7.69145890504504	8.17257834172874	9.60846143343597	12.9809282556637	11.045996915983347	2.981640170157848	4.416007754968688	5.978214943592343	6.933597153787035	8.976463687444129	4.695024658336575	7.998029300594259	3.831950986785202	8.949640100521679	11.703532921906987	5.9067300733144705	5.001234340048234	4.289552979474952	10.521780814554957	8.96383511706549	6.051974766585494	7.155145258087487	9.80184874100667	8.704252901736544	12.076325662893897	6.160985022290936	7.705199536085668	10.53195067138664	8.84076513745305	7.050176347034806	6.777388939842301	8.54085399979124	9.704568386579359	7.6931951807049535	3.8538626291087703	8.036217367258173	11.551065646796554	9.241235432917454	11.04423703281496	7.6329904222942275	6.005100274796606	9.06461979132677	8.769849565408222	9.78854191912896	9.100243348746575	11.133704828320216	6.711656054381464	6.571254982632805	6.220346624070306	10.142711962995874	5.827206501636283	10.8476921913604	11.364257417464673	7.5782880148716645	6.206699331388357	7.952632756767109	7.208536998868419	5.719677587181466	7.707523594216244	7.0139883602713455	8.078620305380154	5.002812358214316	7.55899240616289	8.52817103478347	10.55626770303662	10.54428897754458	6.431541146599756	11.46552608529394	7.68923865944699	10.556946327340432	11.857803479523046	9.197553342771938	5.822258786554911	7.970792062551827	12.068013771203798	5.964878228513321	7.771025546631332	11.094026778682792	8.908835665454038	6.842211079687603	9.31865226742434	8.780374193966804	7.168865298991584	8.969358013336686	8.611039752498847	7.3521853948025555	9.581173490183316	4.88243176648684	4.9781454842144175	5.454462542408258	8.955086785132947	3.9577614869638795	6.9893760806421685	12.868125435955072	13.599412577012982	7.717918935299233	12.779822624425151	10.714034463762221	16.85939450251261	10.903483963945028	13.826343392380863	14.222840461707634	6.962111729842981	7.9119735807943306	4.905418708037309	4.298617994276528	9.174701656508061	7.910592877245424	9.32617614692476	8.640710373515539	4.544689040505137	5.43765592234985	8.804695262321186	7.991583137232112	8.661065473991693	11.692419522421295	8.371896983794176	7.163466695147946	6.787037510044908	9.83304970035269	8.211566576817686	6.513917329315944	9.542198174719184	6.650691619861584	9.990067243444795	8.360357403743118	6.78706258741797	12.896086398750343	4.985503507318016	7.681927456792434	3.6970187980825675	4.728225490312249	6.454243437897394	8.117817258202399	11.285949548086581	11.019433878069517	8.676837634114078	12.607638304136639	4.621270678147658	10.006265195225662	2.928208967775308	6.974853720367328	2.921398983583031	9.59119207409165	8.857146832566286	8.439684367525514	6.5851620197173855	8.717776052532978	10.842371382803883	11.275373584345513	6.42564624415816	6.740403620176672	8.576894397048575	8.354805356388074	7.906625267161024	7.989391139891304	8.656057426175824	5.851710278232294	10.643556549175823	8.887117667733117	5.185562772251105	10.021399655500533	11.327336462702906	6.597790975947064	7.05158746114877	9.341004469813468	7.2141282665562185	12.337937229556019	5.418277274289847	7.263735833003962	9.744144338342236	9.154789754039088	7.702866669611811	9.57096877462517	8.743612136900603	7.31689181576946	6.701778532393416	5.386740978736256	5.973870709221526	5.9621529194051455	12.03477460854965	8.615565730194028	12.07307110458994	7.7928477884028275	10.617165541415341	6.424610209031271	5.477159333411157	12.880314192951756	9.088621123545183	9.307772189983098	15.294489759553397	5.638176939817684	5.077135713439001	6.791255446985281	9.617910179848744	5.962623366277152	6.653454178969548	7.2716095592958885	14.220867468983316	8.135505843788183	5.4997449161818945	6.774904647050234	8.222810875924472	5.906593949930023	6.974178880343559	4.454385299436389	4.0388073633397354	6.168246908953532	2.9236009531054634	10.624480823097393	6.825670259551382	3.373985767338052	10.763777379076801	9.17205950253328	11.44124694550444	8.755007656793138	11.103185088261702	5.884525873728843	6.506407128505867	9.72509012342539	6.375177290175533	6.986453684883292	4.684072982291282	8.703750776302398	7.590082957117668	9.656912339475276	10.152652608195911	5.967564802027858	7.7652543687104725	7.902419310323383	5.8164902594375345	5.912820556662793	14.287552867470032	5.263939926554545	8.920439547531286	9.781842657903438	13.404409882731148	9.854752885087692	7.5250924741604965	6.140423905589542	6.886475498448431	7.956127459530689	7.80459863120905	3.9435466662004868	13.354642020959163	6.711036006409728	10.718150801187079	9.34846736736648	10.772409150574463	8.298495766032298	11.24465947860652	9.881719627913121	5.367253359842859	8.394476614947285	6.749400714431727	12.963087979072315	10.479011718528017	13.754887858073378	4.062509001569564	6.165236662616574	6.04518227885762	8.892898103326322	11.695580993368614	8.693544369211345	15.638699821250205	10.325252621298244	6.579296359125285	7.195124674390882	8.7746337240017	6.549294878720551	13.052094190434469	9.705725994748711	10.177680731821457	18.572090297001527	6.960569535721857	7.325485773581437	5.678405599680475	7.954325776154372	14.240572549256875	7.7503124830344605	8.253369471045147	9.72376273602645	12.157967312390833	8.818616266609713	15.957717335742093	5.891122476214131	7.152297103355987	3.582953254314178	7.122129877971659	2.7441932368809407	8.742616369251019	5.799473744323699	12.472532684058766	7.212474126556749	6.647174321628312	6.665307168383094	5.7937600628052595	10.983606114483074	2.1957879178776607	3.728045135360105	5.840789291860546	9.423418344796694	12.866493192499725	7.6601462949234564	4.862265302575665	12.899770737920264	13.505209976089992	4.113306046762556	5.90325220723823	10.564761716411956	9.958997632821767	3.6901354363055776	11.709199261150316	8.137476713564602	9.897527375623268	9.325290555297402	14.269426353971134	8.714639228066	7.351299330043102	9.444084430221517	7.837728234284646	7.721245832176962	10.080950795722536	5.17538946698107	9.653697007690408	6.734166821791419	7.214895341484823	8.64912122523249	7.563327045688205	9.894596977492169	5.145303136472301	5.553807209836508	4.5543180338995555	9.15702350145683	12.591772104847335	3.8441599143528755	9.810888846851961	5.993864339258418	6.301094272383009	4.683030337282327	7.179048634452909	12.232062023004122	6.810213039607477	6.9136867424613575	7.8020802224361185	8.998623422120188	7.5982607806235105	8.90365155187911	7.753938876261255	6.774709239338008	3.9541323892392275	5.813863560431206	9.702182865054354	9.92715518342908	10.751274851063364	8.00340362829881	5.953529208590564	8.911848259675125	4.930794826011617	7.939002857826603	11.942462786237309	6.750775394390499	15.769938146485348	2.9082186433671935	6.124551919962636	4.813060521651729	10.9079950695028	11.261386043601657	11.600799966689307	6.443558165011901	7.686640785542504	10.202017469399378	4.30770802661335	6.777380412350882	3.894355588941516	6.159574426202814	6.961574819780846	9.46270377142284	7.016017213673474	12.465753184648168	7.7604666044208805	7.474627140659787	7.274099003199665	4.4984071007098425	7.315328961093876	8.723030994152305	8.879805175938289	8.129179604738102	7.805705931093687	15.826163877722793	6.058082144017864	8.87088588406378	9.762615899883153	6.086877372929641	13.83546075652426	12.587262916804052	4.48418915635078	4.955730230078366	10.595574505839018	6.307336277514346	2.9101353002449515	5.906813345320674	9.88574233116757	7.847424282715436	9.347248326403612	10.760027828276254	7.486038889838062	8.732576347842333	8.839706507586945	5.7732909665402445	6.878330024274531	6.354455466446042	7.118653329497195	7.898981154766341	9.753691238187653	4.807255315828383	3.5144836629382725	9.819264439970977	7.383679759500065	8.961487824279493	4.962471508158547	5.389611019523033	9.88112437656082	4.9054679412872355	10.17075784475957	13.911602900905239	11.983630911614135	10.656722616791312	2.8262938702560567	10.927040628545564	8.815655706780907	5.544576573402077	4.372617085699883	4.9725297645702105	7.909264916006187	8.233485332600585	6.659729505489306	9.553394396478238	7.3188338756622295	6.307521312425214	10.189723878455743	5.511559230085484	8.821745211654697	11.377548315156146	10.972105360863338	13.585338359899133	9.868307449358099	7.155791537035634	9.745901093522711	5.698831323350609	13.356286159948553	9.715590831098924	5.751840540559009	13.046494597236231	7.905938994165351	9.672382167386045	5.997633348566963	6.549918872848164	11.100460121658033	12.78679283982209	6.925942174594948	7.9564870469483235	12.627803729338375	10.576683408286216	8.806869941752613	9.145445233586265	4.0810239839655384	8.605683312457604	9.151768003499365	13.54438525031109	7.743281173100593	9.736227998334995	7.799977345097067	3.8732216980981913	8.675152534506136	8.334297010130555	7.411972395246764	4.282856116671163	2.9634809612005997	6.642428813167507	7.509995682119412	12.750233887061773	7.67796205066154	12.436105003788827	12.586120613178233	10.237901285102593	10.495618905783028	8.175085197627652	9.929052076423915	8.760496630068177	10.29545423931638	8.882097124031384	10.900309113837922	9.725646914553248	7.071205086213368	9.128390616193494	4.117187070191127	7.668966493570333	5.599172871857789	10.279126689690349	12.723964685441075	5.941667999944913	11.392091922109364	10.597320236006789	5.805303668226784	8.790538638738125	9.950467556501732	10.141603231012585	13.458470041811045	8.200824601173828	9.713759062718964	12.397349007853473	12.683920327830055	7.753996147560984	11.826461679061612	5.987892544445847	7.154330699909938	4.02552122024467	3.6141371576160695	6.831208954378937	6.972028999598014	8.984844808330713	6.971704148211815	9.395185190720692	7.7495991620517195	11.181922568367298	5.798276649776327	8.943155684758425	10.943450448456602	7.9730661448098115	7.514881700153827	7.666740155754877	7.394136689958108	9.4041777885887	12.4380493856752	16.07798266191468	7.118417786662165	10.7203071981984	5.271824870000917	7.3069447597590225	8.485173891886854	7.085077833624715	10.741520620558779	6.343440219256637	13.186808627248931	8.426068821762355	6.247621989365814	8.920331545923133	4.000887053367861	8.367877897885341	5.988978552359688	5.988060303758769	8.371867079093233	11.545831881218596	7.650765365810779	8.768518151094936	11.80330906310058	5.1982011302274	6.481434458687183	11.510816638104584	6.829501644469217	5.0871788435232554	7.079559821702476	11.630876267713445	6.083360712505616	6.802100351092468	4.932204390582933	9.701454234091209	9.61904759403883	7.806640942706719	9.529475186386902	8.406215220669631	10.58351356208021	6.644160891577247	7.7423876954947275	12.864447806524279	10.865472738934312	1.5241461376664773	7.217605242162975	6.910120975924498	5.0534599206434265	11.26269930408702	9.708092558200283	10.828075434659405	11.478827950631924	6.046369787482026	6.87143149519304	6.817947624619985	6.915983324122062	6.792902726160091	6.975446110607704	7.058199167826707	6.1801036332645145	5.21274935635618	7.37919086738304	4.665333300860626	12.618297542074467	6.290070038969368	10.399221713733784	10.73809038005165	5.729010865704562	9.009152483643902	9.68528722725802	9.55860036436481	7.266357879667139	10.72427769711731	3.2807735189855767	4.81110994458514	5.556997267836483	14.347695494626212	9.656750607999648	4.892964448085276	5.416032976590757	6.911608543833169	5.599418124211324	8.066607793756633	7.002901725734255	11.778506904916684	9.580661871915222	8.097738260480856	10.721790237883702	9.895035324159517	9.516816080721359	7.241042111591244	5.961154680449707	10.400982778019848	6.744438477516027	9.877404235823043	5.088660549896056	8.852513140518493	7.51547337716955	8.547400447973363	6.925010794675059	9.223352734076142	5.534751056393495	8.74722654766747	8.417024740160977	9.292111392093553	15.1891085410404	8.802290299045112	8.930478330387519	8.199612805261376	6.305063642385324	5.95408785871492	12.194248511558493	9.177887592376702	6.2472808907649355	12.977935554345517	6.666660231948645	6.954304235977357	8.567002288455008	7.865203684216898	8.6731396887515	4.888351814094613	8.719260242041871	8.470854351387706	7.409645781705518	5.926927236191329	9.802816827950481	6.776421577649287	7.974257051700182	7.3427705890884205	6.35070412280629	6.704124790796087	5.44960886114833	8.236358418500208	12.099740112933185	8.655148995622405	11.576373453929344	8.218035797501878	8.907390441442644	6.535384222491077	9.826595250629797	10.183081142883069	6.131487291718492	5.897869441749321	12.280152239431288	8.95725985484415	15.112964781376622	4.21153630260462	5.966229514433782	8.976193900816446	13.755984400265122	8.626708283918846	14.605058358065774	13.011625528013761	5.505350429978254	8.674888249878565	8.372021330757601	10.690663488526466	8.885260807486357	4.647198807184613	5.9942653609144285	6.546977922248053	15.484299936894944	13.070136644539122	5.594963213456382	6.988413373431636	7.70126248913278	4.776270122581586	10.803496490770211	11.543118491406418	5.765378844044504	10.55375177624726	8.981595271123686	9.910459235546847	4.864382070752803	0.9993954444235119	10.821695634220521	1.9152581789106142	11.419023854251087	9.803683766531224	7.816812959775101	11.160003024538812	9.42747614473561	2.961553050952519	4.958777093011632	4.115360238221174	6.3639642859554595	8.980747290395339	9.7899441598309	9.619227537619558	12.917230849309423	6.532868397709119	8.229332163678407	9.67055153647495	9.352213512318631	13.920034611678123	6.639302806194633	6.92070615589596	4.838104806416315	12.153258559768112	4.6504592770420325	11.914410816962224	11.051056027826201	7.302695917136254	12.238423756035601	5.694019899833651	7.819287494961945	6.926869375743004	6.456610762079832	7.016442006974567	4.9685277959314895	10.183663358133732	10.479671838370189	11.933046955454367	15.09804025561247	7.5501518837559125	7.781997443783426	10.263948682977121	8.84088534702603	8.460437562666229	7.947218530766479	8.346808370642655	8.420081643188682	4.420875250771037	8.666123445885308	8.988134241007502	6.38717182132007	8.580600263432961	8.052703556172208	6.0585451735399465	6.815456653447645	7.977765758205321	8.341427755629631	7.524329556777383	7.654930991211336	5.691830202956531	15.347306467171343	7.205912611182132	7.0225998596840045	7.42965279207114	9.23829169926869	6.242578445757701	5.8306175753217735	7.150671435458121	14.54382181531129	8.831449457538103	8.79359209454472	10.22829567293146	4.833623725861604	9.844015525414164	13.80156769469827	11.480348453624751	6.665859845006284	12.38016790793981	8.699248287503172	12.44141266608297	6.810368063971909	5.958075715111137	5.1483541795413705	6.537046412390173	10.701456379709414	3.9862030283631635	8.74240129914876	5.686000496447948	6.766000435455328	6.8006518691672335	12.595743998002954	6.868660831929263	6.798773933447981	5.541431599054954	9.635557160934704	11.001902821729534	10.283006568307371	8.698633138022766	11.794975973030317	6.759115709069993	13.63334598747858	9.968298739054994	6.12053036912763	12.55547011706952	9.869192215171504	11.59425576398682	11.35152799712885	8.666199274029275	7.234499924302268	4.851243105525079	10.335285651883387	8.792173385444208	5.962697617857391	7.729685251985952	11.440002810041424	6.054014350215029	12.864827054832636	5.541956510070122	7.537154857925695	5.1481533990478345	7.8458649242280565	8.207136531614736	7.464403533262917	3.784009908674554	9.837952448872224	5.171294574168108	8.817063055552799	7.845889752583768	10.564707934292501	8.58520907311721	10.897480226122491	7.830100432004637	8.948662802275125	8.921037076661898	6.251991171665191	13.355462433848635	5.71475799960481	10.321209098634236	8.457198585348463	12.456326873064175	10.271347418386915	10.476519989969978	6.224891952749475	9.866238031123174	11.676262124793329	11.402241285900836	13.984629897938165	6.9345766370152795	10.610102137618698	12.102903764734734	7.608545945662189	10.7207076649237	10.290813157789186	10.679472090308305	7.04430350563375	4.975907495031685	11.676536650799795	11.227572046042855	12.229573165329727	7.319962242570552	5.761461026253502	6.838813944075044	3.9386243966647436	7.838969072099096	9.239727781621232	6.858441427170532	9.390760113712515	11.312779296762473	9.143206491093139	11.540355768888999	11.614105705562379	8.700966018335826	8.004166828305895	12.202913258947563	10.65104377204583	8.193627147502346	2.944495483408253	8.192737408155619	9.969334500163304	12.866879735025213	9.578655166242317	5.3989134323677215	5.512516862494113	3.485800216068867	10.893862466900389	12.493912499049191	9.976074498161749	4.028176585442704	8.725005776346972	5.662526726656108	6.022390464373744	11.64452171779208	2.9155658178817294	12.230691979455175	13.038910186542582	11.104300978832436	3.6604628101964334	9.24145820559857	8.929314027807553	7.548990307757473	4.910714362729914	11.522393321039848	12.792849408807161	9.263268793204038	9.812608029737246	13.31208489483204	13.399764617801221	6.849067484875887	9.32515970775096	8.671469207367307	6.659411773434605	11.722710716317634	10.356125416502538	4.991944740130359	4.1671551454332425	9.638581956525314	8.817895156602223	6.763489505273246	6.0421365133045315	6.888325588057717	6.038422952097482	3.5393892973555476	8.909770503384951	2.69983066766957	10.576171051580001	7.941246666196379	14.351625233295762	9.720306060525349	6.557286126214593	5.000379990545874	5.85454792766626	5.832387260800081	9.17476028510523	4.001301395438388	6.914290771619439	10.926040510151655	5.96272341888698	3.404404605621016	5.085505178185217	10.447914397149288	7.9937505893211345	11.39152799281993	11.315746535468666	6.634927517598097	7.236444432492436	14.999675879700535	8.783206264758974	12.116269100275614	11.69138075104878	7.042741663302877	8.384016483119025	10.241676620651615	7.530568780797988	5.81901814619595	8.139139202482571	9.0719507145962	11.24887084887469	5.928647414604522	6.66380014375955	8.714404187173766	7.750073429041073	4.889492186165118	7.900153642400184	7.594969900656604	8.891587083776608	6.505170004587114	7.750373960280616	8.488749429536094	12.293560325843956	10.469271286704297	9.021596138812223	10.920124544585908	10.96963865009299	8.024989285507713	6.775068830763243	5.857114697345767	4.793532983332849	10.434074203163703	9.6861173204991	8.350768895768487	7.22258167320351	6.22924643531365	7.82434743450274	6.733899676721534	14.508681694420911	5.646785541364334	8.48769186032836	6.29628047417261	9.821494103643696	11.648089805590878	5.832296555523487	8.350718428904793	9.885967642132965	9.086479419941695	5.714325094153911	9.53820428815453	5.019809510536411	9.485733577303993	7.919397786771621	8.947968466426543	7.611794303222012	7.067909656116889	8.320233499605251	12.839087979395993	6.496296631282522	11.632851094030414	7.757672515211788	6.725392734060582	7.76749013553277	9.711413690384544	7.232371904701685	6.9499663336028235	7.952603686884773	6.074383735587675	3.65040602223455	8.098769312091807	11.514662868774108	5.712999730184164	8.613485498422634	7.914002266145855	9.13307928794131	10.803170734136515	4.532999874515484	8.077753900663895	4.985272762263329	10.593594428845888	14.769960350796874	5.888851009022012	10.459902071138051	6.786163046543792	7.793325979862226	8.547901869199725	9.93466519205057	9.567557304205447	5.740625293899668	4.586616014014223	6.742209772507653	11.63300679446905	9.068357645318581	11.835951955917839	8.688486996665144	5.159578195437456	10.629435612456446	13.986875014016702	5.234965986118848	7.521533466688504	11.306877592431901	7.833722067334563	8.414006342001686	9.626928237504524	4.268826976463777	11.951261080658538	6.367736387585773	12.46872801757231	6.461201434064556	4.582434237702351	8.770403921498293	9.109475714274097	9.526948725520915	10.153267587609541	9.811603210186057	9.03885782113407	12.423768377709079	5.9856491117350625	6.517182480070012	12.161521397118431	4.389552452124792	2.9720517656966496	9.304701041221433	3.930682649154648	6.870800331884573	5.932136471816916	6.981112051004765	20.472159847240764	11.114104436551601	5.552942833896462	2.2662587352292674	8.410845284624115	2.7539683854682964	12.216691231797979	9.469466066908907	3.8662849537755073	8.584526246614988	9.376586442142015	7.66492887561584	10.466030765406092	13.095809708879292	8.486044838490017	10.6458190985489	11.38269193897397	6.624072245582241	9.619049680199184	3.1109095720568885	10.415251691197788	6.687716199134721	9.782797696725087	4.969720508255769	4.900941985440343	11.289016506914464	9.255007271808259	6.174912547922126	12.220235156851471	5.648541292817026	5.834479024689679	9.910349488957975	11.173904771640554	5.91237615585467	7.935891633390115	8.019799350945332	10.876648976626182	7.97221023782346	11.815823808494857	8.603058799984192	12.336207668854998	6.341138683827845	6.173366564288186	5.511716755613061	3.277597229608988	5.8661778300825	9.735165947733941	8.794348775074646	8.489102394659922	9.81974791393267	6.936792512164783	8.534436934108118	6.230776358597196	5.979963373789169	6.824806765921385	10.728580373570528	7.402996444995977	11.54660601085676	13.56278845679266	8.933918055187712	8.788738980713227	4.8261327808451675	8.7265267708707	7.684008476716948	5.952142778714821	6.362611328020841	7.665153966590058	12.144636754267182	15.127019829258863	12.387048864659091	8.569211112444732	9.512311003481644	6.742903976567358	7.988137123567985	7.140940534096746	7.002266369751958	7.028234919099715	8.980295761168644	4.831971278830974	5.488126597865176	7.933627815668193	8.918956361048611	6.804414712963371	7.452865114143697	6.80203618900077	7.76572298577324	6.9571499312048095	10.967119485817733	8.503328005870786	5.151981656595324	8.848192276597128	12.988361452572226	10.406649093441631	9.882091707801788	2.950461549237309	11.586821967106037	13.432872620850123	7.3146998451500265	10.67626835621739	11.591408810929192	3.9182414911459236	3.8076101452086193	4.257494858391175	9.789239962884725	5.248161888707245	5.825686692760806	9.029043800174772	5.979751491648629	7.666783114899511	6.566415661713666	6.855410103323044	7.952256924921562	4.766125511895446	9.798349129633067	8.13642939667808	5.814026028200413	7.240763119977716	4.972439451843184	9.148153324916825	7.885648794714742	4.509844894454857	8.305170482625073	6.1045491383374815	10.933399708430219	6.947655062793188	10.922149024162456	7.566338260388103	13.45891705402475	11.024035967763696	7.1572466009835765	6.787944233143882	8.863999421762138	11.322346654117458	7.8095905884244115	7.845679507560178	5.070992092195117	5.979025312662217	6.443133122020996	16.175936223155464	10.899447716203166	7.292455309638796	5.325106726500221	7.947017663404388	8.174308508800593	11.368385657147417	10.42715258353564	10.658655419113227	12.843669567473034	5.397651798564396	5.934732555775435	12.106092086072122	7.961392464131681	8.227820100743296	9.168742851267229	10.635653929162244	7.827832581682167	6.648016348397149	7.7079484026072045	9.885502822819822	11.97622086402277	10.458695837532249	10.81005995677994	7.1887113622836925	3.9024506759576405	16.60960071485911	6.348648158970744	8.09932486923599	7.81349799344076	6.52305416631778	13.690593613847257	6.382205134079144	5.463195729582948	8.923648378545487	7.059780314358935	6.570970732360362	6.208598541194818	8.977700291295214	10.30852939350438	8.232509446622927	10.005222042671553	7.023850850961884	16.952894876525413	6.114157014998005	8.672630970363903	7.37990473255873	7.780634292714296	4.6253887019751945	6.884679278190519	9.33021968515535	10.556815111927383	7.899864391575068	6.948074933547727	8.283110162750228	7.669932580972056	10.986288339898355	5.098764209648139	6.9976051173322915	10.618761092561423	8.479013938262637	5.545050178953353	5.10815730046411	7.325672385072914	10.52630219731374	4.280662712805795	8.319872577840892	7.81452549310551	10.415546833201297	7.644421348858863	5.270911805426527	7.867857575680393	6.907949667965886	9.05499816343343	20.252872078430823	6.367088979380692	4.888738230523587	8.098259943626445	12.271353914450883	9.697384053042395	8.995783936340958	6.938283485722151	7.504179161379271	9.088630351177132	9.341083942913782	9.476751105302018	5.983060620782585	7.997621422300341	8.867551956239183	6.018404324022138	10.392996326269246	7.243466088311516	7.221146432964267	7.594682874658379	6.870885849161183	9.493451555373174	7.937448882548699	8.883280343885191	7.81950118343149	9.191800236967461	10.085799295819822	7.2849229998186935	10.97234211185701	3.9512680236506195	9.16367105200768	6.130258734202201	7.939470085238486	6.544680956781759	6.2347992428621515	12.379935259703757	8.643668799212314	9.624591966171465	10.39820634558858	5.57490219109039	10.287374991081297	6.196894907473616	11.392529542306118	9.009891562082819	7.548641859970474	9.830133358261593	8.037919861352652	13.757854538282071	6.9170839785672	4.831497177508941	7.665563568969016	8.45156060490874	7.744689091895361	6.451861328878731	3.945858010688821	11.655892009041276	7.701389457639191	10.013932263109712	10.12682027820493	12.169144813342497	3.9255442216279075	5.769262856812917	10.013642082723386	11.672319098950627	4.90737484857194	7.496905215117804	10.891215917252435	5.2178868426301195	10.331620053272008	8.741272033115003	5.857053604863979	12.334863181756178	7.849768252604533	9.919343420858052	8.280154696718897	4.973422123735055	8.575451503254754	6.118335784450442	6.655198584313948	7.110271160416466	7.652764938348187	8.84890781969559	11.200822227183528	7.732297582912923	6.731999528717699	12.005014524546473	8.706959121564752	10.00966753465957	12.660437530811661	9.814379911030095	7.871136877591769	6.961599369793237	10.76636294349697	5.968461493203721	5.941583494771233	12.303481744168389	10.447989414985718	9.078830274262888	6.959262093642593	5.76766546057442	10.101377333071508	7.668539085659166	7.784342639706375	10.569815298572788	7.313572384360615	5.920338876467819	4.9331597440774315	5.637663064804944	6.418548153117595	5.763428374803315	11.944951155502713	7.538834987779746	7.706862095382107	10.531938411930946	11.095548572909543	8.750826920316308	10.427992387829986	9.763099417111345	6.344581783702918	10.538891202940817	7.690350787980511	10.045011073689144	9.64476487244437	6.750598554852175	6.2163674942722285	5.3483116987145705	7.873927635975305	9.357037584583239	5.369624832196773	7.575155106945808	6.296869660821202	6.986342889451403	6.729952389427876	10.815771885797583	8.097758956543634	4.067835134008508	10.91520267986225	7.9311056185409345	6.731106651907267	11.121958487706245	8.543589035443999	4.244071477793889	8.664784185122214	8.593749705042391	9.117514033203278	9.722079801948663	3.953547807293334	4.707192662454777	7.58197896622157	17.134775451092246	7.735293143500664	11.613295861068758	5.68453837680988	5.90181036352882	15.364829891293022	8.750275261323978	6.497879706220632	10.852469562565055	9.594119044640172	5.05124398712745	7.594245444479121	11.551743938778833	5.77512638427441	10.445871380780805	10.653816821380898	10.816970442500503	9.424724270312929	9.800486879361173	10.208959319676143	8.869215323569794	11.878384197311195	14.00217962232699	6.883220879048283	11.958763495124089	6.10097276521688	5.5632495783856255	11.351207994586012	4.568511006357701	11.569551131764047	6.7860745816998405	7.7812026968917944	8.720703569513507	8.017885876409851	8.75600670385756	4.894800841456523	10.10296624908867	4.981891963571239	9.09861697552663	6.171804613596	9.092923818085692	5.800843956136959	7.28250522041055	11.381751758536707	5.790973000158293	9.093069161177537	4.955844161366401	8.928992328608835	11.85534281167188	11.719373148564543	12.10439837613896	9.934708164511031	6.669763948256374	12.783717372895307	14.774277129189937	7.5107917722155015	7.962657231967292	7.288979963872399	6.376048703932759	7.808486223349778	13.62769193751157	9.70913711323131	6.64323938639896	12.210780310867957	11.761780061064089	9.358721247184105	7.81413441112749	10.546206525335553	10.524171352697804	8.651304567722166	7.67880223853076	9.174528159856093	0.9985162021759667	7.266851288482764	6.547995380298626	3.957542173088064	11.256483246245844	6.736834215631351	9.00891864943835	8.5648028477895	11.449625418464938	6.317592440643887	12.057276683646633	7.750708111005784	11.689200565147809	7.316761363882261	7.174675348319748	6.960488564135893	8.324617818551934	6.175847937874803	7.521145700398532	10.947552498062162	6.488742622485977	8.228053076246326	5.036609614444367	7.915447730583165	11.00032690279423	8.651262993648139	5.828803810227877	6.447968761499823	9.813575402291262	8.096887135214635	7.042068701786582	8.683831925404037	12.053780378216548	11.991385216940078	5.821813149431683	6.785950189044624	10.861331893170329	10.223981556707512	8.843922533388149	4.600399327866003	8.718064674463886	7.2717720143373	6.545737355509125	6.7619070591925485	8.861709714665327	4.952619092154531	9.532789600396816	11.746963708479083	8.270449847321743	6.943029690828921	7.316054301395777	7.721077385152016	5.8193487928979515	8.664126637174558	10.597358926573412	6.649799718970765	9.466505354811826	9.065662668336657	6.423411977939242	7.2923227123796694	7.438939215538973	6.313576124194815	9.582494294284007	10.780305345720492	9.552868512589084	3.199125112067004	13.755604192461016	7.73696727884913	6.387956838508798	7.902311776472816	6.337154988443084	8.73780247254896	10.686760327323329	7.2446060993689985	8.013784600466243	7.746218370951959	4.866549973930093	8.927594433835084	9.220822658655418	13.39386051244975	7.564002840101813	7.189608958514864	9.556606778958704	4.926982711518426	8.994151085897347	9.066899735701611	6.864950952564506	9.468071051878201	7.762349351168294	7.247443510082933	6.766331890653023	6.743656879532432	6.8833053764326255	8.126051463296974	14.199668845733738	6.906587862440234	15.962786048275522	6.248048434252045	8.3421468249478	6.795501158549711	6.834681465598318	11.604853170096131	9.036437915775522	5.057525354018192	6.459711911731048	12.175554334503893	5.873616039988262	13.642809927457916	5.376354803061599	11.08250262899833	7.858212648822113	8.127708168521545	7.650366029497602	7.365423510002486	11.334194149739556	5.90204940024145	5.065736032720335	7.510867320317854	11.508078583647762	17.13531784790395	4.829862207527209	8.14780760638775	6.995691690756188	9.68151659836047	9.907577516097133	10.769519339409795	8.58063953957688	6.87059345292962	9.38656480188407	5.304628041686521	4.814619416252115	4.926533651784258	8.747349172876737	5.22985528903323	8.060288826722337	9.651723478640433	9.156165049601453	9.92960752808551	11.957614342649483	5.714358163539702	7.245525441036598	4.776795727206191	6.748359293321746	10.092114960123155	10.842249838365237	8.409409895088046	6.900732072286949	11.4314481689306	7.4631353429942004	10.63615141357189	13.073044128857628	4.1742220314733185	6.535787689041946	5.821346060704386	7.370396605773929	8.47204590255888	13.217197937641215	3.2754848927021025	11.176518570095688	5.298143088464672	2.9975047658275185	8.60557082395901	8.581335461749585	7.805364817826557	11.034034945214662	11.896138346972808	10.594111696045772	7.394234720818489	6.310059541811416	6.169404172309186	8.114900676187874	8.658616528688631	10.619898589494332	6.889021872112267	12.062909507549449	7.483356193362329	4.825302877721577	8.858281638296853	5.61675292604785	3.8073981595610955	5.861040625156539	6.826501835821815	9.627686933560271	7.359685343022753	5.471335980779453	5.444915828528621	8.7711635053765	8.747025785486084	7.636641518736837	9.588297067756466	4.174840716815381	11.406176966449536	9.687402255630413	9.512364778604143	8.60131766278009	7.224151601581046	7.656148080577429	6.515264848522503	4.9247884370583455	7.219025171924441	1.9441175722152042	10.589620600857726	7.805596710942772	3.871808766107873	8.779105636709582	13.631646215506368	9.84819606442469	4.613407896871162	5.266749612410278	6.894168747589938	8.55865365036858	6.426345869469769	6.880522552816322	3.8269359642724488	12.443624105180257	10.310884503471579	9.828058871393761	6.703389875602796	7.764624512122225	10.153235828487889	9.007377805317482	8.425961536466279	5.223972328707725	9.217824317818478	6.703177316182435	6.076980730049064	9.330004095076276	9.678095741660254	11.253163461637355	10.007756777030274	11.702694315220352	8.896335287885396	4.958412608837923	4.011294312550059	9.692524765669823	6.063575510714984	11.004401566253978	5.348601952303952	10.272581125619059	8.494352481948866	6.972415428134778	14.313810534288374	12.032618142653455	8.101421309050885	6.766998010158924	8.336420666404809	10.802704782442476	8.242123140659837	5.798664000891869	5.910828983003227	4.707953591399897	9.978671902112545	5.35340531044638	10.544026887053912	5.703070524080418	5.92236890086126	4.8448202276046715	10.686888685122671	8.790908755578144	12.249689645045798	10.97470379838789	4.814993090862569	6.870821634385856	12.637776353492832	3.0654112476981603	7.4899480423951745	10.26589786712854	8.909990342202844	5.856488022590427	9.576315956028777	7.985188873020189	11.43012282583597	8.916965035655418	5.176557299176043	4.1954071735073954	6.505883565408995	6.859381885643645	6.541753218475183	12.807015331380688	9.70151333729958	6.569374032036148	10.184812522571804	4.514818903668451	5.590774202752868	6.1373160264324	7.86012675772616	12.470676242018067	6.027144959500933	10.39191068629545	6.517052226738247	10.702565286011744	9.712754595012914	4.499772053983774	9.724015798382272	6.833044312433234	9.286004022231902	12.688954654541394	7.514067560719771	6.476427336647621	7.634318118879964	8.579494016723638	8.669788852430832	12.18538364941217	7.746068367442844	9.673848435181593	3.990070212208089	7.7488555657629234	10.118361087584185	6.834717052889662	3.942898208853191	7.1216064664389584	9.56817337016187	6.200718269225105	4.8528694293203065	7.4634293995864756	7.956228112962681	9.56227171958905	4.587945532770234	4.245912912799558	9.802769380505213	7.895808061158254	9.955598490024764	5.965898912862091	9.031715818034279	8.863021654605586	7.564436974169205	10.20351221153265	8.54531713403721	5.803989436742165	13.466878570756972	7.7167032418460515	9.174472837669025	6.265950675892905	11.66001923103032	9.747303997448846	10.248411045645486	6.848532993189123	7.438178771062011	7.9228934051866	10.034179641111901	6.588138642109652	9.098309565419875	6.307347662160302	6.761611473152361	4.771425388316974	11.11101283304583	6.980919325926473	4.9561065250979475	14.205275232498868	5.848285845958531	11.054656420107378	4.925679089582713	18.75304725729849	8.27796662955208	5.675997454827806	12.437494988814255	10.295899365945306	8.84185841711213	6.411654400963458	12.674532093642085	6.314838409700835	9.160484888671125	6.365446743061396	7.262431515218939	8.864563539003882	3.0205208681304825	7.313915423463486	6.48985343529291	11.650772200040883	15.453159100829243	5.638565863978355	10.729013366186296	6.16143522514543	5.97819183510731	6.712347867248563	7.323137098997372	11.077613293004088	8.829834166275031	7.756896879516998	12.594089769719334	10.014558713511994	7.763512454292255	9.754004565969986	12.193351629800862	8.402997855957043	9.712547969647812	9.273596504687108	7.608264353264653	3.970143863076239	11.73675738258286	7.897406560111968	10.724210995417991	11.130554268209357	7.212832705517681	11.006649165114942	12.459823894097061	6.083617764784077	11.058782451131618	8.55205073301682	14.243272235442822	9.401217206789543	11.889801805038804	6.782830369521947	11.851401126071327	10.93640756980097	10.711698271649759	2.9288616340381144	15.58962518664121	11.696162792379496	9.71794435802565	6.5811992814557945	9.944689052431489	9.896383821759557	10.352833939405938	6.769996006576732	8.900151670440648	8.337783372822095	5.059922014000927	10.296980631150902	9.34711983021879	9.877633021922733	9.058582903967908	3.9280247508538295	10.533972275458614	9.585174155720662	9.697623401616166	4.205807765849427	7.917313738589915	7.684347811541898	2.988506263348792	7.065950477623621	6.958910410997342	5.852553847616666	11.242010915433482	8.04562268791659	11.292644739998561	3.8518145487677447	9.540801362491605	6.765218085135128	7.765212709077851	8.009194433718196	6.506337764302384	3.8084962656605543	12.739978213859766	10.784399608372341	11.029423996589006	8.993913157985153	10.034606292658644	8.685549428247679	3.5076849507147934	7.190354785532025	8.688505430823422	9.111088461283174	3.987913007733462	5.880849025121839	3.512186590474993	5.677783859731066	8.82939150029496	11.674463124272172	10.658014585387573	5.197705452700966	7.702722876159916	13.286670208522986	10.199791883585378	3.9501752901432567	2.990814392810562	8.768584044427664	9.882358862860363	9.375764838737359	5.141316142584383	7.013873714370756	2.9609833859901316	9.703135641073532	8.465931473072038	11.764090414026013	4.901036813415935	8.83077650867406	6.584962177924481	7.416972719859816	7.760142737007476	12.517196074562493	7.877476266762439	4.325861995819889	8.610880362735763	8.893530889143756	9.979604640648558	8.010625474255766	7.5797461973032405	10.20948594121503	4.698587050569059	7.147880595018161	9.611555282452473	8.117957296799197	6.6397796762363805	7.002990176647706	6.89238640398898	11.450812870549399	5.0993084386695005	8.74380225335482	11.509049890404839	7.022641391969194	8.15181903546188	3.698711301695602	10.502175644637033	8.434672876006145	9.678845544498259	6.610339403643123	7.9606784223363265	10.247595308663563	6.7303789908576395	5.3983278877013126	12.913445092695166	9.261781529047292	11.563553694089528	3.815710501711679	3.953931457362306	5.608544953780696	6.95600398537175	3.970062830773331	6.275339513776273	7.418102928090749	8.846215423382422	11.676077822990525	6.3336761805598085	7.710446705517924	10.52003712659802	3.982693143255855	7.513099234133904	9.780145979963562	11.06201277966147	9.338546327976426	4.243185343612283	10.999016431783232	9.451596657150947	5.095862233660639	8.67741402796037	6.377567965972547	7.264058871654429	6.489646275042158	8.565647719916585	6.027165166078037	7.793629278883737	9.078309281478997	12.941052583151384	11.441834950294044	5.168717585938596	7.747294523356312	10.83599485135254	11.979226562070796	12.833030334801332	4.84750680285332	8.652026784608083	10.838606071465593	7.611027016068742	12.168244766534556	2.8901542554784023	8.743816820202653	6.501682186506567	6.8241964120260095	14.471634402942614	10.066721657335155	9.682877586546484	5.060432357469193	7.720109771752901	4.482038076710014	5.978815563912208	8.816490537431058	7.696107954761124	9.805423420111055	10.095194292751255	6.437368582861262	6.709832331081505	5.847567993783945	6.024743423115406	5.802654117076731	4.998498413323428	6.983069394973768	3.59344193262908	9.949860255041456	8.315357230286294	5.685563363748151	9.79318130171221	8.110733608776814	3.000959419921455	6.024854045317803	7.158087519465843	8.275187123907982	12.396462338717477	13.013686880787784	10.3976544502936	6.784496427694274	8.732962905308531	7.981809726522489	8.435175268489761	5.3799665196635855	6.667951616868579	12.031126905880067	7.908182855541699	6.935730145638565	10.208418905524283	8.891575830850764	6.0021235695635955	8.419692473991734	7.920742518765125	7.03882043079095	6.663238077886543	5.837622938329021	4.667451194367549	12.909082920820197	9.783770539973858	2.999774931032445	10.32692924806221	9.480236520221707	7.815910138292051	6.721780824331781	4.833614726145554	5.284617104431197	7.974271570493154	2.7900124421546355	5.900476680067093	6.87811174592516	10.613807635694915	10.31984910778838	13.562881954517223	13.093245731746824	8.0192335278536	8.247438117438177	6.124374424724405	9.911128218169512	5.57374922321899	12.173710437008246	13.106082088750393	7.6965862981212885	9.0664444592717	8.622401628331435	6.414218613420328	6.625675523252422	3.713011920701	8.092272020790942	5.142992030067122	5.694048109841001	8.784297714416754	9.850974609375832	6.981424288093781	5.901726898938212	9.168832167483103	5.953579630176119	6.916512182294859	13.297423090015121	10.44732801723547	9.262506161919273	9.101247598904159	6.498035399013171	6.906969849167599	9.237469490629222	9.851886873700115	4.8147560974045245	6.516842424634078	10.184042258344874	17.834124385455556	6.892729966258488	7.916452312051694	7.716954570810319	5.390112261856895	3.978740254026218	4.218713344545797	5.609315793140072	3.9155899688115228	7.331767222363078	6.88633346715789	6.114735056793122	11.804202513277367	12.52080822458881	6.2474847003012695	9.304239305071613	9.390562750506243	12.146848432290799	4.799986513414011	6.654189717074448	11.10800462923099	7.302567762080852	7.838677354203483	6.264123306580344	12.044463731818006	5.744663505814727	8.300362492519435	4.990206607158177	9.443957902944547	8.062891013112736	9.30153989074989	11.75488522569816	7.523154738973308	11.81073299158697	1.9612043177621727	8.58032647996639	10.080853268611358	7.981291997288982	4.5367245695820895	13.165797231367973	9.589166354122877	8.935383212426853	4.018226766281857	5.840257624945751	6.963118139207758	9.369184953904854	8.17549315303103	9.641915236376482	7.274887950788955	9.627643373432791	8.635451716301871	6.901996590368014	9.75558231592446	4.9599100322545455	11.297574617447017	8.749770755416133	6.743550771979943	8.195004231146163	6.959650430496598	9.013527286763884	10.814325951193942	9.689484081780153	10.718903917627733	5.816360928364477	5.982036123321192	5.018928285225523	10.518602918428927	7.375779113426962	7.628853281164815	9.925315677634755	8.63534005315263	8.746046926600524	7.610470038136975	10.567926802284317	9.92454249530356	4.705832420066049	11.20629126751688	10.499907474673885	6.900207046463548	5.2610810154685295	8.733982106519273	3.8770718823839885	6.879284238730488	7.180342646992763	7.7231058729041475	9.503592342462035	5.222489594348989	7.076954228074322	9.529310125132007	3.737043086288566	6.526301732869185	3.511211392574749	7.810907285930226	10.20358339833008	10.888200930354191	6.3391710625552	2.94548567344178	12.556702193005332	9.704770409755492	6.122509981420298	8.260004390347136	8.949774398786502	11.500088361024249	9.798703818798852	12.103740978293944	8.904910683233004	5.5676413828163	9.385938993699543	7.895649133744842	10.166694352006525	8.53427738174581	8.485651121074069	13.158195895598537	4.917405727278348	8.889537218906629	6.996584777467078	4.396983804829882	6.460546998014951	6.207809932645547	6.292249916908754	10.82262293389	6.760473393403258	7.7308241745834225	9.185383265691952	5.664606968805575	9.58675026873782	7.185884548291666	6.84249782110253	7.912351652607584	8.568532241315872	11.136750252856418	14.317791139322065	11.486367535803385	9.09477055766317	5.976060631710585	5.577934524039548	12.79235981355763	9.27084842933584	14.54787130639737	6.753579027337361	12.907122939660061	5.153967699874333	5.47501033629102	6.531288103348414	7.742785089833908	13.561138715321631	12.682391934136822	11.567738013614647	8.58485773426932	5.6099876277721386	5.934110304574992	9.668183031983956	8.852517198477212	6.153866581460758	10.25535992512455	7.748495722320311	12.72227798506117	9.411524724328704	14.256199238611197	6.783436611404684	5.943469840775406	8.986897848711255	6.780019209028798	5.14993789803311	5.121656969420537	12.16250790624646	10.949061753533686	5.810973282453124	3.6997086230628513	11.587261110996923	9.672777537583675	10.019579472980286	5.553648196203908	10.629121519087425	3.489989596575465	8.094938429194219	11.067300756238366	14.103657736421768	7.522200058494366	11.511487328419564	4.857735678687448	8.701016358682457	6.154198019913666	8.153140580469618	9.065643924429509	7.276127077610163	5.325440676176812	14.369212544634614	7.394493159253636	8.57367214415792	7.766305815101722	6.3532654088683005	5.333032264742317	9.63269560829012	7.818591482519191	4.405072227037199	7.804403179025043	7.006555229729436	8.04690794402999	7.3355116194968675	7.589513527614076	9.514588365687983	4.615707015131562	7.142068278443672	9.756186448786242	8.537300559619	12.716943847334175	10.78417024226323	5.720069046397651	9.958375675990762	11.894781019898785	6.273217214605514	3.939696566453869	3.709514848752132	6.59242070979049	6.884446947054618	10.607808532248864	9.378778438348787	6.521606811602409	5.252694358450367	5.912560670034838	6.787537542694328	8.442214666086038	7.877924392763579	6.606882992551931	5.607531255257166	7.716261489038524	6.715323642187139	11.574624469969953	7.179208157022346	5.948407143860533	6.898788893060885	12.418854923828832	6.277359937452529	7.834586156190314	6.999447977263215	8.039944424338222	9.346539497729434	5.7403958970557944	5.773334460950907	10.832285792371984	8.648216205639331	8.724203394361485	8.383084561401946	12.020994540318506	9.082586814357818	8.214880165133994	11.33732114870745	12.857931736767128	7.4922964984543095	10.025600982867537	10.715483460776683	3.9508151787336385	6.479695183460259	7.08610375275538	10.919761395969285	7.480447293136319	5.920064013241997	5.495102066601549	7.665820907236206	7.943507180127788	6.419147849269184	6.495244956792832	8.097769439321809	6.812888482082684	6.783280209417762	6.444793563550495	9.71272617686086	10.674742514431523	4.950956647568214	7.536946495095617	9.089247630606657	6.868126444930382	12.886029489257613	8.925768562741759	6.908968726669848	5.100929961281201	7.748489163985986	11.133592389988664	12.082689971132842	5.980636104510012	6.644293282639898	11.28094636533202	5.88374386337172	11.63201409556889	6.545203326439332	9.108733727007596	9.506761147366909	6.584070976322833	9.992548317355793	11.777292459069711	14.18555926224727	9.322454323449119	4.4557788105828555	7.710650796556666	10.581295181483338	7.66412521543955	9.30034058169612	10.004446062549853	5.1812563583914795	5.8216370210493205	8.062850613852806	4.898920436767319	12.553058396199143	4.940486573165387	3.2374330143812826	8.700514645449775	8.776926617846092	10.465081163754128	3.9647824468247648	6.1706654508425	10.544688951379563	4.226040290290643	12.78273975105684	10.71777300831088	8.001447885937488	5.054056652809136	5.223670393165135	5.541586554115334	7.196983137285907	9.285814549289464	11.95631457593367	12.122189822076525	7.573903337235511	5.751921173317721	8.62241037802166	8.50466735920652	11.301776537834463	5.729420871560313	9.47219437444156	6.474014980374402	7.685022250151682	8.117666865457348	9.556305122326082	11.799647235234804	9.08965652732552	14.305557318918417	6.54792756712831	5.34571004219587	12.790235711410988	10.321069847517501	10.610125713379759	10.830083630246106	15.48624952280098	7.3519744878011775	8.942585153852342	7.622148598265787	9.869695076496397	4.30891523986152	5.878984850237502	7.508020356763939	6.95022250378752	9.429853676352485	9.692897090013854	6.6069777363393545	4.986737817805574	10.709440172474645	12.83429274155722	3.0626402090644547	8.703422794064751	9.302667494037651	8.042902233281625	6.196004240470839	10.663559788518123	5.902123922529768	6.076934841337302	5.848676681498698	10.198702319428637	5.950628363098	15.350800691572644	2.9621615347929477	5.839817926705208	4.90802539076826	9.129528991109286	6.133505147546115	6.78431968818204	8.361881800541639	8.882103770174092	10.3039144298365	12.71318235753471	7.8750514250768315	6.354347973890123	6.038485637992726	3.393339918596692	10.226695717159998	5.776760725798135	9.713280453167975	10.625224597007987	5.970808611024506	4.787972883114413	7.971683046722331	10.954371529402511	7.406344979218633	8.921774367065195	8.49835693249969	4.6369584210968515	8.072298547459893	7.74987853179314	1.9829438272029096	7.561666133748707	11.769660549801623	8.805145622276706	12.509022010338956	7.9777467237246045	6.9474833611000975	2.9252216617959217	10.555368616360166	8.306238271785872	7.485279502665898	4.924060774784334	8.231994032090235	5.489491231350519	7.811845650515914	11.687734641740953	6.3438294769322985	9.702173451559249	10.899938395338257	4.363725733619455	8.930893173864144	11.081933840644702	8.984809885618327	8.980845231986784	7.9777411804963085	7.350781285034312	6.913146998527421	13.451547880649862	7.623960825446123	8.593855380310835	5.757361487740549	8.579466730446871	10.068049779899338	11.341236426345027	4.702939602832964	8.803189115997647	8.17678772939017	9.853697837137853	5.517852508982299	15.068463722794435	9.732517518006617	3.7495882652915613	6.13621924420282	7.932930260357054	6.848358663065022	5.463178854907763	6.293842199040974	9.366368343595486	5.235206774778353	6.500198410655119	9.202063044835493	3.9116636144537393	6.821659532767995	8.345846511187961	8.34208122788608	7.749313925130855	7.04143475006444	9.680183358857212	5.787713197223744	12.624537901058044	7.788722677815406	10.442457351067407	8.958888554469027	10.63286208293231	11.341078705406215	7.957752593403975	9.386803412019358	6.1553351279587485	10.981835644011808	5.478083734757605	12.221742689401426	7.9656428810186375	12.485166383135779	10.575248539425687	6.146370254826949	7.845318516162085	8.572004594633528	8.654447799334886	12.133327173745608	10.978394377358992	9.76226169008515	5.107709406111882	5.863604525691652	9.76936471409627	11.193467746818506	7.936494871810611	9.243645113343353	7.5741394800307384	6.3003726679777	12.458092994228272	4.533690713383498	7.370765239990434	7.018930658025388	9.373912175253844	10.676181791008487	3.9417958655786047	9.376137633590844	8.273509350426822	9.836149819234917	8.665252677896834	11.709506765661871	9.646361888101733	8.775936057299024	4.748135458082094	7.898562464451922	7.9777867507087485	7.821059816827801	7.060939898229939	12.008637894110567	12.296191592454079	11.433175776492355	11.275992530780508	6.197890518059739	6.967669418268242	8.403223398915923	10.150239200756237	8.484778767507535	9.629479856007073	6.784999246861297	7.849588657705692	11.017685738271746	10.525513554820101	8.172721079746614	12.281346238999049	8.278930304559982	5.810550805042614	5.612629700694521	7.67653782484136	9.798392044643872	10.225477921961385	12.473375309393866	5.815494446512518	12.882049946714405	13.550344259826005	3.5741912821250925	9.148415512739003	12.75748993360701	9.833400860106398	8.654822040217033	6.796208454792275	8.940107025863577	5.014310693950116	11.260788436102182	8.858807666961619	7.786134857730621	7.032714716056108	9.778082983362205	10.842915565436346	9.152527173563817	10.303941867640068	11.94709799936211	9.44589702735283	5.876469309458927	8.66890885285369	6.550059760385345	8.279326445656853	6.881217388289633	4.721840819359898	9.256167632194693	3.0664247733488095	12.133651257336227	16.88721333366799	13.575759277863355	8.816246100864852	6.876966962569848	10.895857963529485	1.9996294799643792	7.32038659887388	9.860924355661611	12.549974301508993	4.1327932819194775	6.300457422644024	7.092718315266844	7.932261831308555	9.154490696555193	7.843461806890086	10.589594769368345	5.313427214880443	6.5766118791013755	9.34660489881042	10.648732266816879	10.612418080781604	5.206127606239144	5.758960663973622	10.776581107710898	14.427156110767825	8.708947347844488	5.751575392821524	10.885786413696978	13.687245133385437	4.502662395139371	10.60116984089235	6.840097028516847	10.201085886785476	8.763225596295449	11.552034167519674	9.342610533948466	6.7665898276786764	14.046351677962292	9.635540423244004	9.275437162056447	4.911983591332753	7.462306545371167	6.6977741658183945	5.979393487059593	11.683109137424497	4.639995030811437	10.178198879907304	9.66624566613016	12.616371510838059	4.840273150825087	9.09267317811524	7.914125303156576	6.980543904349159	6.610601132501426	9.851228028758127	6.003262533123952	3.1077651755731335	9.12899205763181	10.144666194910878	12.145144896559545	8.28281713660043	3.606741817162795	8.89970326707569	9.385537167785978	11.396351225454723	11.921138129625124	4.593459435045816	9.702885537726592	13.289302018709204	3.901887924527825	8.806222350455334	12.001688971704878	10.603416236255281	15.353453384699511	17.55174389746422	8.845837340615052	13.523356334425852	9.054841408503234	8.947598520634694	5.96216891652133	10.470022647537094	4.851758376746295	10.387253802660714	8.141334905199695	5.95273607074239	7.058563912078446	9.391486259064363	4.7447167815436595	4.138886642973214	10.569884218170422	3.7744646137474587	13.40662777108536	3.2615690783045532	9.419979376096485	5.146486550993273	13.285693901014874	8.835854520939968	4.900498425870182	8.122371355821773
G20	3.2194436151384944	5.679930617717907	5.615408882987879	2.152971110192527	3.835406977173618	4.937159839233384	4.72764225597553	4.554509717181818	2.3074502773617978	7.262526417149451	7.618554238291736	6.394641572080543	4.418336647901864	2.1738205416749965	7.281626411170672	1.455241943441206	4.859215244653666	4.06416995331065	2.3134516579810542	5.59078661834416	5.8852444654153535	3.008553419357146	6.728103042477935	3.4525655662605264	2.115369644448315	1.492585478774808	6.128679803623186	5.649320192049606	6.317257072611958	2.284611866492165	2.5652058821750274	3.8514067076577305	2.5322578946980943	5.763936465070459	4.054378421925718	3.661763820489749	4.344398359748729	3.2355126597742716	3.089913722379482	4.283976970402905	6.5151617558873625	3.9638441290710555	1.9228512214001907	7.806398152758497	2.938319807146566	6.165340683713831	2.7102275049092044	1.913960097618429	3.074614862594726	3.974712347148378	0.9925531653800795	5.999760503649908	2.5809667638419427	4.2166937038644	1.547994742050415	1.6062200191916332	6.817563807249389	4.9116553295290455	7.483764434485592	3.7754445221662523	1.2322689845693395	4.899782660841871	7.465244080206719	5.967502007527484	3.770681164987263	1.9304959029728548	1.9732407062005162	3.926031139833176	1.9968764511037962	1.935110574650118	7.300233943984812	2.355851737951454	10.455662543122843	4.977638218082927	2.486358345061438	9.699757394541033	1.6878474275505218	4.210415740921346	2.5468977838248033	5.897000058441152	4.963984955666313	7.51879135065365	1.4123711413786677	7.668816736069517	3.5535522215396624	4.902624056537674	2.548749669532763	6.921969071510172	3.532999166904467	6.760207208299174	7.060518632041627	4.545882464307879	4.827098749724688	3.6339205884374772	5.625514524798138	7.6679961260576714	4.8031557707962165	2.906748121517527	1.248882988390095	6.466655496169733	3.39999039068754	3.4768768872108544	4.92662112936581	3.854180740643868	5.674397429002629	5.819414823218878	5.426382673694104	1.9110112002020319	5.6105205332591135	2.482339146431434	3.068955050319811	1.6766157297125257	2.603294769431084	2.927877526846154	3.6121796030751145	7.919017872722816	2.892689685338138	2.521676226855007	0.7641597756543284	7.69145890504504	2.7241927805762467	5.871837542655315	4.056540079894906	4.733998678278577	5.963280340315696	4.416007754968688	1.992738314530781	3.08159873501646	7.293376746048355	2.6083470324092084	2.2851512287412166	3.831950986785202	3.977617822454079	4.876472050794578	7.875640097752627	5.001234340048234	2.4511731311285443	1.2378565664182302	4.979908398369716	4.53898107493912	5.56511297851249	6.342372714769023	2.321134107129745	10.063604719078247	4.480716379847954	9.106144906283062	3.009128763253326	2.2101912843632623	5.127400979661677	5.8091905198648295	3.416341599916496	3.8818273546317434	4.103037429709309	2.890396971831578	1.8545117001365015	3.647704941093649	3.4654632873440456	6.3109925901799775	0.5871531094072483	6.672333638662895	0.6972784454866746	3.3730190636185475	3.0589193497278	6.300168472209168	6.958565517700135	3.8352320310751224	3.2856274913164025	1.6964581702009924	2.3406258376144327	3.4963239009817695	3.615897397120133	6.944823977339522	4.041753607931555	4.655024498541268	3.711228619824651	5.6638504991109	2.542078927636207	3.853761797108122	3.8258118328752793	8.078620305380154	3.7521092686607367	2.267697721848867	3.5115998378520175	6.717624901932394	3.834286900925302	5.359617622166463	2.5478946856208755	2.796086785253451	0.8120727944108025	7.90520231968203	2.1641301982992798	4.075581150588437	5.12408061164046	10.34401180388897	7.953170971351095	2.3910847835788713	7.92430484191628	1.2726908093505769	9.774587256696575	4.300916431118926	3.37706699767954	2.606860108724212	3.9863813392607494	5.740693168332564	2.450728464934185	4.790586745091658	3.9059454131894715	3.3187636561429454	3.272677525444955	3.256395194593799	3.9577614869638795	2.9954468917037866	7.569485550561808	5.94974300244318	10.612138536036445	2.55596452488503	3.2966259888499145	2.5289091753768917	5.947354889424561	2.3043905653968104	3.9507890171410094	4.972936949887844	6.473432929740816	0.9810837416074618	3.4388943954212223	4.077645180670249	3.0425357220174707	5.329243512528435	4.320355186757769	3.8954477490044033	1.3594139805874625	3.1445340222575666	6.39326650978569	2.8870218246638975	1.9487365870702158	5.327570807869021	2.0467047700422705	1.3574075020089817	4.916524850176345	4.4790363146278285	1.7765229079952574	8.537756261590848	6.046083290783258	6.464161157523102	4.560194947496246	4.52470839161198	5.731593955000153	4.985503507318016	1.536385491358487	4.225164340665791	1.050716775624944	3.227121718948697	3.2471269032809595	3.761983182695527	5.5097169390347585	4.8204653522855985	4.202546101378879	1.5404235593825528	7.004385636657964	1.9521393118502055	3.9856306973527587	5.842797967166062	2.2133520170980727	2.952382277522095	1.4066140612542524	8.10481479349832	6.153724272376219	2.5511462077185607	3.523554245107973	2.677352601732567	6.740403620176672	1.5594353449179226	5.56987023759205	4.257413605394397	3.994695569945652	3.09144908077708	3.1918419699448877	1.419140873223443	4.147321578275455	1.9445860395941643	3.5369645842943056	1.9989417287122775	4.79839343705241	2.115476238344631	1.5568340783022445	2.1642384799668655	2.903044054013181	2.7091386371449233	5.028740192079666	3.897657735336894	2.860871798137215	2.5676222232039367	4.785484387312585	6.557709102675452	4.0649398976497	6.701778532393416	7.182321304981675	0.9956451182035876	2.9810764597025727	2.40695492170993	11.487420973592037	4.024357034863313	2.5976159294676093	1.6334100832946679	3.2123051045156354	6.0248752667522725	2.7116450932530016	2.7964988072446717	6.205181459988732	8.603150489748785	6.663300019784535	3.807851785079251	5.282087569877441	5.877611776574232	4.259016690197966	3.8811816043989027	4.155205462454793	7.821477107940823	4.067752921894091	6.187213030704632	4.169172090492452	3.79514348119591	5.31593455493702	6.974178880343559	4.454385299436389	0.8077614726679471	4.626185181715149	5.847201906210927	6.761033251061977	6.825670259551382	2.249323844892035	6.577863953880267	4.855796207223501	3.050999185467851	4.863893142662854	2.467374464058156	5.884525873728843	3.2532035642529333	5.186714732493542	5.73765956115798	2.9110223687013717	4.684072982291282	5.8025005175349325	10.626116139964735	5.1503532477201475	5.076326304097956	6.9621589356991676	3.2355226536293635	3.3867511329957356	4.653192207550028	7.686666723661631	6.723554290574133	2.255974254237662	2.0989269523603027	7.947747159546543	3.723447189647541	2.9564258655263074	6.772583226744447	6.140423905589542	5.63438904418508	2.9835477973240083	6.689655969607757	3.9435466662004868	8.680517313623456	1.677759001602432	5.7163470939664425	5.45327263096378	1.3465511438218078	3.830074968937984	4.216747304477445	0.5812776251713601	6.440704031811431	5.036685968968372	4.821000510308376	1.5555705574886778	10.479011718528017	3.6197073310719414	5.078136251961955	2.055078887538858	3.2973721521041566	3.952399157033921	8.77168574502646	1.6300395692271272	0.7819349910625102	4.34747478791505	4.186824955806999	4.625437290679852	4.38731686200085	7.053086792468286	2.3033107394884356	3.8822903978994847	4.240700304925607	1.688371845181957	2.983101229595081	5.697600046118895	1.8928018665601583	2.9828721660578896	5.69622901970275	6.781523422655153	3.174372873478903	3.7399087446255574	6.4842492332751105	7.838770014764188	5.039279158655398	6.872976222249821	6.130540374305132	5.971588757190297	2.0348942508490455	4.390709179009505	7.19980171585378	5.799473744323699	7.015799634783057	2.4041580421855833	4.23002002285438	5.832143772335207	6.847170983315307	5.168755818580269	2.9277172238368814	5.325778764800151	2.654904223572976	3.53378187929876	3.9589209823076077	7.6601462949234564	1.9449061210302658	0.0	3.9721205812029385	4.113306046762556	5.0599304633470545	5.762597299861067	3.064306963945159	3.1629732311190666	4.390949722931368	7.511516966367325	6.048488951769775	5.021310299006293	4.342868890339041	4.841466237814445	1.3365998781896549	1.717106260040276	4.220315203076348	5.1474972214513075	3.360316931907512	3.105233680188642	2.8393226493207084	5.387333457433136	3.006206392285343	1.9220269389405533	1.512665409137641	4.9472984887460845	6.002853659217684	1.2341793799636684	1.518106011299852	5.886657965222248	3.1479430262118338	4.805199892941094	5.193999977745156	4.994886949382015	3.1505471361915043	4.097651545122035	5.1278918817520776	3.6696186069012366	3.972624273104362	4.399618836111773	6.501733518696765	4.908340048429193	6.078608624498808	3.5614606207516437	3.618504808921919	4.927061264973096	4.942665486549035	4.844886300359338	5.821309719032612	2.2908819654067107	4.703682747340222	0.7275821480271646	4.961274340492136	5.94123217311675	6.903112756416264	3.1756011431306415	2.5590991684794235	5.786378909477571	1.9712422683106685	3.8776248578229247	4.899641535970109	1.604353507217243	2.7269987673757	5.005060463822959	1.6572571380984724	1.2887116330023802	3.843320392771252	5.4933940219842805	4.846171529940018	3.1280217287773304	2.7816825635296545	5.1329786885023445	4.819551798309816	5.677622262853704	5.396936318210365	4.674657444243063	3.581753817425022	2.242388142197936	4.849399335466444	4.4984071007098425	5.747758469430902	2.1807577485380762	4.781433556274463	3.1266075402838855	7.805705931093687	2.8774843414041444	5.048401786681554	2.729503348942701	2.603364239968841	6.086877372929641	3.95298878757836	3.702136152001192	4.48418915635078	6.194662787597958	2.788309080483952	0.6307336277514346	1.940090200163301	6.98077940810625	2.281325153346362	6.8664962473760065	3.8946868026681716	1.024764555073929	5.614529167378546	6.7920038260995925	1.4732844179311575	6.735506127630286	7.860948599170892	4.765841599834532	1.9414509080446896	5.468525414838236	4.064038015911522	1.9229021263313528	4.01655275764374	3.2730881466569928	3.0765332331250272	3.982883477457553	6.947460111421966	2.9942283441794633	7.280828487992183	2.9432807647723416	2.6765152223051505	3.660948131817168	5.1358418192632005	4.388062253972893	4.52207019240969	3.973469319471114	10.774690308287775	5.040524157638251	4.919194221412368	0.994505952914042	0.0	6.966795281431264	3.329864752744653	3.9337506338439807	11.38485269547458	3.5041785069028966	4.458004196824387	3.4447245188034277	10.425698886501007	3.250728090044613	4.114539510323752	3.396334589974783	3.4829320409499176	5.622407636242285	6.497267395681808	5.1807557485005535	4.452095386649518	5.397550461721624	8.216915057941442	2.4462177369817932	6.468495540680742	2.9017146502158133	5.997633348566963	3.274959436424082	4.162672545621763	4.5129857081725016	2.9682609319692634	3.182594818779329	6.799586623489894	3.777386931530792	5.871246627835075	4.303738933452361	9.52238929591959	3.9116742329352747	10.982121604199238	7.739648714463479	1.7207291495779096	2.9208683995004985	5.8499830088228	4.841527122622739	5.060505645128579	1.923299310030128	4.3236505638939455	3.5690467638926364	4.939134935334333	4.428285875445005	5.006663788079607	5.100093554824709	10.557197819659617	3.1090262509472066	3.8726524963625333	3.7718583681956925	10.495618905783028	3.576599773962098	2.7580700212288654	7.592430412725754	4.412337531135591	5.652243624383608	4.671561048787681	2.9176940743659747	1.0878777055712874	2.1065516806600373	3.6025386864172364	8.627587305266625	4.199379653893342	4.282969454037645	4.241321561813692	3.2409098181517706	8.3542007428802	3.116858892943173	3.3173163818438764	3.3809763995146636	4.09725134679483	5.460863278237546	2.563518103202104	4.4158286314012924	7.771007250175171	1.6529798677137963	2.3061673323327376	10.661744702896353	0.7884307786041075	5.987892544445847	1.300787399983625	4.02552122024467	1.5489159246926012	0.9758869934827052	6.972028999598014	3.9932643592580943	4.979788677294153	4.697592595360346	1.6606283918682256	2.9426112022019204	2.8991383248881637	3.974735859892633	2.7358626121141505	3.9865330724049057	2.003968453374354	6.708397636285517	2.957654675983243	2.9388055589339688	5.804423046648426	4.823394798574404	1.7796044466655412	8.7711604348896	4.7446423830008255	3.93450871679332	4.848670795363916	3.5425389168123576	5.78389571876242	8.722230301477875	5.934063882262019	2.2980187695715513	3.9757594477782447	6.938035646829104	7.001552343393756	3.1379542117070027	0.998163092059948	1.7964180911276306	4.185933539546617	4.9482136633793985	2.2952296097432336	3.094771112151154	8.852481797325435	2.5991005651137	5.8332910128184645	4.796173599210244	1.0506925606875719	5.0871788435232554	4.505174431992485	3.1015670047235853	5.322940623442414	2.6161924427278724	3.945763512466346	4.47759426188825	2.7482993125825232	3.252767059461133	2.93214621119597	5.604143480446421	1.9844087928900396	5.315328713261797	4.516392822371924	4.020139939538837	2.963310746982085	2.540243562777462	3.007335517567906	5.922960836506712	3.3689732804289507	9.010159443269616	4.8540462791001415	5.414037717329703	4.695884161622151	4.5347773406115195	8.834697636676767	0.973992517802855	2.9639928531951694	1.8526098344072974	1.9929846030307725	4.940739417478695	4.32607254328516	4.170199485084944	5.676300667217723	6.220444401147501	8.7357444522054	3.6692075227321315	3.1997605273027028	1.3422612975064563	2.1483790746392106	5.829451607063701	4.84264361362901	7.168950273273608	5.813086303733712	2.5233594581452494	4.921160278478365	7.818053659950853	4.862372609356922	3.11906423796222	0.804729217333304	2.9357786688511656	4.212470092903922	2.9621179473570725	5.599418124211324	6.599951831255426	5.602321380587405	2.771413389392161	0.9580661871915221	2.892049378743163	0.5956550132157613	6.249495994206011	2.9282511017604183	0.8045602346212493	5.419231527681552	2.7735954074719595	1.6861096193790068	9.877404235823043	0.726951507128008	4.828643531191905	6.6804207797062665	2.4421144137066753	3.9571490255286057	2.3058381835190356	1.5813574446838559	3.2802099553753012	7.294754774806181	4.646055696046776	2.27836628115606	4.694554826157393	3.2474466655954615	4.472516075597114	8.406751523180432	8.93113178807238	4.742207754494969	7.648239660313918	2.83967313216588	2.4333629164397848	4.761900165677604	4.279571837524528	4.8189387872559415	3.932601842108449	2.8910465629171664	4.888351814094613	6.781646854921455	4.517788987406777	3.419836514633316	5.3881156692648435	3.016251331677071	6.023485846799366	1.9935642629250454	5.874216471270737	5.292253435671908	3.6099133488902004	9.082681435247217	4.118179209250104	5.293636299408269	4.808416108679114	0.0	3.5953906614070714	4.85857660442326	8.4959994892384	4.5353516541368295	4.79203818488615	3.065743645859246	1.965956480583107	4.605057089786733	4.976255474913417	1.9712562758317331	1.8049441296876945	0.9943715857389637	7.978839022947952	4.585328133421707	0.9585231426576496	6.2593107248853315	3.424111981056253	5.505350429978254	2.8916294166261887	2.9900076181277147	6.80314949269866	4.703961603963366	5.163554230205126	1.9980884536381427	4.166258677794215	2.815327261253626	2.3064947019774924	4.577697174646131	5.241310030073727	6.738604677991183	4.776270122581586	4.910680223077368	4.617247396562567	2.620626747292956	4.345662496101813	7.4846627259364045	3.3034864118489495	4.169470346359545	1.9987908888470238	3.935162048807462	6.70340362618715	3.5684449544534647	5.718815530476547	5.684954879836437	3.4338470844734803	4.285216429425278	3.948737401270025	3.9670216744093056	4.629780267998822	6.942506493769591	3.367780233898252	2.447486039957725	4.809613768809779	4.036634640409194	2.969485635322327	3.165127755260926	5.157627486119973	5.455457882185868	8.188255653928307	4.2250108766693115	7.785794425382955	4.838104806416315	6.076629279884056	4.6504592770420325	6.49876953652485	4.42042241113048	7.302695917136254	3.0596059390089003	2.588190863560751	2.7926026767721233	3.729852740784694	5.6495344168198525	2.9235175029060696	5.962233355117787	5.359822820070385	4.315158992270078	3.182145854787831	3.594771489431541	6.795136695380322	4.669198466270055	2.9325567665648915	2.94696178234201	1.1280583416888306	5.960413898074859	6.955673642202213	3.929371433488052	2.5262144290120214	7.646579511075271	4.7584240099451485	2.554868728528028	6.864480210746368	5.17673800039642	3.786590733462466	2.9209099943347048	2.9916621593269954	3.6493746430879637	3.7621647783886916	2.3553633819111806	7.244147531035585	2.0928145182506377	6.651611641091199	5.462022113087559	2.653447425739693	4.26382693812401	7.629818100370524	1.9435391917739244	3.5753357177290606	3.8783524840830106	4.817154249566238	2.93119736484824	2.922370192266131	3.0210148286635023	7.109566768354674	3.9433050556280773	2.701258459676412	5.554883204171904	3.0950419769849526	5.799498858335449	4.14713755536099	6.810368063971909	5.958075715111137	4.633518761587234	4.358030941593449	3.2927558091413585	6.975855299635536	10.68515714340404	4.975250434391954	9.665714907793324	8.16078224300068	2.3617019996255535	1.5263690737620585	4.183860882121834	3.1665323423171166	6.7448900126542926	2.933840752461209	3.856127463115264	2.899544379340922	1.9658293288383861	3.6395238433453807	0.9738104276770414	2.300376632089614	4.0803535794184205	5.794832361724394	13.570139295860818	5.79712788199341	2.4324702850990394	3.610916364178865	0.6576818113002062	1.9404972422100315	5.1676428259416936	6.2062400367841475	4.3365073584417395	3.22070218832748	1.430000351255178	7.567517937768786	4.502689469191423	0.5038142281881929	3.425979480875316	4.576136354709186	4.279562685942576	5.471424354409825	1.8661008833157293	4.865155596867283	3.513554446025794	4.432538206429808	0.8015511868684362	4.903681095364855	5.762567964159547	5.723472715411473	4.670348668338211	3.9150502160023186	1.9885917338389167	3.345388903748212	2.2734513351509786	1.9079232048355192	3.809838666403207	3.969695807167014	6.505537373344971	4.790894951178529	5.1356737091934574	6.447089224596909	3.3953956105906227	2.1141938638121087	6.2273397998897755	6.081195352480446	2.944132610092245	6.9345766370152795	6.062915507210685	2.5479797399441546	6.84769135109597	3.2986792815149846	4.6308659210051335	7.3934806779057505	3.9135019475743054	1.8659653106368819	4.865223604499914	5.613786023021428	0.0	2.252296074637093	4.938395165360145	5.471051155260035	2.9539682974985575	2.9396134020371614	4.927854816864657	2.0575324281511596	4.695380056856258	8.888612304599087	2.1099707287138014	6.1548564100741325	1.9356842842603965	0.9667740020373141	3.638257649229952	0.7178184269969154	5.91724654002546	2.9262954098222664	3.9259939778776705	2.340782116615891	6.092371083433131	3.7843763926544747	3.991106319267632	2.313820042443309	5.01137896590374	8.714500540172168	3.4043320209063714	3.904347655952872	4.364532592945765	4.028176585442704	6.711542904882286	3.7750178177707387	4.684081472290689	7.485763961437765	2.9155658178817294	0.6437206304976408	3.2597275466356455	3.9658217781544414	2.19627768611786	3.300520787713775	2.5512325793735866	4.117631076958621	6.875000107821879	1.440299165129981	5.386462908971436	1.543878132200673	7.632028467573414	3.8034528270948686	8.614134397157928	1.9568764242502534	3.730063883100384	2.668144371497633	3.3297058867173024	2.9306776790794085	2.5890313541256345	7.9871115842085745	2.0835775727166213	4.28381420290014	6.413014659347072	5.202684234825575	3.0210682566522657	3.9361860503186956	2.2644086070365557	5.05627042479364	4.454885251692476	5.39966133533914	5.640624560842667	6.108651281689522	4.783875077765254	2.9908634032385693	2.914349389428708	3.0002279943275245	6.830305915610637	3.888258173866721	4.234504746971645	7.002277442017178	1.1523817952699065	4.966382050068934	5.420657653533618	1.702202302810508	5.650561309094686	4.8756933853363345	3.9968752946605672	3.3504494096529203	7.543831023645778	4.976195638198573	3.216197525552194	3.1578265009895863	7.749887880669683	4.543600912603355	6.819972104778455	2.012211903800822	3.3536065932476102	3.6147093955240996	4.303182160455993	0.969836357699325	6.61305060201709	2.7913694506449844	4.090498490499887	4.150053190223165	3.331900071879775	4.901852355285244	3.8750367145205367	1.086553819147804	3.950076821200092	2.7618072366024013	7.113269667021286	6.505170004587114	3.577095673975669	3.7138278754220413	4.610085122191483	0.7478050919074498	4.857782536283505	3.9709543798494216	4.986199386405905	4.681243749879499	3.8714679032932815	2.9285573486728835	2.739161704761628	5.217037101581852	1.8161469975935813	4.554964852237357	2.5794934547155393	4.152830956875767	4.890217146564212	6.215907393896801	3.2241514876490913	2.823392770682167	2.3148250528168255	3.148140237086305	2.946448231093109	3.8826966018636258	1.5906263333245874	3.4794660120436642	1.8536189328999308	1.7037148912390678	2.8571625470769555	2.934832088662932	8.924105796509176	0.7296718136387688	3.1677591147086486	1.5790532587811548	4.8932963377855785	4.893168223465539	5.348721535460519	2.962866456783691	3.248148315641261	2.9082127735076035	5.818254386408841	8.646933515220748	2.330247040659831	2.555635181680143	3.2143875132007484	0.992852333371832	2.98222638258179	4.4177336258819455	5.736352320654293	1.6197538624183614	3.838220956258036	7.99819962225783	1.5660882724404788	6.9247519828776225	7.610899406617759	2.9463192911281406	5.09962485882992	2.485462738665814	3.9882182098106633	3.31049825901434	3.282213411288194	3.9259006726813412	2.4611534285030707	3.7015434799329774	6.2346607838897805	4.602716391107545	6.877845132958087	5.102697228909572	6.697396176216278	3.8221800116785194	1.8387844834111782	3.8776689314896835	3.400634116994468	2.9589879889794597	9.267719463109488	7.739367293156184	3.0369816035589845	6.993437507008351	2.9083144367326934	1.7357384923127315	2.975494103271553	3.6155640310774904	6.310504756501265	2.9621317653860073	2.8458846509758517	2.390252216131708	4.052195883009128	1.6624970690096414	5.168961147251645	4.582434237702351	5.116068954207337	4.554737857137049	7.740645839485744	2.7075380233625443	3.018954833903402	5.810694313586187	3.6540495228556114	2.9928245558675313	6.517182480070012	0.8107680931412287	3.7624735303926786	5.944103531393299	2.907719075381698	3.930682649154648	4.2281848196212755	3.7075852948855723	2.9919051647163277	3.7911407124519934	10.584861368144383	6.108237117286109	7.554195784097558	4.587733791613154	2.7539683854682964	7.940849300668686	5.050381902351417	7.732569907551015	4.292263123307494	5.000846102475742	5.74869665671188	7.245713606819603	3.6377249191331367	5.657363225660012	2.4567274842805156	5.691345969486985	8.662248321146008	5.771429808119511	6.221819144113777	3.7197327468563532	6.687716199134721	1.3975425281035838	5.963664609906922	6.738795229980472	1.6127166438449234	6.730914379496915	3.859320342451329	0.7188373621677336	5.648541292817026	1.944826341563226	3.8116728803684516	4.966179898506913	3.9415841039031134	7.142302470051104	4.9352611390432815	5.932717623614281	1.993052559455865	4.865339215262588	7.0388662908961575	6.168103834427499	0.6341138683827845	2.8060757110400845	3.444822972258163	1.0925324098696627	1.9553926100275	5.841099568640365	3.103887802967522	1.6978204789319842	4.134630700603229	3.4683962560823915	5.974105853875683	3.8942352241232476	3.9866422491927795	1.9499447902632527	3.35268136674079	2.691998707271264	5.77330300542838	0.7978110856936859	5.105096031535836	2.7042273786809927	6.434843707793557	3.739940044658872	0.9605010595896185	2.9760713893574104	5.832393717352438	3.832576983295029	3.0361591885667956	3.1846357535281817	7.741905540411932	5.355756945277957	6.341540668987762	4.816359983262399	2.457888345713226	2.380313511365582	3.501133184875979	5.622587935279772	4.490147880584322	2.899182767298584	4.939313938078659	3.9668139078340965	3.963980604910494	3.7114989343436573	5.420265537559052	2.2673453963335897	5.436006090041268	4.969392808003436	6.979076036429467	4.57871508008427	2.575990828297662	6.806301751228561	4.995523635604703	3.834028613373232	6.588061138534526	2.950461549237309	2.04473328831283	6.39660600992863	3.9386845320038604	4.270507342486956	3.863802936976397	4.897801863932404	3.0460881161668953	3.5479123819926466	0.0	6.297794266448695	5.825686692760806	4.514521900087386	5.979751491648629	4.791739446812194	6.566415661713666	1.9586886009494413	3.61466223860071	5.447000585023367	5.987880023664652	3.3901789152825335	3.4884156169202476	4.022646177765398	1.9889757807372734	4.989901813590995	3.3795637691634606	1.9327906690520817	4.671658396476603	4.883639310669985	4.78336237243822	3.9700886073103927	6.067860568979142	7.025885527503238	5.888276211135828	0.6484727039860998	4.089855200562043	5.818237914123328	7.8791105971219	3.774115551372486	7.8095905884244115	2.8529743663855194	2.0283968368780467	8.968537968993326	4.510193185414697	1.6175936223155463	4.359779086481267	4.051364060910442	5.325106726500221	1.1352882376291984	1.6348617017601186	1.5157847542863223	3.0668095833928355	3.0453301197466365	7.135371981929463	4.0482388489232966	3.2371268486047824	3.362803357242256	1.9903481160329202	2.1940853601982124	2.8211516465437625	7.735021039390723	0.5591308986915834	3.3240081741985743	5.780961301955403	3.9542011291279286	5.635868641893068	3.8031621227389993	3.9309308933745233	3.194982827681641	5.853676013936461	3.019927402701656	3.174324079485372	2.9452090433585414	4.167198929835072	4.348702777545187	4.278310504327268	2.393326925279679	6.009515302541242	2.9745494595151625	1.6291800725443697	5.84086287320921	5.173832117662348	2.3940534110120573	4.7577827970020214	3.841837741757366	3.89091968326116	2.1071552552885655	4.623516784506931	3.890827191362367	2.8908769901213005	3.689952366279365	3.890317146357148	3.5975245459807064	0.9835256111700741	3.628418766449303	10.556815111927383	0.9874830489468835	3.4740374667738636	2.2590300443864257	3.1958052420716903	2.7465720849745887	1.699588069882713	7.77511679703588	3.7924146759147934	1.541638897865934	2.376450076694294	3.0648943802784663	3.2558543933657393	9.122795237671907	4.280662712805795	6.933227148200743	2.930447059914566	2.777479155520346	4.914270867123554	3.011949603100873	1.430519559214617	5.313807436896835	1.810999632686686	5.452696328808298	3.8202533876284153	3.9109905844188697	4.858955966175867	4.090451304816961	1.3853405790060564	4.797751432715177	10.903016906134809	0.0	2.272157587794283	3.5927245934283776	6.844320242718124	2.9915303103912927	2.999108033362628	5.642987608515844	5.416563891619925	6.92866421751283	5.794772870649212	4.814097621976178	2.278404862397514	1.2492519725747604	4.746725777686587	4.762469329529219	0.8075709403531992	6.842063535502554	5.170387633294197	5.379092957770572	2.4283076666062313	2.9924569395973664	2.963451017737965	3.7732763155325744	3.6781552405213205	0.9924337606548107	4.53093297007968	3.740879545717291	2.1846944575947806	2.1609171998030785	4.124825128359199	1.485458049369797	6.689882629308468	3.429124997027099	3.94347857748321	1.5190039389741492	5.79207314705324	5.871165891088147	4.915066679130796	5.526069904679948	3.620488036390019	4.940774270405143	2.1473320788928625	2.3586349442981587	5.282225378067963	5.4212823643267525	4.692262784639078	11.837574032066463	3.178879638829439	3.300595481845368	8.762190730220999	1.8987788021634244	6.404813059653946	10.795246609476745	4.615410285450334	1.2517052603404233	6.114071908974138	4.362110976508391	4.613480132380188	1.3614019896565543	4.174309474104096	6.198972031963204	2.9137573443716676	2.9285268024319895	4.933945272702471	5.046279590960057	3.71975378282177	2.760051565572966	7.957475397976089	3.118346001183547	4.758705610128121	8.191013642232551	3.555135580208233	5.73957370376114	4.916059899830883	2.240164445436706	5.412608308039046	4.142768940749353	2.2509402233524636	6.965567297251802	4.4487411265153645	2.5320875061623322	4.089324962929206	1.8164162025211774	6.381466088977134	2.990656373193603	4.973717911003101	3.9610556631808223	2.590206682982819	5.746394178242145	5.674268921414305	5.965081794550794	2.88383273028721	5.050688666535754	6.70997169995177	2.9191284898898906	2.8186174129527437	5.850857907488492	0.9867231460779698	2.9598958464464586	3.1320350360027467	4.813911114838197	3.2019046526685084	5.1192647809297345	6.0310679902237965	4.816788809613817	3.0976289446855723	5.547774286454771	3.9776486001437763	3.6804679015870545	4.06795809046306	5.551509060740053	4.864103632126532	2.95782722614635	2.643423966760301	6.429843248296247	2.8931136663652177	4.662275620704171	3.743818189100199	2.8632464130819293	6.477949097019166	6.562874794907167	3.4962254339749883	4.722652245615901	5.988293905244059	6.729952389427876	6.882763927325734	0.6229045351187411	2.324477219433433	7.796573342758751	5.9483292139057005	0.961586664558181	5.233862817744115	2.278290409451733	3.5367262314949075	2.888261395040738	5.055146885319053	2.805388933293316	3.4313222830407044	6.9187086627633345	4.184171255515357	4.422821063629249	3.173106565017082	1.933823285875166	3.6291549565839873	7.751643241104382	6.8854454241169565	2.926634265008195	2.692392388099685	2.999021402871061	0.0	2.8782357133920518	2.8864251355014003	1.2657075740798536	3.2088177607718977	5.197613745846969	1.6070571355047392	3.9951813080178367	2.5451695158824714	1.178090533789116	1.152998456395432	4.29850918723206	6.782341129788666	5.090736084561941	4.66739320744233	2.8680086996034513	3.5172833809188497	7.626215956521099	4.172437183789219	8.255423996062556	4.568511006357701	3.3055860376468704	6.220568366558187	4.668721618135077	3.875868253117114	4.0089429382049255	3.1271452513777	4.894800841456523	5.051483124544335	7.971027141713983	6.065744650351087	5.049658320214909	4.1967340698857045	9.668073260228265	3.641252610205275	7.587834505691137	2.8954865000791465	5.051705089543075	3.8545454588405343	5.682086027296531	7.90356187444792	5.58065388026883	5.262781902669113	3.3115693881703434	1.905646842358964	4.261239124298435	3.693569282297484	2.002877805924134	1.4477558603576894	3.239546650609955	3.7193617439607762	2.3425458670049335	2.920219700895336	7.767309690585049	5.81283446309909	3.0526950777169892	5.6251991596393465	5.719218539945842	2.6047114703758303	3.766502330476983	1.5034530503854004	1.853850978797607	9.59850279816345	3.276617199948605	8.9866458195837	2.595304031600987	1.7858169218996252	2.9681566298160478	5.628241623122922	1.2248789482966094	3.0029728831461164	3.4259211391158	4.08915193516605	3.9484952754024296	5.076748077324898	3.616997118469366	4.9217686590096035	1.4633522727764523	5.518981037169037	3.7966301258923054	4.162308909275967	8.234463917166405	6.446696314627313	2.189510499612432	2.8838856099937673	5.877180768747375	4.029287691555493	1.217761189320487	12.000356621230068	7.690011549909457	4.857336508523231	5.641972666312345	6.542383601527508	5.667820994650244	1.7605171754466455	5.427394953377523	4.017926792738849	5.049004301869506	4.075269204602178	4.935236501123363	6.10949918990831	2.555995389176878	3.215971830322963	5.6227102896140035	0.7925513340421715	6.4637973460776	4.028146064928692	3.8639468909671706	2.363122590577421	4.952619092154531	4.085481257312921	5.481916397290238	5.789314893125219	5.680660656132754	4.26769834248087	3.6031694464042743	5.8193487928979515	3.4656506548698234	8.326496299450538	5.1152305530544355	2.3666263387029565	7.252530134669326	0.7137124419932491	3.6461613561898347	6.37623361331912	3.9459850776217595	3.8329977177136025	5.390152672860246	3.6741801971496475	3.199125112067004	5.3494016304015055	2.9013627295684237	3.193978419254399	1.975577944118204	5.80905873940616	2.0559535229526964	2.5145318417231364	5.268804435904726	2.862065928737944	5.809663778213969	4.866549973930093	5.101482533620048	4.303050574039195	1.4882067236055279	4.202223800056563	3.2680040720522108	2.730459079702487	3.941586169214741	3.703473976545966	4.800123389489088	3.0510893122508915	3.1560236839594005	1.5524698702336588	5.073210457058053	3.3831659453265117	5.994361670695495	3.9333173579615	10.626374990465274	1.4947019837614461	4.933277044600167	2.394417907241328	0.5680044031138223	4.1710734124739	5.662917632124759	7.811064532112363	5.077123261917057	7.530364929812935	3.540267747812734	3.229855955865524	5.126549193475324	3.915744026658841	8.025182310269363	2.986863779478666	3.6941675429994434	2.806504517436469	3.5558723237281766	1.9125915073744004	3.068926462501036	3.778064716579852	2.6231330667739776	3.940016914338038	3.755433660158927	2.030837397114311	5.711772615967982	5.634839242115077	3.49191754559475	5.246768768067142	4.840758299180235	3.8106067369604357	2.937141638020853	5.72042635971792	3.926053401674069	9.38656480188407	3.978471031264891	4.814619416252115	3.831748395832201	2.5727497567284523	2.0919421156132922	3.224115530688935	7.424402675877256	1.4086407768617621	3.0552638547955415	9.395268412081737	5.194871057763365	5.269473048026617	4.179696261305417	2.530634734995655	3.3640383200410513	4.928295381075108	5.821899158137879	3.1849532641324383	2.85786204223265	2.132324383712629	6.837525908724786	0.7262802293809792	9.391999570814967	7.080436663128776	5.174529831737232	2.2111189817321786	4.94202677649268	1.6521497422051519	6.550969785404205	2.6297690753166325	0.7568775840663816	0.9991682552758395	4.555890436213593	3.8139268718887043	4.257471718814485	3.065009707004073	1.487017293371601	1.9262021265537768	1.2323724534697482	4.589134212226484	5.608549247553805	4.564631630355679	2.47389043676818	9.502014527442297	4.920729908651619	6.701616393083027	4.490013716017398	6.755424028810207	0.6814062798689888	5.055077633443065	1.5229592638244382	8.79156093773481	3.9821260708960584	3.008652166737585	5.151779740115927	2.188534392311781	5.444915828528621	6.822016059737277	2.9156752618286945	2.5455471729122787	2.9502452516173743	5.740405985621148	5.703088483224768	0.6919573039736009	0.7317203675849341	3.909689846718223	4.816101067720697	4.7114757418938025	2.606105939409001	5.909746124470015	3.6095125859622206	7.776470288860817	5.776156691376942	3.902798355471386	6.775665340688778	2.926368545569861	6.815823107753184	6.565464042949793	2.050403509720516	4.213399689928222	0.9848812496557054	4.27932682518429	2.8561537197643414	1.7201306382040804	3.8269359642724488	4.786009271223175	5.155442251735789	3.9312235485575044	3.351694937801398	1.5529249024244451	2.9862458319082026	7.5061481710979026	3.1597355761748545	3.6567806300954073	6.913368238363859	4.468784877454957	5.4692826570441575	2.744118851493022	5.6455558493018145	7.234176511052586	2.3094823331608323	3.250748420894542	2.780104777464186	5.578214184942664	1.6045177250200238	0.9692524765669823	6.063575510714984	5.078954569040298	2.674300976151976	5.1362905628095294	2.3166415859860545	5.899736131498658	3.9760584817467706	5.066365533748823	8.911563439955973	3.6910898237230496	5.304994969530333	4.726183342318583	4.1210615703299185	3.86577600059458	2.6867404468196483	1.7654825967749614	4.157779959213561	4.75858249817456	3.012579110586832	4.752558770067014	0.9870614834768766	2.4224101138023357	3.0533967671779063	5.49431797223634	5.512360340270609	3.1356296566822546	6.419990787816759	4.90772973884704	3.8885465703054867	3.0654112476981603	3.404521837452352	1.2832372333910675	2.9699967807342813	4.791672018483077	7.366396889252906	4.562965070297251	3.265749378810277	4.95386946425301	5.823626961573048	3.4961726445894965	4.066177228380622	2.110579041736506	3.81602271077719	3.201753832845172	4.85075666864979	3.284687016018074	1.4549732175102577	5.079171266627008	3.4942338767205428	3.905564744093345	3.93006337886308	1.6627568322690756	2.2601793598128497	0.79937774509965	5.068818398574193	7.358013634133074	5.8276527570077485	6.187186574227689	4.862007899191136	4.88074593745231	3.095334674077301	1.6918606206055193	2.683595557399918	1.6191068341619053	4.164173519389071	4.766385564846465	4.816549362461574	5.68651236972568	8.262472925272368	6.7716939046271145	1.9950351061040446	2.11332424520807	4.426782975818082	5.783222121675868	3.942898208853191	1.1869344110731597	1.4720266723325957	3.87544891826569	2.911721657592184	8.707334299517555	4.972642570601676	1.2749695626118733	6.117260710360311	2.653695570499724	3.6760385176894546	8.882784068803035	3.318532830008255	6.960215398339106	3.0105719393447594	3.545208661842234	3.1518487392371686	2.2674471581183666	1.3146641744672631	7.545186267764815	3.847679591644849	5.401692269292235	4.587236418834513	2.610812781622044	6.801677884767686	7.45382070393147	3.2026284517642143	7.826894849358997	5.206725139743408	1.98072335129665	2.64057358976629	4.392092428073102	3.7909623189249477	6.307347662160302	5.201239594732585	5.964281735396217	2.222202566609166	5.983645136508405	7.929770440156717	0.7476460648683615	4.873571538298776	5.852465163586259	5.9108149074992555	8.524112389681132	4.7302666454583315	3.9731982183794643	3.8867171840044548	5.543945812432088	1.6076106212931145	8.160287419408037	9.749640072032374	1.262967681940167	2.8186107349757306	5.304538952551163	1.6138736700486531	6.778783882767674	4.530781302195724	2.9255661693853945	6.48985343529291	4.660308880016353	4.214497936589794	5.07470927758052	6.82755396030037	4.481043800105768	4.981826529256092	2.8767205145350987	1.830784274749343	7.669116895156677	3.1535122022410826	2.9088363298188744	4.797748483702603	2.3563667561204693	5.646190875848912	6.502669710646657	5.334591338037877	4.801713060546882	3.885019187859125	5.795997815429442	5.072176235509769	4.962679828845299	2.934189345645715	0.6074928123163053	3.0640602844051403	6.360316724691062	4.808555137011788	5.827049558002027	3.664654086499136	7.300341317740894	3.071884014203227	2.332377472640951	1.5825858039380913	2.014546544312045	3.715563064074626	2.2609434565073157	7.1108406756427955	6.959532089873345	3.5705660905499195	3.905148845384152	3.1179250373282423	3.8987209307931656	1.2957259144034199	8.099937577176362	7.955751241945191	2.283780881944513	5.48091208556785	2.9014268599614566	1.5706150006659967	2.2739409198605713	3.3732813426672843	3.9603771658272704	2.920974946943372	0.0	5.032546057759949	3.9280247508538295	1.7556620459097692	7.329839060256976	2.4244058504040416	4.731533736580605	3.9586568692949573	6.723804335099161	7.969350035596779	4.037685987213497	7.953040469711248	3.9017025650777777	5.246271760535625	1.3409371146527649	5.349147508420371	5.777721823151617	6.360534241661069	6.765218085135128	5.435648896354495	7.008045129503421	3.9038026585814305	5.331894771924776	6.859988269001413	4.044149853139628	2.5951585874327074	2.997971052661718	5.281371732978234	3.8602441903323017	4.008782800816907	2.3967849285106753	0.7898641300748567	4.555544230641587	3.987913007733462	5.3462263864744	4.91706122666499	3.4066703158386393	4.905217500163866	6.226380332945158	5.5827695447268235	0.7425293503858522	4.951750420388517	6.992984320275256	2.0399583767170757	1.9750876450716284	2.990814392810562	4.871435580237591	4.117649526191817	0.7212126799028737	4.113052914067507	5.934816219852178	5.921966771980263	3.0641480971811155	5.643954315381359	7.842726942684009	3.920829450732748	10.09231600991321	1.519606656444111	3.4232181783968376	8.73016057913341	0.7823247546601558	6.301981013409951	2.7036637473874308	3.9742524751088135	4.042514040519889	8.316337200540465	3.697211757348815	2.273923859190972	2.9169959832042944	4.698587050569059	4.54865128773883	2.883466584735742	3.0442339862996985	7.303757643860019	5.002135840462647	7.877013033130263	2.8627032176373497	2.185417902286929	4.857667918530455	8.63178741780363	3.2412191039857823	5.4345460236412535	2.11354931525463	0.8078596649720795	4.2173364380030725	5.645993234290652	1.983101821092937	6.965593619544285	7.882765622048894	0.5608649159048033	3.2389967326207874	5.317300920521539	2.315445382261823	3.0836143184238742	1.2719035005705597	1.976965728681153	2.804272476890348	1.6052316889319425	8.932641369239995	3.6606147163694924	1.348745986925591	7.187550031498217	1.9460129704984208	4.4335733263918655	4.626268023310755	1.618467250245849	3.982693143255855	6.147081191564103	2.4450364949908905	6.637207667796883	2.746631272934243	2.54591120616737	7.117010632330327	7.0886974928632105	5.605448457026703	1.5777116414473402	2.1258559886575155	3.3018449416611038	2.163215425014053	6.58895978455122	6.5750892720851315	6.81942561902327	6.657426806417932	3.8061919362209955	3.0511559867450786	6.202461103126315	5.164863015570875	6.019997139640299	1.7968839843106195	5.7748636506606	8.725512245135976	5.50583522656878	3.9413112987147607	4.843380828407382	1.3520271962816175	4.81692375913067	2.1859542050506633	2.4381308199399627	4.549464274684006	2.284994905727781	1.589482366947656	7.746302069237187	4.048345885975355	9.650137214691126	2.241019038355007	2.5623495273909462	3.1487466205110923	4.1440581294867584	6.863796394077738	5.4358738499429835	5.149894866289009	2.982147702702891	2.9237839968919723	6.52680537504169	5.802654117076731	4.998498413323428	2.9927440264173293	3.08009308511064	4.974930127520728	3.8378571832090587	6.82267603649778	3.0132865543729874	5.214043034213666	5.001599033202425	3.4427737401816016	5.112919656761316	6.620149699126386	3.8738944808492115	6.506843440393892	3.8991204188601	1.5076658728209495	6.003911997399615	2.1284825937393306	0.7029312723741468	5.917963171629944	4.762822583477556	7.2186761435280395	3.3892212238035855	6.935730145638565	4.80396183789378	2.778617447140864	5.001769641302996	4.533680562918626	3.16829700750605	4.524955991222754	3.8075646159351675	1.667892268094006	4.000672452315043	4.518179022287069	3.0103909353765714	4.999624885054075	5.163464624031105	2.5280630720591217	1.9539775345730128	6.049602741898603	4.833614726145554	3.0197812025321125	0.7974271570493153	5.580024884309271	3.754848796406332	6.87811174592516	5.789349619469953	2.866624752163439	3.0139737676704943	2.618649146349365	1.7184071845400573	3.6082541763792024	4.899499539779524	4.173106618176637	1.8579164077396635	7.304226262204947	2.6212164177500785	1.2827643830202147	4.184512827356169	4.703128160908055	3.207109306710164	3.6140048308649577	3.713011920701	7.283044818711847	4.114393624053697	2.2776192439364005	1.1712396952555673	1.9701949218751664	8.055489563185132	3.2191237630572065	3.056277389161034	4.961316358480099	3.952292675597062	6.257610865889468	0.8036406167104209	2.7242665182115506	2.2753118997260398	1.2996070798026342	4.250442984103138	4.041392902150284	1.3135849164933486	3.8518048779236196	3.0077734267541896	6.589674402458448	2.8534599016728888	6.031138720476178	2.9686696170193856	4.910789272333839	4.791210899428351	2.9840551905196633	0.5273391680682247	1.6827947379420218	4.894487461014403	2.6184882937010996	2.869305611315787	7.643418820991402	2.777459414888792	2.209554392574496	9.371227050451903	3.1014131016905377	3.756225100202497	2.277534081054525	4.799986513414011	3.0711644848035915	9.801180555203814	5.111797433456596	2.239622101200995	1.3920274014622986	4.683958117929224	1.1489327011629455	4.150181246259717	3.742654955368632	8.88843096747722	5.582001470616509	3.7206159562999557	2.350977045139632	5.20833789621229	3.936910997195657	3.9224086355243455	1.9800753415307053	5.336922318676602	4.788775198373389	2.2683622847910447	6.582898615683987	3.9484802634623617	4.061537823830387	5.022783457852322	3.8935050832971676	1.2660214798559561	1.561530825650809	4.087746576515515	7.104569121540566	4.15707882902226	5.776586024059675	5.181271029781123	1.59276844393108	3.9022329263697837	7.439865048381819	3.012686564652538	6.249836253868666	4.816821979985674	6.009669769507187	2.982707327355685	4.097057857619947	5.407162975596971	5.450334796001336	4.8722290534671515	4.846967440303731	5.317365442952171	4.015142628180418	3.0937067407143903	3.4042057446585976	2.542951093721605	3.308438559211585	9.143301232749844	0.6247176376143231	2.5368233460456584	0.9607206183894834	5.671167140173464	3.6600918822735933	3.501966021099025	8.884537093954824	3.942975455122027	3.6827567108279706	2.911327368839758	3.8770718823839885	4.127570543238293	4.786895097995175	2.8961647023390555	2.9241822592190876	3.1334937566093934	4.246172536844593	3.1764367083773353	3.737043086288566	1.6315754332172963	3.511211392574749	6.834543875188948	10.883822291552084	7.91869158571214	6.3391710625552	0.9818285578139265	3.8636006747708715	1.3863957728222132	3.6735059888521784	6.353849531036259	4.068079272175683	1.9166813935040414	3.014985790399647	3.025935244573486	3.9577380814368905	4.049193732957309	1.5643231656165903	4.605795328017824	6.956159293478149	3.2003540181546786	4.773178755604164	3.4626831304206678	1.0927568282840774	4.9386317882814605	2.690994145179645	6.909545979018387	3.2302734990074753	3.3860781450793893	5.593111037252226	3.6075409779633336	4.160291319017389	1.9327060436458556	4.898871075035707	6.179571238696991	4.03652642894224	7.185884548291666	6.316151834863874	5.934263739455688	4.760295689619929	5.833535846734314	8.422230081954156	5.105052238134838	6.614378587391395	4.4820454737829385	4.563764610577811	2.3985674650420554	6.1805656195572265	4.84929043546579	2.4558469190317678	1.6133903674575076	5.669364469861767	3.285006201774612	5.987014094736046	7.742785089833908	7.6281405273684175	2.9267058309546514	1.9279563356024414	2.86161924475644	4.079991002016101	4.94509192047916	5.800909819190374	1.967226044106047	0.6153866581460757	3.778290498730097	6.088103781823102	2.678374312644457	1.4479268806659544	3.001305102865515	3.7685758952248243	0.990578306795901	4.90194428111523	11.622890072620796	1.1444306440073577	5.690729966022819	6.4866708833314455	0.9953692503212441	1.9369910941510413	3.6997086230628513	2.044810784293575	3.2242591791945583	3.339859824326762	1.8512160654013028	4.831418872312466	4.885985435205651	2.0237346072985547	4.9188003361059405	1.4845955512022915	6.268500048745305	2.877871832104891	4.250518718851517	4.83389797704581	6.154198019913666	0.8153140580469618	1.5109406540715848	4.365676246566098	6.508871937549436	5.38845470423798	6.338136993645973	5.89439959910857	3.883152907550861	6.988591949755131	6.666290330927897	7.706156486632096	4.691154889511514	4.405072227037199	6.828852781646913	4.311726295218115	1.609381588805998	4.1917209254267815	6.830562174852669	0.7928823638073319	5.1926703920230075	5.9517235653697265	2.4390466121965604	4.017553204526588	6.3584719236670875	5.882274677598125	2.8600345231988253	5.362202287071948	3.9649270066329287	4.182144809737009	1.9698482832269344	4.239445541431008	7.0995299951589885	5.900954526046816	6.750423611431096	3.3101570958878073	3.009972374585727	4.202155486760294	2.956280335017419	2.9089446611547123	3.0150766664592994	1.3129873987939298	1.6517207481379828	3.9252718786800163	2.8935980583894465	4.4768824281247594	5.401491419319311	2.610621148008126	5.948407143860533	3.9421650817490774	2.9220835114891366	3.6617932968473084	1.9586465390475785	2.333149325754405	5.024965265211389	1.6493893231287238	7.462514666172533	2.624242936795867	2.063292531880378	3.783594589967207	5.816135596240989	5.239427850876216	2.671332120070779	1.6028094378278503	2.1906347107023985	3.3345062202080733	5.714636327452057	7.4922964984543095	2.2279113295261195	2.381218546839263	3.9508151787336385	4.859771387595194	0.0	2.9781167443552596	7.480447293136319	9.866773355403328	6.280116647544628	1.9164552268090516	3.971753590063894	5.616754368110535	5.683339337193728	2.4293308317965425	6.1935349837115306	2.0349840628253286	1.6111983908876237	4.046969240358692	4.0030284429118215	2.9705739885409286	3.140394372956507	2.1386465013192133	4.905804603521702	5.306012142635487	4.95876031263431	3.9479821295256268	8.67158093417804	2.1132243174507233	4.87094667062004	1.6110253294843788	7.974181472680015	6.644293282639898	4.7498721538240085	6.86436784060034	6.7343239500662	4.9089024948294995	2.1020154754632916	8.947539903404149	1.9752212928968498	2.997764495206738	6.870087267790665	2.3642598770412118	2.3306135808622797	6.365398300832651	7.710650796556666	4.809679627946972	4.790078259649719	3.282473146480984	11.004890668804839	3.88594226879361	7.938595937794528	5.912757116825391	0.9797840873534638	4.707396898574679	7.90477851706462	9.064812440267591	2.0471799165764177	6.2692332984614945	3.0779650481629792	10.903151728768103	5.485035956304444	5.677909435358226	5.433480373230827	2.018327329114238	7.794744006044277	5.334298590624991	3.0324339916854814	3.1342022358990813	4.030244766629334	3.998323965158838	3.714325819715786	7.277756698394407	6.417629905805219	1.3770733340428203	6.710574702204008	2.155602594505415	5.315417099504075	2.260355307566893	1.562569328607358	6.129066948168068	1.9422044941123207	2.8818833438068805	5.411777910304899	2.986345350726901	5.899823617617402	5.302299640939887	6.358025475074853	2.1826425223761032	5.34571004219587	5.755606070134945	4.1284279390070004	3.0314644895370737	7.220055753497404	6.5205261148635705	5.5139808658508835	6.312413049778123	6.351790498554823	7.547413882026657	5.540033879821954	6.413438018440911	1.6088615050208441	1.54449388973056	5.546972750795579	1.938579418002771	3.8540703461979566	1.9946951271222295	0.9735854702249678	0.0	4.593960313596682	5.802281862709835	5.009128650635659	6.032176674961219	2.065334746823613	6.09346273629607	6.885811242951395	6.076934841337302	3.8991177876657988	2.5496755798571593	0.9917713938496666	0.9594250432232903	4.936935891321579	1.5926776163741474	6.871235547075564	6.639657448079481	3.680103088527669	4.934050682314211	4.180940900270819	4.441051885087046	3.4346381432788333	6.845559730980228	5.250034283384554	1.5885869934725307	3.019242818996363	6.221123184093936	4.772458001341333	4.621408580638508	3.6424801699379907	2.1250449194015975	3.9805390740163378	7.979954805190687	6.97522266588204	7.96681565774728	4.232197130982076	1.982616526014488	4.999033489705699	3.091305614064568	5.045186592162433	2.9062044494224275	3.9658876544058193	1.5123332267497414	2.3539321099603248	5.603274486903358	7.358248241375856	5.698390516946146	2.672108985038499	2.9252216617959217	5.805452738998091	6.229678703839404	2.495093167555299	3.517186267703096	4.115997016045117	6.038440354485571	3.1247382602063656	1.6696763773915646	4.229219651288199	5.8213040709355495	6.228536225907575	5.454657167024318	4.8713962766531695	2.9551823575052536	8.984809885618327	4.08220237817581	3.9888705902481543	2.100223224295518	5.925554570166361	3.843299394471389	3.465436738839147	1.1458473840414447	0.0	5.459660646648008	2.5170124449748346	4.002789326945304	5.8786745035412045	5.281913469598588	3.2707150917560686	3.941479134855141	2.3647939324209855	3.767115930698609	2.2459655810784502	4.8208991982320075	0.0	7.211754782142776	5.267968202357709	3.8242251984354345	5.594526399147532	5.509628437409109	1.4957733642223865	5.31834415417237	4.601031522417746	5.8674954216806094	2.273886510922665	6.1202874415378385	1.5167420414338326	6.780649684489498	4.929004325045107	2.7657666739592033	5.787713197223744	5.940959012262609	3.894361338907703	3.2130638003284333	1.9908641232153392	7.732990605768952	4.6698559375202064	4.973595370877485	5.214890784455199	2.564722969982812	2.9284895050698156	1.8260279115858682	4.277609941290499	1.9914107202546594	0.8323444255423853	3.0214995826930533	0.7682962818533686	8.405698410173663	3.6737162548429407	7.692842488297677	4.282350767204332	6.27336821563371	1.9524523380170302	5.675232673457646	1.465901131422913	5.172016613345084	2.6651113682901206	3.7036976068449516	5.392126316116956	3.246059777156031	3.15018633398885	2.335892436417801	2.266845356691749	2.680278269087431	4.859259686325268	1.6542197956330313	1.3345227238760609	8.86904069755186	3.309225047149709	5.688037678418441	3.2787166064116393	3.999347389798539	4.878961152359112	3.8585447552406933	0.548496003581189	3.5611015935615704	2.9619609241694707	4.986116719192967	5.214039877885201	5.547881348609238	3.7922014402454423	4.61107184717028	5.716587888246178	2.4162841137386804	5.634445925508854	2.3225564727560806	3.0011512138985443	6.090143520453742	4.525215342670686	3.744797721780528	5.815713640166826	4.905992911066058	2.938049530205799	2.923753765227806	1.2573417045764022	4.805744180477889	2.587165720174994	2.582467024463384	6.173892670763973	4.0941535065820585	3.9193568178575493	2.045095584392277	4.797452042074564	6.784743520931271	3.2205124866786012	2.903645198534144	7.148382564250185	8.131924900212448	6.378744966803505	3.511928878609428	7.572969285189903	0.6178371322538432	3.192895366379849	3.7607330204625873	3.002876916293915	2.2147019167404047	4.192534154162642	3.7868463855686736	4.889041491681103	2.957158790573549	3.3281916994777516	4.848913820065914	2.8445471427052644	2.5189058739607546	0.7345586636823659	3.0960388760191746	1.6375149400963362	1.2737425301010543	5.293244144838179	3.9348673494665825	3.702467052877877	5.621778751139484	2.4267302514672453	2.1109016667084988	1.9393941825519079	3.205907673041764	7.641074402855387	6.933727794973309	6.998703179875327	3.1373085423745204	5.916554613396967	2.3531201815329363	2.5829958011996736	2.8002032989528995	4.255630989160107	1.9830654578271387	6.713293177473809	6.536218172408405	5.2947973846841725	5.313427214880443	5.380864264719307	4.005687813775894	6.776465987974378	3.9098382402879595	3.1236765637434862	1.4397401659934055	1.657935555032446	2.6231192928668774	6.2206766770317765	5.228704902565021	4.354314565478791	3.2588678889012943	2.5729499400796403	7.339271428310089	4.735451788973202	2.266907974841217	8.763225596295449	1.9253390279199456	2.747826627631902	6.014746513492157	5.462470096985336	6.022212764527502	3.2736837042552165	8.841570464398954	3.109294393904653	10.525073689143191	4.270995347899709	4.304303366419552	5.15555003423493	3.392732959969101	6.766371966291112	3.3643657362234825	4.840273150825087	5.19581324463728	2.3742375909469726	2.908559960145483	3.0510466765391198	8.866105225882315	4.002175022082635	5.179608625955222	11.235682532469921	2.983725351444376	4.968468366774359	4.459978458169462	3.091492986139539	2.9665677556918966	5.474896681208487	1.8993918709091204	2.1037302581691395	2.296729717522908	4.31239357232293	5.8140696331852775	2.2296502425873284	1.9569383001011853	2.2503166821946645	3.5344720787517607	3.232305975726213	3.2503229439748558	5.897224893743369	2.8978620716626824	5.174195090573277	2.6316466237160867	1.7886506749563988	2.7920060393432253	7.008095433077981	6.492033626662947	3.757539187015244	5.95273607074239	2.5667505134830715	3.9131192746101515	6.326289042058212	5.690969134088168	2.4392040503470205	7.009719996959566	5.02748541415701	2.717974231920461	3.1399931253654954	4.631837895893945	4.982135212880578	4.712455744501316	1.9601993703480727	4.998382372813399
