0.0	Cell1	Cell2	Cell3	Cell4	Cell5	Cell6	Cell7	Cell8	Cell9	Cell10	Cell11	Cell12	Cell13	Cell14	Cell15	Cell16	Cell17	Cell18	Cell19	Cell20	Cell21	Cell22	Cell23	Cell24	Cell25	Cell26	Cell27	Cell28	Cell29	Cell30	Cell31	Cell32	Cell33	Cell34	Cell35	Cell36	Cell37	Cell38	Cell39	Cell40	Cell41	Cell42	Cell43	Cell44	Cell45	Cell46	Cell47	Cell48	Cell49	Cell50	Cell51	Cell52	Cell53	Cell54	Cell55	Cell56	Cell57	Cell58	Cell59	Cell60	Cell61	Cell62	Cell63	Cell64	Cell65	Cell66	Cell67	Cell68	Cell69	Cell70	Cell71	Cell72	Cell73	Cell74	Cell75	Cell76	Cell77	Cell78	Cell79	Cell80	Cell81	Cell82	Cell83	Cell84	Cell85	Cell86	Cell87	Cell88	Cell89	Cell90	Cell91	Cell92	Cell93	Cell94	Cell95	Cell96	Cell97	Cell98	Cell99	Cell100	Cell101	Cell102	Cell103	Cell104	Cell105	Cell106	Cell107	Cell108	Cell109	Cell110	Cell111	Cell112	Cell113	Cell114	Cell115	Cell116	Cell117	Cell118	Cell119	Cell120	Cell121	Cell122	Cell123	Cell124	Cell125	Cell126	Cell127	Cell128	Cell129	Cell130	Cell131	Cell132	Cell133	Cell134	Cell135	Cell136	Cell137	Cell138	Cell139	Cell140	Cell141	Cell142	Cell143	Cell144	Cell145	Cell146	Cell147	Cell148	Cell149	Cell150	Cell151	Cell152	Cell153	Cell154	Cell155	Cell156	Cell157	Cell158	Cell159	Cell160	Cell161	Cell162	Cell163	Cell164	Cell165	Cell166	Cell167	Cell168	Cell169	Cell170	Cell171	Cell172	Cell173	Cell174	Cell175	Cell176	Cell177	Cell178	Cell179	Cell180	Cell181	Cell182	Cell183	Cell184	Cell185	Cell186	Cell187	Cell188	Cell189	Cell190	Cell191	Cell192	Cell193	Cell194	Cell195	Cell196	Cell197	Cell198	Cell199	Cell200	Cell201	Cell202	Cell203	Cell204	Cell205	Cell206	Cell207	Cell208	Cell209	Cell210	Cell211	Cell212	Cell213	Cell214	Cell215	Cell216	Cell217	Cell218	Cell219	Cell220	Cell221	Cell222	Cell223	Cell224	Cell225	Cell226	Cell227	Cell228	Cell229	Cell230	Cell231	Cell232	Cell233	Cell234	Cell235	Cell236	Cell237	Cell238	Cell239	Cell240	Cell241	Cell242	Cell243	Cell244	Cell245	Cell246	Cell247	Cell248	Cell249	Cell250	Cell251	Cell252	Cell253	Cell254	Cell255	Cell256	Cell257	Cell258	Cell259	Cell260	Cell261	Cell262	Cell263	Cell264	Cell265	Cell266	Cell267	Cell268	Cell269	Cell270	Cell271	Cell272	Cell273	Cell274	Cell275	Cell276	Cell277	Cell278	Cell279	Cell280	Cell281	Cell282	Cell283	Cell284	Cell285	Cell286	Cell287	Cell288	Cell289	Cell290	Cell291	Cell292	Cell293	Cell294	Cell295	Cell296	Cell297	Cell298	Cell299	Cell300	Cell301	Cell302	Cell303	Cell304	Cell305	Cell306	Cell307	Cell308	Cell309	Cell310	Cell311	Cell312	Cell313	Cell314	Cell315	Cell316	Cell317	Cell318	Cell319	Cell320	Cell321	Cell322	Cell323	Cell324	Cell325	Cell326	Cell327	Cell328	Cell329	Cell330	Cell331	Cell332	Cell333	Cell334	Cell335	Cell336	Cell337	Cell338	Cell339	Cell340	Cell341	Cell342	Cell343	Cell344	Cell345	Cell346	Cell347	Cell348	Cell349	Cell350	Cell351	Cell352	Cell353	Cell354	Cell355	Cell356	Cell357	Cell358	Cell359	Cell360	Cell361	Cell362	Cell363	Cell364	Cell365	Cell366	Cell367	Cell368	Cell369	Cell370	Cell371	Cell372	Cell373	Cell374	Cell375	Cell376	Cell377	Cell378	Cell379	Cell380	Cell381	Cell382	Cell383	Cell384	Cell385	Cell386	Cell387	Cell388	Cell389	Cell390	Cell391	Cell392	Cell393	Cell394	Cell395	Cell396	Cell397	Cell398	Cell399	Cell400	Cell401	Cell402	Cell403	Cell404	Cell405	Cell406	Cell407	Cell408	Cell409	Cell410	Cell411	Cell412	Cell413	Cell414	Cell415	Cell416	Cell417	Cell418	Cell419	Cell420	Cell421	Cell422	Cell423	Cell424	Cell425	Cell426	Cell427	Cell428	Cell429	Cell430	Cell431	Cell432	Cell433	Cell434	Cell435	Cell436	Cell437	Cell438	Cell439	Cell440	Cell441	Cell442	Cell443	Cell444	Cell445	Cell446	Cell447	Cell448	Cell449	Cell450	Cell451	Cell452	Cell453	Cell454	Cell455	Cell456	Cell457	Cell458	Cell459	Cell460	Cell461	Cell462	Cell463	Cell464	Cell465	Cell466	Cell467	Cell468	Cell469	Cell470	Cell471	Cell472	Cell473	Cell474	Cell475	Cell476	Cell477	Cell478	Cell479	Cell480	Cell481	Cell482	Cell483	Cell484	Cell485	Cell486	Cell487	Cell488	Cell489	Cell490	Cell491	Cell492	Cell493	Cell494	Cell495	Cell496	Cell497	Cell498	Cell499	Cell500	Cell501	Cell502	Cell503	Cell504	Cell505	Cell506	Cell507	Cell508	Cell509	Cell510	Cell511	Cell512	Cell513	Cell514	Cell515	Cell516	Cell517	Cell518	Cell519	Cell520	Cell521	Cell522	Cell523	Cell524	Cell525	Cell526	Cell527	Cell528	Cell529	Cell530	Cell531	Cell532	Cell533	Cell534	Cell535	Cell536	Cell537	Cell538	Cell539	Cell540	Cell541	Cell542	Cell543	Cell544	Cell545	Cell546	Cell547	Cell548	Cell549	Cell550	Cell551	Cell552	Cell553	Cell554	Cell555	Cell556	Cell557	Cell558	Cell559	Cell560	Cell561	Cell562	Cell563	Cell564	Cell565	Cell566	Cell567	Cell568	Cell569	Cell570	Cell571	Cell572	Cell573	Cell574	Cell575	Cell576	Cell577	Cell578	Cell579	Cell580	Cell581	Cell582	Cell583	Cell584	Cell585	Cell586	Cell587	Cell588	Cell589	Cell590	Cell591	Cell592	Cell593	Cell594	Cell595	Cell596	Cell597	Cell598	Cell599	Cell600	Cell601	Cell602	Cell603	Cell604	Cell605	Cell606	Cell607	Cell608	Cell609	Cell610	Cell611	Cell612	Cell613	Cell614	Cell615	Cell616	Cell617	Cell618	Cell619	Cell620	Cell621	Cell622	Cell623	Cell624	Cell625	Cell626	Cell627	Cell628	Cell629	Cell630	Cell631	Cell632	Cell633	Cell634	Cell635	Cell636	Cell637	Cell638	Cell639	Cell640	Cell641	Cell642	Cell643	Cell644	Cell645	Cell646	Cell647	Cell648	Cell649	Cell650	Cell651	Cell652	Cell653	Cell654	Cell655	Cell656	Cell657	Cell658	Cell659	Cell660	Cell661	Cell662	Cell663	Cell664	Cell665	Cell666	Cell667	Cell668	Cell669	Cell670	Cell671	Cell672	Cell673	Cell674	Cell675	Cell676	Cell677	Cell678	Cell679	Cell680	Cell681	Cell682	Cell683	Cell684	Cell685	Cell686	Cell687	Cell688	Cell689	Cell690	Cell691	Cell692	Cell693	Cell694	Cell695	Cell696	Cell697	Cell698	Cell699	Cell700	Cell701	Cell702	Cell703	Cell704	Cell705	Cell706	Cell707	Cell708	Cell709	Cell710	Cell711	Cell712	Cell713	Cell714	Cell715	Cell716	Cell717	Cell718	Cell719	Cell720	Cell721	Cell722	Cell723	Cell724	Cell725	Cell726	Cell727	Cell728	Cell729	Cell730	Cell731	Cell732	Cell733	Cell734	Cell735	Cell736	Cell737	Cell738	Cell739	Cell740	Cell741	Cell742	Cell743	Cell744	Cell745	Cell746	Cell747	Cell748	Cell749	Cell750	Cell751	Cell752	Cell753	Cell754	Cell755	Cell756	Cell757	Cell758	Cell759	Cell760	Cell761	Cell762	Cell763	Cell764	Cell765	Cell766	Cell767	Cell768	Cell769	Cell770	Cell771	Cell772	Cell773	Cell774	Cell775	Cell776	Cell777	Cell778	Cell779	Cell780	Cell781	Cell782	Cell783	Cell784	Cell785	Cell786	Cell787	Cell788	Cell789	Cell790	Cell791	Cell792	Cell793	Cell794	Cell795	Cell796	Cell797	Cell798	Cell799	Cell800	Cell801	Cell802	Cell803	Cell804	Cell805	Cell806	Cell807	Cell808	Cell809	Cell810	Cell811	Cell812	Cell813	Cell814	Cell815	Cell816	Cell817	Cell818	Cell819	Cell820	Cell821	Cell822	Cell823	Cell824	Cell825	Cell826	Cell827	Cell828	Cell829	Cell830	Cell831	Cell832	Cell833	Cell834	Cell835	Cell836	Cell837	Cell838	Cell839	Cell840	Cell841	Cell842	Cell843	Cell844	Cell845	Cell846	Cell847	Cell848	Cell849	Cell850	Cell851	Cell852	Cell853	Cell854	Cell855	Cell856	Cell857	Cell858	Cell859	Cell860	Cell861	Cell862	Cell863	Cell864	Cell865	Cell866	Cell867	Cell868	Cell869	Cell870	Cell871	Cell872	Cell873	Cell874	Cell875	Cell876	Cell877	Cell878	Cell879	Cell880	Cell881	Cell882	Cell883	Cell884	Cell885	Cell886	Cell887	Cell888	Cell889	Cell890	Cell891	Cell892	Cell893	Cell894	Cell895	Cell896	Cell897	Cell898	Cell899	Cell900	Cell901	Cell902	Cell903	Cell904	Cell905	Cell906	Cell907	Cell908	Cell909	Cell910	Cell911	Cell912	Cell913	Cell914	Cell915	Cell916	Cell917	Cell918	Cell919	Cell920	Cell921	Cell922	Cell923	Cell924	Cell925	Cell926	Cell927	Cell928	Cell929	Cell930	Cell931	Cell932	Cell933	Cell934	Cell935	Cell936	Cell937	Cell938	Cell939	Cell940	Cell941	Cell942	Cell943	Cell944	Cell945	Cell946	Cell947	Cell948	Cell949	Cell950	Cell951	Cell952	Cell953	Cell954	Cell955	Cell956	Cell957	Cell958	Cell959	Cell960	Cell961	Cell962	Cell963	Cell964	Cell965	Cell966	Cell967	Cell968	Cell969	Cell970	Cell971	Cell972	Cell973	Cell974	Cell975	Cell976	Cell977	Cell978	Cell979	Cell980	Cell981	Cell982	Cell983	Cell984	Cell985	Cell986	Cell987	Cell988	Cell989	Cell990	Cell991	Cell992	Cell993	Cell994	Cell995	Cell996	Cell997	Cell998	Cell999	Cell1000	Cell1001	Cell1002	Cell1003	Cell1004	Cell1005	Cell1006	Cell1007	Cell1008	Cell1009	Cell1010	Cell1011	Cell1012	Cell1013	Cell1014	Cell1015	Cell1016	Cell1017	Cell1018	Cell1019	Cell1020	Cell1021	Cell1022	Cell1023	Cell1024	Cell1025	Cell1026	Cell1027	Cell1028	Cell1029	Cell1030	Cell1031	Cell1032	Cell1033	Cell1034	Cell1035	Cell1036	Cell1037	Cell1038	Cell1039	Cell1040	Cell1041	Cell1042	Cell1043	Cell1044	Cell1045	Cell1046	Cell1047	Cell1048	Cell1049	Cell1050	Cell1051	Cell1052	Cell1053	Cell1054	Cell1055	Cell1056	Cell1057	Cell1058	Cell1059	Cell1060	Cell1061	Cell1062	Cell1063	Cell1064	Cell1065	Cell1066	Cell1067	Cell1068	Cell1069	Cell1070	Cell1071	Cell1072	Cell1073	Cell1074	Cell1075	Cell1076	Cell1077	Cell1078	Cell1079	Cell1080	Cell1081	Cell1082	Cell1083	Cell1084	Cell1085	Cell1086	Cell1087	Cell1088	Cell1089	Cell1090	Cell1091	Cell1092	Cell1093	Cell1094	Cell1095	Cell1096	Cell1097	Cell1098	Cell1099	Cell1100	Cell1101	Cell1102	Cell1103	Cell1104	Cell1105	Cell1106	Cell1107	Cell1108	Cell1109	Cell1110	Cell1111	Cell1112	Cell1113	Cell1114	Cell1115	Cell1116	Cell1117	Cell1118	Cell1119	Cell1120	Cell1121	Cell1122	Cell1123	Cell1124	Cell1125	Cell1126	Cell1127	Cell1128	Cell1129	Cell1130	Cell1131	Cell1132	Cell1133	Cell1134	Cell1135	Cell1136	Cell1137	Cell1138	Cell1139	Cell1140	Cell1141	Cell1142	Cell1143	Cell1144	Cell1145	Cell1146	Cell1147	Cell1148	Cell1149	Cell1150	Cell1151	Cell1152	Cell1153	Cell1154	Cell1155	Cell1156	Cell1157	Cell1158	Cell1159	Cell1160	Cell1161	Cell1162	Cell1163	Cell1164	Cell1165	Cell1166	Cell1167	Cell1168	Cell1169	Cell1170	Cell1171	Cell1172	Cell1173	Cell1174	Cell1175	Cell1176	Cell1177	Cell1178	Cell1179	Cell1180	Cell1181	Cell1182	Cell1183	Cell1184	Cell1185	Cell1186	Cell1187	Cell1188	Cell1189	Cell1190	Cell1191	Cell1192	Cell1193	Cell1194	Cell1195	Cell1196	Cell1197	Cell1198	Cell1199	Cell1200	Cell1201	Cell1202	Cell1203	Cell1204	Cell1205	Cell1206	Cell1207	Cell1208	Cell1209	Cell1210	Cell1211	Cell1212	Cell1213	Cell1214	Cell1215	Cell1216	Cell1217	Cell1218	Cell1219	Cell1220	Cell1221	Cell1222	Cell1223	Cell1224	Cell1225	Cell1226	Cell1227	Cell1228	Cell1229	Cell1230	Cell1231	Cell1232	Cell1233	Cell1234	Cell1235	Cell1236	Cell1237	Cell1238	Cell1239	Cell1240	Cell1241	Cell1242	Cell1243	Cell1244	Cell1245	Cell1246	Cell1247	Cell1248	Cell1249	Cell1250	Cell1251	Cell1252	Cell1253	Cell1254	Cell1255	Cell1256	Cell1257	Cell1258	Cell1259	Cell1260	Cell1261	Cell1262	Cell1263	Cell1264	Cell1265	Cell1266	Cell1267	Cell1268	Cell1269	Cell1270	Cell1271	Cell1272	Cell1273	Cell1274	Cell1275	Cell1276	Cell1277	Cell1278	Cell1279	Cell1280	Cell1281	Cell1282	Cell1283	Cell1284	Cell1285	Cell1286	Cell1287	Cell1288	Cell1289	Cell1290	Cell1291	Cell1292	Cell1293	Cell1294	Cell1295	Cell1296	Cell1297	Cell1298	Cell1299	Cell1300	Cell1301	Cell1302	Cell1303	Cell1304	Cell1305	Cell1306	Cell1307	Cell1308	Cell1309	Cell1310	Cell1311	Cell1312	Cell1313	Cell1314	Cell1315	Cell1316	Cell1317	Cell1318	Cell1319	Cell1320	Cell1321	Cell1322	Cell1323	Cell1324	Cell1325	Cell1326	Cell1327	Cell1328	Cell1329	Cell1330	Cell1331	Cell1332	Cell1333	Cell1334	Cell1335	Cell1336	Cell1337	Cell1338	Cell1339	Cell1340	Cell1341	Cell1342	Cell1343	Cell1344	Cell1345	Cell1346	Cell1347	Cell1348	Cell1349	Cell1350	Cell1351	Cell1352	Cell1353	Cell1354	Cell1355	Cell1356	Cell1357	Cell1358	Cell1359	Cell1360	Cell1361	Cell1362	Cell1363	Cell1364	Cell1365	Cell1366	Cell1367	Cell1368	Cell1369	Cell1370	Cell1371	Cell1372	Cell1373	Cell1374	Cell1375	Cell1376	Cell1377	Cell1378	Cell1379	Cell1380	Cell1381	Cell1382	Cell1383	Cell1384	Cell1385	Cell1386	Cell1387	Cell1388	Cell1389	Cell1390	Cell1391	Cell1392	Cell1393	Cell1394	Cell1395	Cell1396	Cell1397	Cell1398	Cell1399	Cell1400	Cell1401	Cell1402	Cell1403	Cell1404	Cell1405	Cell1406	Cell1407	Cell1408	Cell1409	Cell1410	Cell1411	Cell1412	Cell1413	Cell1414	Cell1415	Cell1416	Cell1417	Cell1418	Cell1419	Cell1420	Cell1421	Cell1422	Cell1423	Cell1424	Cell1425	Cell1426	Cell1427	Cell1428	Cell1429	Cell1430	Cell1431	Cell1432	Cell1433	Cell1434	Cell1435	Cell1436	Cell1437	Cell1438	Cell1439	Cell1440	Cell1441	Cell1442	Cell1443	Cell1444	Cell1445	Cell1446	Cell1447	Cell1448	Cell1449	Cell1450	Cell1451	Cell1452	Cell1453	Cell1454	Cell1455	Cell1456	Cell1457	Cell1458	Cell1459	Cell1460	Cell1461	Cell1462	Cell1463	Cell1464	Cell1465	Cell1466	Cell1467	Cell1468	Cell1469	Cell1470	Cell1471	Cell1472	Cell1473	Cell1474	Cell1475	Cell1476	Cell1477	Cell1478	Cell1479	Cell1480	Cell1481	Cell1482	Cell1483	Cell1484	Cell1485	Cell1486	Cell1487	Cell1488	Cell1489	Cell1490	Cell1491	Cell1492	Cell1493	Cell1494	Cell1495	Cell1496	Cell1497	Cell1498	Cell1499	Cell1500	Cell1501	Cell1502	Cell1503	Cell1504	Cell1505	Cell1506	Cell1507	Cell1508	Cell1509	Cell1510	Cell1511	Cell1512	Cell1513	Cell1514	Cell1515	Cell1516	Cell1517	Cell1518	Cell1519	Cell1520	Cell1521	Cell1522	Cell1523	Cell1524	Cell1525	Cell1526	Cell1527	Cell1528	Cell1529	Cell1530	Cell1531	Cell1532	Cell1533	Cell1534	Cell1535	Cell1536	Cell1537	Cell1538	Cell1539	Cell1540	Cell1541	Cell1542	Cell1543	Cell1544	Cell1545	Cell1546	Cell1547	Cell1548	Cell1549	Cell1550	Cell1551	Cell1552	Cell1553	Cell1554	Cell1555	Cell1556	Cell1557	Cell1558	Cell1559	Cell1560	Cell1561	Cell1562	Cell1563	Cell1564	Cell1565	Cell1566	Cell1567	Cell1568	Cell1569	Cell1570	Cell1571	Cell1572	Cell1573	Cell1574	Cell1575	Cell1576	Cell1577	Cell1578	Cell1579	Cell1580	Cell1581	Cell1582	Cell1583	Cell1584	Cell1585	Cell1586	Cell1587	Cell1588	Cell1589	Cell1590	Cell1591	Cell1592	Cell1593	Cell1594	Cell1595	Cell1596	Cell1597	Cell1598	Cell1599	Cell1600	Cell1601	Cell1602	Cell1603	Cell1604	Cell1605	Cell1606	Cell1607	Cell1608	Cell1609	Cell1610	Cell1611	Cell1612	Cell1613	Cell1614	Cell1615	Cell1616	Cell1617	Cell1618	Cell1619	Cell1620	Cell1621	Cell1622	Cell1623	Cell1624	Cell1625	Cell1626	Cell1627	Cell1628	Cell1629	Cell1630	Cell1631	Cell1632	Cell1633	Cell1634	Cell1635	Cell1636	Cell1637	Cell1638	Cell1639	Cell1640	Cell1641	Cell1642	Cell1643	Cell1644	Cell1645	Cell1646	Cell1647	Cell1648	Cell1649	Cell1650	Cell1651	Cell1652	Cell1653	Cell1654	Cell1655	Cell1656	Cell1657	Cell1658	Cell1659	Cell1660	Cell1661	Cell1662	Cell1663	Cell1664	Cell1665	Cell1666	Cell1667	Cell1668	Cell1669	Cell1670	Cell1671	Cell1672	Cell1673	Cell1674	Cell1675	Cell1676	Cell1677	Cell1678	Cell1679	Cell1680	Cell1681	Cell1682	Cell1683	Cell1684	Cell1685	Cell1686	Cell1687	Cell1688	Cell1689	Cell1690	Cell1691	Cell1692	Cell1693	Cell1694	Cell1695	Cell1696	Cell1697	Cell1698	Cell1699	Cell1700	Cell1701	Cell1702	Cell1703	Cell1704	Cell1705	Cell1706	Cell1707	Cell1708	Cell1709	Cell1710	Cell1711	Cell1712	Cell1713	Cell1714	Cell1715	Cell1716	Cell1717	Cell1718	Cell1719	Cell1720	Cell1721	Cell1722	Cell1723	Cell1724	Cell1725	Cell1726	Cell1727	Cell1728	Cell1729	Cell1730	Cell1731	Cell1732	Cell1733	Cell1734	Cell1735	Cell1736	Cell1737	Cell1738	Cell1739	Cell1740	Cell1741	Cell1742	Cell1743	Cell1744	Cell1745	Cell1746	Cell1747	Cell1748	Cell1749	Cell1750	Cell1751	Cell1752	Cell1753	Cell1754	Cell1755	Cell1756	Cell1757	Cell1758	Cell1759	Cell1760	Cell1761	Cell1762	Cell1763	Cell1764	Cell1765	Cell1766	Cell1767	Cell1768	Cell1769	Cell1770	Cell1771	Cell1772	Cell1773	Cell1774	Cell1775	Cell1776	Cell1777	Cell1778	Cell1779	Cell1780	Cell1781	Cell1782	Cell1783	Cell1784	Cell1785	Cell1786	Cell1787	Cell1788	Cell1789	Cell1790	Cell1791	Cell1792	Cell1793	Cell1794	Cell1795	Cell1796	Cell1797	Cell1798	Cell1799	Cell1800	Cell1801	Cell1802	Cell1803	Cell1804	Cell1805	Cell1806	Cell1807	Cell1808	Cell1809	Cell1810	Cell1811	Cell1812	Cell1813	Cell1814	Cell1815	Cell1816	Cell1817	Cell1818	Cell1819	Cell1820	Cell1821	Cell1822	Cell1823	Cell1824	Cell1825	Cell1826	Cell1827	Cell1828	Cell1829	Cell1830	Cell1831	Cell1832	Cell1833	Cell1834	Cell1835	Cell1836	Cell1837	Cell1838	Cell1839	Cell1840	Cell1841	Cell1842	Cell1843	Cell1844	Cell1845	Cell1846	Cell1847	Cell1848	Cell1849	Cell1850	Cell1851	Cell1852	Cell1853	Cell1854	Cell1855	Cell1856	Cell1857	Cell1858	Cell1859	Cell1860	Cell1861	Cell1862	Cell1863	Cell1864	Cell1865	Cell1866	Cell1867	Cell1868	Cell1869	Cell1870	Cell1871	Cell1872	Cell1873	Cell1874	Cell1875	Cell1876	Cell1877	Cell1878	Cell1879	Cell1880	Cell1881	Cell1882	Cell1883	Cell1884	Cell1885	Cell1886	Cell1887	Cell1888	Cell1889	Cell1890	Cell1891	Cell1892	Cell1893	Cell1894	Cell1895	Cell1896	Cell1897	Cell1898	Cell1899	Cell1900	Cell1901	Cell1902	Cell1903	Cell1904	Cell1905	Cell1906	Cell1907	Cell1908	Cell1909	Cell1910	Cell1911	Cell1912	Cell1913	Cell1914	Cell1915	Cell1916	Cell1917	Cell1918	Cell1919	Cell1920	Cell1921	Cell1922	Cell1923	Cell1924	Cell1925	Cell1926	Cell1927	Cell1928	Cell1929	Cell1930	Cell1931	Cell1932	Cell1933	Cell1934	Cell1935	Cell1936	Cell1937	Cell1938	Cell1939	Cell1940	Cell1941	Cell1942	Cell1943	Cell1944	Cell1945	Cell1946	Cell1947	Cell1948	Cell1949	Cell1950	Cell1951	Cell1952	Cell1953	Cell1954	Cell1955	Cell1956	Cell1957	Cell1958	Cell1959	Cell1960	Cell1961	Cell1962	Cell1963	Cell1964	Cell1965	Cell1966	Cell1967	Cell1968	Cell1969	Cell1970	Cell1971	Cell1972	Cell1973	Cell1974	Cell1975	Cell1976	Cell1977	Cell1978	Cell1979	Cell1980	Cell1981	Cell1982	Cell1983	Cell1984	Cell1985	Cell1986	Cell1987	Cell1988	Cell1989	Cell1990	Cell1991	Cell1992	Cell1993	Cell1994	Cell1995	Cell1996	Cell1997	Cell1998	Cell1999	Cell2000	Cell2001	Cell2002	Cell2003	Cell2004	Cell2005	Cell2006	Cell2007	Cell2008	Cell2009	Cell2010	Cell2011	Cell2012	Cell2013	Cell2014	Cell2015	Cell2016	Cell2017	Cell2018	Cell2019	Cell2020	Cell2021	Cell2022	Cell2023	Cell2024	Cell2025	Cell2026	Cell2027	Cell2028	Cell2029	Cell2030	Cell2031	Cell2032	Cell2033	Cell2034	Cell2035	Cell2036	Cell2037	Cell2038	Cell2039	Cell2040	Cell2041	Cell2042	Cell2043	Cell2044	Cell2045	Cell2046	Cell2047	Cell2048	Cell2049	Cell2050	Cell2051	Cell2052	Cell2053	Cell2054	Cell2055	Cell2056	Cell2057	Cell2058	Cell2059	Cell2060	Cell2061	Cell2062	Cell2063	Cell2064	Cell2065	Cell2066	Cell2067	Cell2068	Cell2069	Cell2070	Cell2071	Cell2072	Cell2073	Cell2074	Cell2075	Cell2076	Cell2077	Cell2078	Cell2079	Cell2080	Cell2081	Cell2082	Cell2083	Cell2084	Cell2085	Cell2086	Cell2087	Cell2088	Cell2089	Cell2090	Cell2091	Cell2092	Cell2093	Cell2094	Cell2095	Cell2096	Cell2097	Cell2098	Cell2099	Cell2100	Cell2101	Cell2102	Cell2103	Cell2104	Cell2105	Cell2106	Cell2107	Cell2108	Cell2109	Cell2110	Cell2111	Cell2112	Cell2113	Cell2114	Cell2115	Cell2116	Cell2117	Cell2118	Cell2119	Cell2120	Cell2121	Cell2122	Cell2123	Cell2124	Cell2125	Cell2126	Cell2127	Cell2128	Cell2129	Cell2130	Cell2131	Cell2132	Cell2133	Cell2134	Cell2135	Cell2136	Cell2137	Cell2138	Cell2139	Cell2140	Cell2141	Cell2142	Cell2143	Cell2144	Cell2145	Cell2146	Cell2147	Cell2148	Cell2149	Cell2150	Cell2151	Cell2152	Cell2153	Cell2154	Cell2155	Cell2156	Cell2157	Cell2158	Cell2159	Cell2160	Cell2161	Cell2162	Cell2163	Cell2164	Cell2165	Cell2166	Cell2167	Cell2168	Cell2169	Cell2170	Cell2171	Cell2172	Cell2173	Cell2174	Cell2175	Cell2176	Cell2177	Cell2178	Cell2179	Cell2180	Cell2181	Cell2182	Cell2183	Cell2184	Cell2185	Cell2186	Cell2187	Cell2188	Cell2189	Cell2190	Cell2191	Cell2192	Cell2193	Cell2194	Cell2195	Cell2196	Cell2197	Cell2198	Cell2199	Cell2200	Cell2201	Cell2202	Cell2203	Cell2204	Cell2205	Cell2206	Cell2207	Cell2208	Cell2209	Cell2210	Cell2211	Cell2212	Cell2213	Cell2214	Cell2215	Cell2216	Cell2217	Cell2218	Cell2219	Cell2220	Cell2221	Cell2222	Cell2223	Cell2224	Cell2225	Cell2226	Cell2227	Cell2228	Cell2229	Cell2230	Cell2231	Cell2232	Cell2233	Cell2234	Cell2235	Cell2236	Cell2237	Cell2238	Cell2239	Cell2240	Cell2241	Cell2242	Cell2243	Cell2244	Cell2245	Cell2246	Cell2247	Cell2248	Cell2249	Cell2250	Cell2251	Cell2252	Cell2253	Cell2254	Cell2255	Cell2256	Cell2257	Cell2258	Cell2259	Cell2260	Cell2261	Cell2262	Cell2263	Cell2264	Cell2265	Cell2266	Cell2267	Cell2268	Cell2269	Cell2270	Cell2271	Cell2272	Cell2273	Cell2274	Cell2275	Cell2276	Cell2277	Cell2278	Cell2279	Cell2280	Cell2281	Cell2282	Cell2283	Cell2284	Cell2285	Cell2286	Cell2287	Cell2288	Cell2289	Cell2290	Cell2291	Cell2292	Cell2293	Cell2294	Cell2295	Cell2296	Cell2297	Cell2298	Cell2299	Cell2300	Cell2301	Cell2302	Cell2303	Cell2304	Cell2305	Cell2306	Cell2307	Cell2308	Cell2309	Cell2310	Cell2311	Cell2312	Cell2313	Cell2314	Cell2315	Cell2316	Cell2317	Cell2318	Cell2319	Cell2320	Cell2321	Cell2322	Cell2323	Cell2324	Cell2325	Cell2326	Cell2327	Cell2328	Cell2329	Cell2330	Cell2331	Cell2332	Cell2333	Cell2334	Cell2335	Cell2336	Cell2337	Cell2338	Cell2339	Cell2340	Cell2341	Cell2342	Cell2343	Cell2344	Cell2345	Cell2346	Cell2347	Cell2348	Cell2349	Cell2350	Cell2351	Cell2352	Cell2353	Cell2354	Cell2355	Cell2356	Cell2357	Cell2358	Cell2359	Cell2360	Cell2361	Cell2362	Cell2363	Cell2364	Cell2365	Cell2366	Cell2367	Cell2368	Cell2369	Cell2370	Cell2371	Cell2372	Cell2373	Cell2374	Cell2375	Cell2376	Cell2377	Cell2378	Cell2379	Cell2380	Cell2381	Cell2382	Cell2383	Cell2384	Cell2385	Cell2386	Cell2387	Cell2388	Cell2389	Cell2390	Cell2391	Cell2392	Cell2393	Cell2394	Cell2395	Cell2396	Cell2397	Cell2398	Cell2399	Cell2400	Cell2401	Cell2402	Cell2403	Cell2404	Cell2405	Cell2406	Cell2407	Cell2408	Cell2409	Cell2410	Cell2411	Cell2412	Cell2413	Cell2414	Cell2415	Cell2416	Cell2417	Cell2418	Cell2419	Cell2420	Cell2421	Cell2422	Cell2423	Cell2424	Cell2425	Cell2426	Cell2427	Cell2428	Cell2429	Cell2430	Cell2431	Cell2432	Cell2433	Cell2434	Cell2435	Cell2436	Cell2437	Cell2438	Cell2439	Cell2440	Cell2441	Cell2442	Cell2443	Cell2444	Cell2445	Cell2446	Cell2447	Cell2448	Cell2449	Cell2450	Cell2451	Cell2452	Cell2453	Cell2454	Cell2455	Cell2456	Cell2457	Cell2458	Cell2459	Cell2460	Cell2461	Cell2462	Cell2463	Cell2464	Cell2465	Cell2466	Cell2467	Cell2468	Cell2469	Cell2470	Cell2471	Cell2472	Cell2473	Cell2474	Cell2475	Cell2476	Cell2477	Cell2478	Cell2479	Cell2480	Cell2481	Cell2482	Cell2483	Cell2484	Cell2485	Cell2486	Cell2487	Cell2488	Cell2489	Cell2490	Cell2491	Cell2492	Cell2493	Cell2494	Cell2495	Cell2496	Cell2497	Cell2498	Cell2499	Cell2500	Cell2501	Cell2502	Cell2503	Cell2504	Cell2505	Cell2506	Cell2507	Cell2508	Cell2509	Cell2510	Cell2511	Cell2512	Cell2513	Cell2514	Cell2515	Cell2516	Cell2517	Cell2518	Cell2519	Cell2520	Cell2521	Cell2522	Cell2523	Cell2524	Cell2525	Cell2526	Cell2527	Cell2528	Cell2529	Cell2530	Cell2531	Cell2532	Cell2533	Cell2534	Cell2535	Cell2536	Cell2537	Cell2538	Cell2539	Cell2540	Cell2541	Cell2542	Cell2543	Cell2544	Cell2545	Cell2546	Cell2547	Cell2548	Cell2549	Cell2550	Cell2551	Cell2552	Cell2553	Cell2554	Cell2555	Cell2556	Cell2557	Cell2558	Cell2559	Cell2560	Cell2561	Cell2562	Cell2563	Cell2564	Cell2565	Cell2566	Cell2567	Cell2568	Cell2569	Cell2570	Cell2571	Cell2572	Cell2573	Cell2574	Cell2575	Cell2576	Cell2577	Cell2578	Cell2579	Cell2580	Cell2581	Cell2582	Cell2583	Cell2584	Cell2585	Cell2586	Cell2587	Cell2588	Cell2589	Cell2590	Cell2591	Cell2592	Cell2593	Cell2594	Cell2595	Cell2596	Cell2597	Cell2598	Cell2599	Cell2600	Cell2601	Cell2602	Cell2603	Cell2604	Cell2605	Cell2606	Cell2607	Cell2608	Cell2609	Cell2610	Cell2611	Cell2612	Cell2613	Cell2614	Cell2615	Cell2616	Cell2617	Cell2618	Cell2619	Cell2620	Cell2621	Cell2622	Cell2623	Cell2624	Cell2625	Cell2626	Cell2627	Cell2628	Cell2629	Cell2630	Cell2631	Cell2632	Cell2633	Cell2634	Cell2635	Cell2636	Cell2637	Cell2638	Cell2639	Cell2640	Cell2641	Cell2642	Cell2643	Cell2644	Cell2645	Cell2646	Cell2647	Cell2648	Cell2649	Cell2650	Cell2651	Cell2652	Cell2653	Cell2654	Cell2655	Cell2656	Cell2657	Cell2658	Cell2659	Cell2660	Cell2661	Cell2662	Cell2663	Cell2664	Cell2665	Cell2666	Cell2667	Cell2668	Cell2669	Cell2670	Cell2671	Cell2672	Cell2673	Cell2674	Cell2675	Cell2676	Cell2677	Cell2678	Cell2679	Cell2680	Cell2681	Cell2682	Cell2683	Cell2684	Cell2685	Cell2686	Cell2687	Cell2688	Cell2689	Cell2690	Cell2691	Cell2692	Cell2693	Cell2694	Cell2695	Cell2696	Cell2697	Cell2698	Cell2699	Cell2700	Cell2701	Cell2702	Cell2703	Cell2704	Cell2705	Cell2706	Cell2707	Cell2708	Cell2709	Cell2710	Cell2711	Cell2712	Cell2713	Cell2714	Cell2715	Cell2716	Cell2717	Cell2718	Cell2719	Cell2720	Cell2721	Cell2722	Cell2723	Cell2724	Cell2725	Cell2726	Cell2727	Cell2728	Cell2729
G1	43.35342108756779	38.298061649201365	45.70449254633454	37.34280579866012	26.992243810332578	32.78280803059195	35.43744245639435	35.11055945576542	48.90411460982495	37.38884058984628	26.1527843575347	32.6775279796411	25.04558653731899	35.63344394094982	25.706851001629584	24.818613340200564	35.54428845593295	32.73415830130311	24.898529056339196	25.916297555855667	49.0813440940234	27.175760830011416	32.866517484264385	26.12568540436296	23.69417095337153	36.234140388389726	31.115773523832974	31.588943404487672	30.301228614316734	36.555856265988574	36.535565779896245	27.176245266352264	26.74722642346043	24.73249347089064	29.66819498160314	43.94207827137101	26.141412447433037	36.737437487043636	30.31283984754754	37.38031887555898	36.36923788390319	40.953717210496826	28.77662699578093	18.71130817914509	28.70502196928874	25.70127784158018	35.40705004961083	25.102882946951354	29.036274001209012	31.944316450184004	35.20325510627708	46.3575969625123	30.521047020026636	32.53319792840505	23.276643857319357	34.20591953430396	29.103238868397007	34.18332581840495	28.576161622096084	32.26808171503926	42.662435968199354	31.370524225738297	31.84275802604795	41.208668167591355	26.77718379080626	36.84172332994383	33.651563355682406	28.269228310882742	36.24034286093753	33.16776325288038	36.13050989118952	33.3402890066863	30.231985969889177	34.13854777682208	28.727868311676453	26.23012143461483	29.091225826643104	32.528201622516164	35.773966196218446	30.8410336389732	26.71504837279596	35.94733737325778	35.03073699430724	30.669245152839558	27.893254667691846	27.74252384759925	29.742817532152507	24.41042414267918	25.70177513057663	27.846609479833084	28.540690565289506	33.89153025044766	23.78761569883472	29.923156117197742	26.75331097336131	24.904770540019364	29.542452137247242	30.915772071015606	35.562053778305255	41.82687317081628	30.190762650565283	36.233323733201125	32.09217668068269	36.211364173951566	27.634429032992575	31.653681289692344	40.96963141237418	31.980639638106588	30.915880844301785	40.477368465849985	27.621080093098996	28.44421582267005	23.539320043280018	49.9269576606958	33.326924045836314	35.3246504523797	39.622807440044966	22.05207826113167	25.910126874983643	30.132531781989197	32.24075750763271	37.41901782379861	25.718219627114177	35.2731634761268	37.19043750295387	28.94467082146215	49.15214562903759	31.38212918461621	31.52626837837952	25.614320918455878	23.179710874992793	30.094947797657255	30.676793935707227	37.43927825273042	34.58264902142158	41.08348615141298	31.97480864294399	41.711558630802024	31.713891807277253	39.30890016139621	40.24413922772219	24.513714025263106	27.171039558858237	26.7918389047574	32.14672216505833	34.74492859365345	43.40510784366715	23.250051140080167	30.746644900957637	28.262355700787644	37.09598937991973	25.156307637372542	37.201246321363314	35.92422659924499	35.908400602471275	38.995881069728995	29.917789685322813	35.67156125004832	28.068726922638614	29.83825080873744	29.460962079590875	31.794736860088392	30.543940474606558	31.20253048190961	38.39841938347052	22.903611648150118	30.643319371423104	30.438405775350358	25.28524878677693	36.070923221936766	27.600014218322592	31.11838847815081	26.35646520670838	21.232675526642748	35.09120954757453	29.48836322255441	34.147736628825896	38.514991443058676	36.13639021070214	44.63969906534937	26.77710943907752	25.806197745817006	34.28751217911697	46.57822418544556	40.02262780018221	39.09104354457691	23.143217347584052	36.487309302116756	35.464324804965685	27.631363925323758	30.06830884987846	28.171535554828942	26.025061243884963	33.721455554990264	28.83368207565544	37.142629108474246	29.69498457767282	22.09658215176575	28.75737820352079	22.221645150493934	46.15033915074287	37.40244759783147	31.852925804173733	33.59478976068066	24.771221900533355	28.43028636998114	36.22701895213164	30.199883219975177	34.181514982098186	35.997286868841876	37.19907350587911	36.09012584882288	40.64907226467372	30.66660819268254	36.80276203106359	28.527333290680236	30.6106609926963	27.569282765458354	40.26557226484966	37.939980244564076	24.882698556472416	21.053842324656323	24.242345144837994	31.638792354759534	27.29730653082141	29.877347809552433	50.335420101977036	26.532337655994493	28.989855560969342	36.11915500266738	23.530869972270406	44.15013596814244	27.355797421769008	26.278176838314582	33.570989957323924	32.589237853500684	28.436757915484776	24.300407883658107	37.01229613068504	37.15338237111396	40.873912221395464	28.705671821180054	26.733998920537317	21.437664868760653	41.60233408518088	24.03302235997346	35.52897773296543	27.78594719823423	46.10736259862105	35.7995169984448	46.25935348516938	33.27121270725191	25.600356608618963	22.868405047884416	30.064952854418877	21.602895473783903	31.91367583659202	29.929497607908743	22.59891248271634	27.221937627313203	29.01611573677191	44.79009266713083	21.876423879782557	25.618423183702475	23.599130129455585	30.930423634377632	38.595541989123134	25.1606535884658	39.21976083023457	27.521908999655032	44.61247328940186	27.231603231975	35.19696363612884	28.66274294029829	25.86795587234262	31.993070430600355	34.389615138318206	24.155698459275037	30.726911709202444	37.77355175481881	32.38704615605551	27.402221040818887	27.046457496421862	42.911460849693384	30.611190365461674	34.04078990526644	27.835464721948664	36.28210056934191	32.13796825748518	36.409226206913154	33.59603473737143	32.62961301288745	34.69420899487463	24.13356146070118	31.355407745543072	45.55436225698887	26.35133243230708	41.858485643783716	35.42721831544469	33.20848411443421	31.105725269259356	38.513457185844935	26.633058907256153	39.26040919797464	29.852096122553654	26.608390541200524	32.24635552939503	38.17859711985289	37.58027020282285	35.31212647947748	17.445862254982778	33.11653763674394	38.467669038612065	41.96543972869962	35.450325817803034	22.082014556366655	23.30060846095091	25.89914894289629	31.452046941101056	32.05730889379828	35.31314854846233	25.53573012251766	27.43496661251951	32.59571109776718	32.515900410010055	26.96484502425106	40.9831009875094	30.895123514405714	31.89571191678033	36.522208356933895	28.496407853209586	34.27933417425675	38.394192688306205	28.474075189594977	31.712078849004392	29.339579877204375	39.65662432320321	36.74694483783347	24.50244958179507	31.44945957581226	37.43672029187286	31.917625130663218	35.622974831286555	31.113471065274446	17.650439283251114	20.80700792993858	37.15428416650463	39.46853636647787	33.59442723856856	26.820610304049538	28.938469775504696	36.18697331747807	28.122156369283978	25.9372862356496	28.328460472203076	32.065094332934194	33.208848004712785	21.78272963360118	40.398483641837046	28.784094430968132	47.38492396334941	43.14838934413229	29.213523502064835	29.49336465538546	34.84290897293393	37.70383740930379	35.246481018972126	31.047788487469806	35.63724441952489	28.892625145934982	31.357291155059954	33.424082648111025	32.11253241306678	23.30693719117825	35.669630825426374	35.043250242567744	30.423416471787363	30.720396302667673	32.73788982131811	25.60794118065111	38.196036353915865	38.20758914697296	31.286281064794863	30.96972840606002	40.74070919504131	41.22455155390513	44.04612292318237	44.75340877638435	38.090813280875814	31.073074112417977	26.141679690640846	22.001885641325327	31.169403066380465	36.21889813584414	31.65152516209112	26.101660203356545	34.358863909839734	26.060763592107488	27.877270045993818	34.14316345112747	43.716439076180315	29.634353127031595	40.03302976458114	29.766769465761005	27.05109546618216	29.843583612637133	28.18433283105497	22.843621124810998	38.97722242468168	37.593257686289704	36.58247387048467	34.239417706849565	28.190431207301366	34.276445949736924	36.27498106818715	32.48379103790516	31.67210550843931	21.09552776937438	37.93340132088755	32.321030943473396	30.215411879839312	22.45887588246229	38.1624552902699	27.558481040684104	27.526921423338543	27.89329305637479	30.15565891946131	31.68354199658465	31.843872884140584	32.93913400204287	28.031824396503993	23.92559167345423	42.91646630515828	31.805594328291555	22.96384289957599	31.887847630081286	31.93101307620864	39.14952717192727	39.56291961091251	39.2977706672749	46.675207712857166	25.248974688734833	32.39874529035422	32.51610866603869	28.805757322287004	30.67659016350792	39.55706765294943	36.10703701489809	28.32042548804413	38.17960166949958	37.43021750074045	26.084821478162503	37.777376768812246	33.95769395480049	28.771576812558415	24.33016097994112	42.17382251258573	44.60524173974535	41.70278061832156	37.50760465079453	31.703553408600833	23.149667540943835	26.76396441106044	32.127185252963805	35.67394731943872	30.951875326308517	32.999074359036726	26.524336547766744	30.13844345989817	23.207009303234496	28.72562019754274	32.49756755530242	29.44435334616471	38.25943946644409	35.493635804675336	36.5176731998286	42.568813031043135	35.72181442866083	28.326239368723453	34.875226431695616	30.836724546896534	27.213681325472503	23.761270303683133	31.134118648311542	30.590431811081984	23.6409799562464	44.803808764670045	29.662505024280232	45.482750014583914	42.847243484813916	27.896158634685822	35.72254002659628	24.759849094673722	39.77532476738443	33.871909302268264	26.856148062464616	31.30758605641055	36.250930696911546	29.10977333140099	28.646378995966927	49.268372948221554	28.566327232348254	33.46228675556758	22.288745943825003	24.809597186002804	29.936542825740283	37.08717727617493	32.63698154484962	23.111224142187442	26.432580982817377	35.8174902720369	24.44154187199959	29.873631953988365	38.54368036376893	34.373286631355384	30.088408645297644	31.684785441139127	28.684289373334927	31.262938347885754	28.03920694337957	34.68531539212882	35.18788259031886	29.65742587995553	38.918778986898545	36.57027265976803	22.92057162947538	36.31886894399245	38.188850782099095	36.30729325495486	27.7661608789462	21.65554879819548	32.5771395357292	24.183091193766032	44.316759182141396	42.72505213983133	39.609105256253564	30.570775242172125	26.832582290845835	42.68280897147008	28.17548928856924	39.75656495117167	33.83317453383333	28.47449193926843	26.97523301365708	22.62742571291184	28.269496142875887	26.531151307759878	30.271537368753677	22.7775794215743	39.3447406783574	27.005340903761244	32.04283405209334	22.928410837283188	34.89168871381122	27.311783964369855	40.59325771051729	24.17316420140997	36.496694175264835	26.282905834141925	43.29439624655972	36.295634842371946	35.574711419137444	23.94722063239868	35.42979072781799	35.59643158427877	46.70197245184546	28.495653385096475	42.427367988386756	29.642120818265973	33.00918707947384	30.05168195936162	31.422772281411085	25.53223174721167	24.67091995135214	23.84663690709717	32.05434405967911	37.974712098861644	23.82944700618415	37.53159196505536	35.231358570186885	40.82704195660066	27.553249795161896	29.301819000632264	37.69414126430421	36.58882440905238	23.725922741479224	30.720131108479027	49.19068715580974	40.088332527742665	27.55980181703361	36.34880328779065	33.79965637163177	27.01236698433529	26.417209098144546	26.70533936868018	42.05337445245144	38.08954889905167	33.78248701328162	33.79163424768338	19.628944433236278	30.67928340699579	26.550292431066453	41.05670786611168	30.166690916137945	33.21651950943174	28.634658939057047	33.65709885351426	24.095136448094017	21.06085658201882	42.91012302259133	39.359891185642034	44.938604065037076	25.181200209267693	28.94662907710056	40.88540182458257	33.050924056494445	29.160559711101392	22.72922650451524	31.991171540572406	30.124132093764043	48.950162381806145	39.26597389043686	33.17080099780377	29.511374382644544	35.686714226165236	38.81180574476134	39.64701594305922	40.696479963448766	29.969814160693918	34.237733222442316	29.636608254517352	37.93475189972216	31.550330539772823	32.99887994090801	28.825244776924116	35.69395890911826	36.40696506984409	27.319445446921513	27.62425918394617	25.198869366213355	32.554528745706705	24.243419778875023	38.40948550743515	36.25783808732414	37.144820626747254	32.10998451702663	34.71143447457271	26.55588815948993	30.723824211165493	19.15666488934011	27.049616669455443	28.085838047457152	27.595374078407822	37.711939663564465	36.680964266445834	39.50520198545049	33.51810579364743	31.610555079368577	26.968187127906912	38.75955505069629	36.21556143474311	31.54295886295644	35.697541106874034	28.758175869055826	30.449765485476306	30.749582188147183	41.98586400938551	35.68191299036682	29.106054232475255	25.67539422802315	30.94935191877659	26.41001638407278	26.547906266675653	24.844644156968197	27.422589736625703	31.537036994769085	42.87379039018918	34.978936822461016	32.0830762371074	28.24050913173961	33.38201128417887	32.07447168875913	35.87814069507363	32.7367077588091	26.68554215583522	30.59947410695381	33.70548765867144	33.69160412405415	41.96649240079957	36.39980326169743	30.844658282745606	44.425930371106055	31.63162961608835	23.106663368742414	23.20729587039279	26.292093798015063	41.430291026855556	29.53276573076611	40.13056652143833	44.719902556794665	24.336522422106935	31.835932627540842	32.0664221290383	26.723228674266764	33.805483482235395	19.88417245344986	41.49162919916888	32.394197466005565	31.194758121976296	34.573297707093744	37.485387134403744	34.53498364699449	34.58681740080574	44.42395634506131	34.63425843839728	42.92196628923047	29.66274186769302	37.67966303715162	32.16842754388336	28.190785480338093	31.596509289687376	46.503508058584146	37.83538321414062	35.31401500840266	22.988800886410054	27.45005383947104	30.285202408899167	40.227175978443675	31.269151126070753	33.312091197209064	34.972917815809474	31.208851867380613	27.559042794176317	44.64527960225795	32.045057155981944	29.37421822069522	36.169081286156704	39.809691811054286	43.56212969354091	34.34423055282276	34.58706521195693	38.89886081468838	36.559016428895	38.5082482603041	37.148585730956	25.54396643682121	21.19790883847749	27.045084413838477	43.099738383995856	24.396574681399322	20.944532775715704	33.84014471444386	27.58502225222938	23.172679091982925	34.030265292898214	21.72881815644909	35.01270618421759	39.18594911272756	28.28838020598763	28.221053122917475	24.75581859270547	27.73572354165605	28.237869019952694	35.2772190332703	33.464125960603035	26.89678170764618	34.78421828195629	35.578812831912145	30.529633156634205	20.872434381757696	28.295162761442985	39.78706984537018	34.15662401622293	29.103574938555592	31.956029591536957	40.00622937869936	30.38336514783748	40.82896933351302	29.213602046055943	27.165455603599746	26.807373807930286	24.994146582906993	31.917974448570916	30.54029503632434	30.609855999453277	31.492857571520553	44.47760872405382	31.687583789776447	25.89853864024592	27.740736839772048	33.20379710499802	35.39334029519404	36.68374350013839	27.839767649360567	35.278814182653115	26.74018678981973	24.70582204947766	31.904296726706608	22.78186842561858	32.27228168995983	23.980039821826278	36.22438551250615	34.92973179244949	27.593459267064073	30.71828838895366	27.790490506974248	27.75709767489472	34.93205023614131	30.257306892755867	22.714749973532612	29.876457619128065	28.451971507867505	33.28503498241186	29.260002352960612	24.7527014176793	30.22015552897466	33.01711289528792	35.2892614154106	27.31557367481263	41.41153555681112	38.70516775729002	24.01403713486367	30.686233113910845	39.10752856694278	30.881499278638643	29.03040326376407	24.047775515883284	37.53424159346122	30.527409100437723	18.99743867826677	33.636218265980816	32.731431771433925	36.54964831458311	27.499645391857985	25.748448388018314	33.458425174910644	31.738348004107955	24.59408917112817	31.596718815425405	35.28181667103692	37.133023574825245	37.23578088477587	22.25731930717553	40.605536096049526	23.079074699186464	35.19123912953574	25.629967568411892	43.78097881629874	30.76839464511167	35.42754464789177	30.165321463669343	34.648952925409276	38.38844091369053	33.44544595707926	40.1761503336305	38.38399583502531	24.352095398432947	29.05424446233267	32.46506947468982	42.730457897631574	24.936903450544634	33.54302754018556	35.10661554119608	27.84992216959692	40.428213027610205	31.523140299576028	34.12366194623616	30.356333275367255	37.360451826899556	45.086569455859724	23.602072324014255	40.28297705314164	22.951098413043013	40.7088446096694	34.09434431262703	31.92268960383069	29.38893656359185	39.99072194746845	33.94090488042238	30.05689919387766	35.40276685103012	36.68378796005649	27.376275063524947	42.190523484334946	38.853070949341806	25.565673884242383	24.66685680651996	25.352457358617684	29.755769437771658	27.802896138042303	31.08255915078105	24.57122792548557	20.757841330096568	41.44661337256526	34.54553099229504	38.214164017696	26.657811251313245	27.176422849025112	30.066922067010776	30.86305539998942	46.55534564224302	35.79613301215227	47.58794919017683	31.67656842516205	43.91199441909151	25.383226413976452	34.84185883895889	34.89078800165167	43.62820891365657	36.25538554535981	21.911474261756137	34.53832043455663	27.42492781784764	36.45391641295472	38.456000134047414	32.199308749548884	39.71007931220323	24.822417405574132	27.055841990918278	38.26711969373666	19.88627520849193	45.344220789042325	30.451781382497927	34.631635319632906	47.13065083984284	38.015244887926	35.80548643821348	32.81246700571783	47.321049665574876	24.530694011994175	23.278377488985694	47.71286543998324	29.713408161299167	26.570672079490276	29.847385192705584	43.60536184806567	23.10902695735718	33.12761139351189	37.13521058217171	34.76781508927626	27.443030947503637	28.00134990985224	31.89480202976595	33.016773433012474	36.60971673851429	39.33815024358452	37.546835563181226	34.047600102721105	32.00038153409378	34.843410322178755	28.41360596928791	34.66567800272658	29.35697776444836	27.181645419484067	26.104101394064784	28.709767422244983	25.965338014143637	41.585784449284475	38.2838836539205	28.60685007136888	32.437211680696336	28.30118440230537	37.68016884279065	29.681640940624554	37.392070157372856	39.11183033692114	28.61465123418118	30.30228991548705	34.077025671663385	30.368649385782224	32.95050633455349	28.2958782959319	28.569363178245926	23.18369286937842	40.725180434644294	43.95027550419517	28.54174607815173	27.90953678054876	32.094616976769196	31.157183358932294	23.805491935354507	34.056997164048134	36.06618158369772	27.083956528160375	36.8546033358466	46.47466854047802	39.711653763604275	29.428586667912207	27.463991917823762	43.4932198346666	29.230058810052487	40.90430293955292	29.50786674218095	32.90848654454153	28.8192235283847	30.239379481112294	29.885475085198575	38.443200879690934	26.21812093931671	35.938683584331685	40.32753014506755	32.019917006148816	33.212842317418705	28.62555645672414	30.85145004030017	22.981232446306084	40.47501622290356	37.435434861338415	30.750782817689117	23.207716773672473	28.73330414499109	34.3416227362128	31.719969604770647	42.53558089462244	41.6005752592251	36.35294762659943	41.703360451715696	31.449761719250137	35.820411300989015	31.36528365256745	25.5317093540371	32.42892262598948	26.268697313377505	30.44537826098941	26.081412430084484	40.537311027619594	36.32549763522601	22.35985269353258	36.16495990579312	27.87158933598386	35.44952171732308	25.61579425430635	41.911815786272165	37.760112250659944	30.390982687390963	29.425263977020656	29.69434756234029	26.27202984979449	19.20687304853344	35.32389048661943	31.62145136767096	38.487863887561346	44.022980768275616	31.654427658381078	40.935706118018274	27.903659081960924	31.34635399145178	37.224561292800544	31.745778718832604	27.754620805837398	28.960299336272758	35.05204708673406	32.00366543059916	33.165456603823706	28.87949929395713	24.47232838690981	37.16511945774069	33.619499684715876	30.047180936104223	26.43489287988305	37.10124489481264	36.35235931829034	33.86266035973251	32.623566546117594	25.4993407273908	38.082826177647306	35.06612728893196	34.58443828165219	26.79998105012268	29.138423405166726	37.03493502182358	20.37904402025823	29.092055703655383	43.17819418992469	26.673654091236845	28.66965896039875	32.903465513779345	34.42623871427021	33.907787928378426	27.560091062539378	29.277129755562466	30.312247421635448	42.4014020524051	27.612025896566102	29.92810103030839	37.51900426767282	42.569914416043275	30.71086741512923	33.57505878415562	28.635658257426925	22.700040455689383	40.177902268389886	26.516572222345008	28.610612238749837	27.50948641261072	36.210957084943324	35.73488185800284	26.788422005048204	30.72017222938455	31.192054775440624	35.64470204344892	33.47325925063496	37.3905471994546	29.047783593408568	37.26757020813836	24.254085963838182	31.00791553823751	33.10836828840352	29.444389241969628	36.44067404077876	31.317904577881432	44.61014064104603	31.085336030889152	41.68140915773954	30.9739781196418	34.34475294375321	36.98333964789768	34.855551921207365	33.52418223667018	30.164833478854447	36.67894778733464	35.868002090755645	31.91859476546705	39.23680082541543	33.75640965103191	33.68238379609943	35.96486940086849	38.71685752639271	32.33799616458886	32.06337128673777	43.68169161347937	37.706204419475974	31.048062377789908	32.23685122073093	36.868946938498354	39.956482215675244	29.812962412330773	25.692660641174623	29.011066210326614	45.62568565454383	28.993903036908907	28.697226331820563	29.07372551830613	19.9909305852181	25.138190055707742	31.173215869122888	38.760173396663085	35.948851102748655	31.28298820660729	26.567274371901224	49.47533021554422	24.92294941176773	26.896419959644717	21.7160676511737	39.954088509602414	34.10812530133485	25.10599850987954	26.071039893077472	18.674803349398417	35.06079569652139	37.87903959613799	35.35105374981212	28.56828301436447	28.957948048372472	25.363946575218268	27.674121924917266	27.812737860377016	32.335996995256615	21.142555607001473	21.902978390088574	20.663782767755745	28.440395102449394	21.824865817175642	29.745233417654315	30.99942795817829	30.618865318840403	44.321033584312346	24.335915965800357	33.92267258467987	21.797168253645975	31.383036660744562	42.204446711669206	26.243637397964697	27.617635629892092	27.825621390812493	25.53215410855334	31.467701434736515	33.07235452929462	35.34133488050484	41.00640050422445	27.261392300643404	30.680732648928416	33.72565015329175	44.34443258893611	29.863610942601202	31.278345297042023	32.25060760141011	32.022211546629244	42.860933926861534	50.04400980440261	40.070596404471516	28.894127372816182	24.71302216128137	32.182608396099106	30.913920772919614	30.946332454243013	34.481725409305184	42.02064018520663	40.6106795479473	29.698329695356428	34.04827711555916	30.47355611249486	26.854333548326224	22.847099607008897	32.87452040202038	35.446717293527406	31.796549836715986	30.628664651074725	33.248375057218574	31.512214150433216	25.169709426432387	26.285954462314375	35.64773731246573	43.120231409845445	38.50059135985117	30.979251246661494	28.418787199641237	25.60750930504129	33.46641523729504	32.550770033411766	41.04597848441107	23.750315386582198	32.50955306401674	29.640769938037657	35.78974627795919	39.7534754712511	35.50057149837638	35.45122791707117	28.429209238164898	25.748937454319684	19.538545401442583	33.88519887538205	28.256322507583857	20.540441162108348	30.63563643559595	32.474285188485474	48.259022442179806	42.95461495978209	36.85057524312673	30.304618186863866	33.14283465636366	28.367195722319526	14.00800983429531	33.52326576844912	35.73101060112359	31.925828840549737	36.232636451999824	32.36172951069712	47.952924497614056	25.92580387359982	33.363846685561505	36.18810199818191	39.57048424062132	40.11138628492683	30.422154432539127	33.57438504869729	27.71937797224361	21.583889500891726	28.7160946445578	28.253464514504948	38.51251232570637	40.318344579071386	33.44684204291746	38.62704141656415	26.37444740716487	21.65715602942743	25.696877895229044	33.1799426153952	44.38352545718233	23.867429833056484	31.41135991054307	25.556037086757744	24.53668668777436	32.764558516958004	29.009108593712792	33.84281034125279	34.16257562407973	34.16736289949111	25.825393923331706	36.19799374337399	28.23491895839898	32.84344296522685	32.72419396781596	30.43822337785257	26.080873837157917	34.44049567263059	28.654899877416614	16.648302154295557	35.796689741372404	31.838931793223153	27.027644609374196	28.780061434221903	40.23227254087564	30.3642743360567	28.06053920887335	26.145811255053786	32.376142022841755	30.92041162783058	28.56166638532351	34.17774929323659	28.607521150880768	40.99132098102283	37.23968440867499	29.338208503729444	24.743519424545507	39.784066521614015	26.90711510848009	38.539848983237036	51.27993839610901	33.423671572242604	30.38775550577485	32.4004597587515	17.740652056886216	38.890311113722085	44.25256598681403	26.362241071083933	38.72950435205749	31.15295453685063	41.90915643098261	28.77127151174693	39.45669317264418	28.25314575783394	28.678030139221374	42.50321613512707	23.15274424944623	23.06682638150087	33.738365778833874	23.944566811636097	40.17498733945155	35.04437542030615	38.66383337361158	38.42456068376993	22.953425529677688	26.07936583236908	48.87053902197414	43.4123035396316	29.38040979720048	35.4849874181173	30.36927610194075	31.885084315307704	40.6222219013513	34.607199443755064	39.62421269321452	40.1206825288053	25.216572399088655	34.738369340922894	43.09718223367411	32.82581776451723	23.06039489373951	35.3735765450242	35.338550996943916	19.660762122506934	34.15971386954008	26.682616020959976	30.94928032457086	31.907617513919146	30.388318094042795	25.95558634831383	30.959965540873625	39.39676327373595	36.14878411135523	37.256504596550585	40.98216257443783	29.677158867388506	32.6616277982326	29.653007403614772	31.052164339799347	29.48478548713106	37.25627579835905	24.70396028243926	41.86845644545427	22.68876076877909	30.291536085883017	25.224743409998148	31.964082927884455	31.377693592809205	36.02173644116155	30.02868610258561	44.423777607820575	31.83242322848563	30.107338197418994	25.53072113205482	38.307610223379086	25.73288986680142	28.579468298870985	24.25885123224606	32.49430367255664	35.41127299058922	22.825494050862897	26.93215541350492	24.934119721567978	27.801634455824292	33.482145072988	32.67020272434081	25.029035252238458	24.27335995344286	32.74642057928305	29.562134591108506	39.83954529492277	45.92653992382352	35.382147873029886	43.058039632997634	29.077232779102154	19.585289149320186	24.46037151212147	25.74626807846049	30.18733127694684	26.78288979099247	21.07310231962287	37.56998434310269	28.360328752086907	29.265495824664317	25.44777868995648	20.20417585597531	33.592639033428455	42.214633895445644	36.64199613453654	40.130789902111694	31.44090735575509	26.978398680277895	38.12994755810053	36.57692717064193	40.5326172997144	41.58251831733186	28.74252818664243	25.661860829285693	30.288216098898662	33.913512124666276	35.811393998552354	32.751944069461196	22.286013246086615	42.104405992387	31.289114939380404	56.80720077703012	32.65909942395668	31.54925944251245	23.614104386873038	25.385808558478313	28.806925355210005	31.753541281319723	32.929557109730176	29.79297663926568	36.47122112123152	24.217412638730742	30.04504764631667	31.60103901018442	24.174362060381814	33.14644251743824	28.14279650937403	30.829399391673387	27.018437861723296	35.58117575664929	28.406257569823694	32.23748654014195	36.88721659609118	20.546575864731167	42.45017643320811	29.632019655796768	26.31182751712116	33.21152604522596	25.400350934496878	33.05874184061528	48.06719853822398	40.03224072085117	21.897470452254606	34.32413309856799	28.602201332844466	24.249241310081338	30.550642136921173	24.49805243038664	26.910950983358127	37.000304074643886	32.73031841309807	42.32676058121375	27.194377592754357	33.664480964631814	30.2750394053851	28.655170541974886	38.96453190816496	39.37113564691892	33.02310203492392	28.50220610692462	33.884641249863634	41.89667903951998	41.68802477187134	27.591645999290485	29.98622564324489	34.89891417912799	27.821447340817706	47.494446803972124	28.690083094277654	23.426826928045937	34.250394466160564	33.09685587193733	37.325584050025356	27.780174125019354	38.02028848858932	42.567506164134876	28.814895532945872	41.25758463099165	25.206605179106866	49.42489541068323	25.73952915630681	30.734416422473576	18.969230349079826	25.09496947984762	26.543534074590287	33.50529321779814	42.31814574033218	47.957651379470036	38.71181663736484	34.40144143589611	32.040871503886386	44.90041792806132	36.13482605364924	25.87732633797867	38.20491032416454	24.799323817957806	30.35014985960339	37.988220029248204	49.35537747397755	30.986360711916646	36.886802397322995	25.251042528976843	38.032655928544415	30.036221627705736	35.334590871091045	30.045985442541564	36.062321690837884	24.56422576836211	29.4749133459179	31.147198851613062	28.257823627508632	32.67591005762434	30.385794384701533	33.496003324181395	35.455766928557836	33.02026521192982	27.62715588859964	44.56661601881867	26.654052152182075	35.028445219663695	29.50309301383847	41.27338975252655	36.07860929818014	36.43183878338047	37.692939399722455	32.74260565746326	32.97552784608009	36.25367612249543	39.88548942141404	43.94940949526932	32.206217727519295	33.768643567117174	35.06727051093307	35.64930581538709	50.25422013248369	26.615244728215135	38.6125043548056	27.793408972165395	34.47170886104911	32.508191286644355	24.983749723575386	40.68828335322805	29.012714600807207	26.166387631594393	29.14812467079827	39.06786986076883	34.585730488432134	48.226618986846	29.1046325460564	32.18222030687073	36.04109291485852	28.557143563481745	33.82627195043949	28.8423558516628	27.153234780520595	21.918847217921446	32.65413748854566	28.454696415822493	47.18450185165806	24.605008241915005	39.64429175643025	27.921191942653643	27.50150820164918	35.27555379711635	38.54849579592574	31.691083024778187	36.1839568027892	19.972887661481817	33.681237756130905	33.03751310253166	26.361016064057733	42.88867093848546	35.04606740449523	34.641679978990425	35.414010150323975	28.7477267782959	25.25036610417273	26.80903960714655	33.285683464728926	39.9916918237709	27.36498473724187	28.868715583506205	27.087430678240022	29.57221360009721	39.79783991612926	32.85121590932274	32.935114932081	23.148048200785368	32.36719739897936	30.305408174799023	48.01338383334629	41.085623569067046	31.96551175206773	31.236917565276237	36.42617521474429	21.65294257067999	43.350647142261124	33.994473999436295	27.195270426487056	34.680713831584434	31.155760199559513	32.64601473377477	33.20728749134277	32.79584077642759	49.70667448809912	27.932342865601928	29.456805889379034	28.035484076550524	24.78255766577584	25.659374648866702	37.314786763227964	38.783378328958754	31.418170136614112	26.566387397997932	36.342502712576135	36.246695644350474	20.787293292580358	30.306954830120656	28.603820910124583	43.3753954704756	31.23179882633912	29.46262174425529	36.874191746580436	47.374904363205424	35.84859585580784	28.812178761994936	29.76610747291173	38.587482701609666	31.585122366610637	32.25997002835907	27.754593918267798	32.31305436376944	33.72398329208522	24.90511926760551	51.73248494468043	29.907498822846478	25.84227115535102	30.708567355040564	30.318314338741388	28.47020711525604	33.183451506768115	25.133464774911623	29.13499966978836	22.39550753959603	34.9040783018215	30.203611948365655	27.959676484265756	32.33802696987489	25.01805473545784	28.7262098025571	27.368991434707528	32.47541280406297	34.35116156704396	38.28864250156488	35.045500688469566	29.234104434197455	26.160283507443825	38.711275725686136	32.91587120555617	20.300216008222847	32.161888673933035	32.44545180402558	28.340158656383377	30.491536648955954	27.74636872042615	33.40546523440367	37.56822760680063	28.27566039220964	37.92358534598	17.2924632239429	37.973855247133855	22.42428391519335	24.186050078752697	22.80905987969104	40.76332268261214	30.717464791037493	43.742200767316845	24.914760215330286	27.756041656123948	29.637922211185135	40.218171643359874	32.33324097936068	27.570866536260308	20.3620086077143	32.174138958915144	43.29696242803405	36.86100462422859	41.64307358122222	21.807756427179427	31.33380848987461	32.88410529673936	34.848883867407324	21.729440728976847	24.556402542743403	28.06798884660095	39.29710455256199	33.10666510968006	46.171463138319	36.160893449826794	36.84621773844172	30.809128734829102	27.474890917667622	24.764885243662313	24.896162125317325	26.44338501011923	39.82179044726907	31.536648157423997	32.866816468185874	34.95261976803963	31.349762926174897	39.40251804398601	40.39581834262226	35.18309016365687	27.90510011490958	42.16323897327232	30.578479920498875	21.817278394173123	32.04819285426675	34.563847656843706	42.47477853236791	38.0254684644765	35.556511133058606	33.15004807227971	29.112080824830485	30.42316931828912	35.297058874160086	29.86934179749318	26.340671876644237	28.662630748769338	29.25640528266151	33.84858632873439	25.54582960665471	31.858651166515763	40.06091011726055	34.31238400151847	31.397485277726403	33.95704176431616	40.41089885654992	36.12280462770094	39.70951029116966	42.26256629567182	35.070414199179886	31.092158748419482	33.10599654781596	32.67820040157253	35.773924314537375	32.40187621990216	36.580086454758074	25.334391931918848	30.549780454620528	34.94529187168113	30.12625419892673	30.396553638750852	33.863009371321276	37.72677690081584	31.27406406513655	29.232498362167227	21.818630175265742	26.69969931094215	29.56769667687443	25.0964513858288	30.0249359762988	29.91700405855888	30.148101028154823	38.07835288087708	34.9783019822498	36.89933380069637	34.75837185027669	44.795512443083766	33.34938119093882	24.65455615199935	23.728564971667897	28.293775049343076	17.3395476300906	29.41875963718284	26.70939063899039	35.24158961010437	31.59829063578088	23.752369211810837	31.237472722738655	36.84252963856036	40.17177632500869	22.03610958196653	41.3411274947523	26.997784085924856	40.354879871703865	30.78886097988242	39.282628882312835	27.776756205889438	27.7747199707127	28.951272946692782	30.75118015516857	33.49862146173846	28.643407634389042	25.5182348704466	33.799264099829614	33.070341699243194	32.68153769343164	26.936716660895623	30.59658145441022	33.39363615670148	36.28525857678225	29.49012226709809	17.794630953305926	31.051981619767094	37.055024802571744	31.017809134860308	20.68299932692454	32.3546722700717	28.0557627041132	29.829172874502664	40.423166809311105	28.648730206780538	36.335332152700715	22.740237182468462	30.59857842924659	50.42618899306549	29.640195344320585	34.30633380333802	23.55985597986564	30.01678571621823	30.67295833176748	33.68591804364487	45.158256394536686	36.59068809851075	43.8892248931703	32.15871013831717	23.908705743826296	32.534509043581814	30.940344252658527	31.473073164556027	17.7726148770823	37.83256717104867	33.95206739803692	41.45208730925352	19.72334694351066	23.56150090102923	34.27052496236647	39.47957323961391	38.0539516705416	30.196451625380963	36.800422562843366	30.01197438253803	39.27093263614297	29.54243353740791	30.844861219100792	29.76759437680949	34.79063988960249	31.655383434203276	20.345599650757336	39.64445975902912	32.63732035310761	25.304373436573886	38.14873551850075	35.882515764512156	26.851420658841	26.65292951659754	31.484522351480692	28.80291852028866	32.310599065751816	35.449149385200805	30.516348768431538	29.346104064977464	32.506915395597005	36.16645712787967	30.50907531694187	34.77985505623652	37.478047342229004	33.18436722604958	37.21322364145689	35.35793086986055	34.02405020551263	24.77321880615439	24.06926395328779	40.88249473532985	31.472617397869378	27.870010983111456	36.33890696434488	35.81515186895966	31.71262937337911	24.360188468443845	35.19955014046728	32.441703025675714	20.540039947694844	51.62506394678569	37.48591888926144	33.681887560213106	27.833280657051137	29.116541023999336	24.908225174711884	31.318315173081555	28.97470261497731	27.736308476596342	33.26552189670263	41.512693399237214	38.293849385010816	28.75413642994532	43.617683673157536	32.96156939629417	28.470537196768344	40.12019635476269	33.602224245294686	21.860632365351016	44.583434959200005	33.173579038729294	30.150724442205632	41.31175974086511	25.287249662524445	25.632611200133642	29.958253525037648	21.979354742279625	23.153145957096434	30.261829453609977	29.52619494974602	26.40499525278359	46.87411968203406	29.649724137666386	24.5748353479736	35.238331045089616	35.84029302731347	33.015224571667794	26.79756563017917	37.40894742379154	21.648903862743982	44.61762010955268	33.67910293418815	25.927174413251656	37.15378172539993	27.608415432798868	35.58083577650732	45.01066505858171	36.00399754676569	35.46025032639755	24.55349811560861	33.14132140428276	31.537795067143367	28.708216860163084	33.5156384071803	45.15990297356819	30.12049346969668	29.442775844004835	26.374321715089753	26.07967284158939	39.53493740786464	26.643323827778715	33.67913660197351	37.740236271963525	23.88800477124387	37.30316692051525	32.702085363096174	42.774399855499965	36.931509294377484	31.251475065745385	34.463776256328465	25.222840454918465	25.256010750518048	32.14768274410906	20.847502467779137	25.54490821482089	32.79658607372182	38.26992271233579	34.00263766646215	33.49733301680335	30.801688647416235	27.93886332415355	30.843193488884058	28.2269057405532	43.213673148225666	38.54035659637109	26.71454478446476	41.35006195209494	27.914057284091715	38.08122854024801	44.43805247048193	37.00803286258435	35.84123779012113	38.689319707067924	33.415688823819785	26.435414842818876	32.472493384597364	40.071226655955975	37.65554593292588	35.63617898479761	34.98955782654121	33.154151793870966	28.462031337519868	28.539696178728136	30.90086787888057	22.738299194745608	23.822728479362375	21.74251003668046	27.266891312543713	28.545654681015662	32.1993046440996	39.81528210388962	28.523591278871116	42.707673179947136	41.65813075756636	43.726161523576295	25.719507975805005	24.1296542300883	39.09146998911946	28.848109703345724	40.610229796397384	43.99721996252628	34.34006029934453	32.76311123120717	26.040733474497262	34.918766349492834	32.61471234522155	30.50792659257872	29.621066175215653	26.26665817990953	26.15424683642075	36.483645055451504	37.003184445659734	28.637629689001503	46.35664938788103	45.67596087742866	40.75548171656127	31.82646338577663	27.500298846128416	29.888857598145314	23.060304364213728	26.72290077376417	27.73397461372194	36.73021321303051	42.520710165535874	31.70506142523093	39.07868837498873	30.612496854952994	45.07545104221898	30.893117153398148	38.11703729351303	25.329798090134037	38.11815853873662	34.769776945822485	37.661678845362786	29.314896179098724	45.43830075135304	37.97216996126447	26.406272259752352	30.48021955231608	34.57909767293863	31.3151329762243	26.166061502209587	30.732661699087526	22.81472129483978	42.70108355948245	27.41539992910287	24.829752205701055	29.760126204104434	41.41582672253378	30.510186766768243	21.943975269468865	33.97898870522933	25.667907832362324	28.428110270064398	38.61804257822892	31.791296839336376	30.6584825024811	30.509519260004588	33.35122775088651	43.35838983770653	23.206725727585557	21.055458197119936	34.08936336345103	28.46947392714698	29.12489986347678	25.68320347896949	26.91816346141357	29.309706002473746	25.8912502059702	27.952103066286604	33.7003228362811	29.898364184951753	24.4737077991645	33.41516225077969	26.340060753051553	40.47414379753618	21.474031837437906	30.001144641466162	23.382134608332965	22.812211893299256	39.91230898742865	36.99588758469619	35.42974717581273	42.439349785640395	39.25396036994935	25.802598857114706	41.976457185845966	29.523527678485124	29.296792322853737	37.85891303937551	40.338721277864906	31.826714018073176	29.1196754338038	24.631658005138515	36.35557354896762	42.54639021111786	23.15941556797771	40.27511974597911	34.87392440601253	36.35481489699581	24.099609568853666	42.448808201413975	44.80853898096612	27.66437842853634	22.707158388349516	29.204432817160665	37.16976320005716	29.794549981685574	39.33766167100586	25.48213657763182	32.669743029948016	41.22740573318887	27.43846827283821	28.679911757080298	27.237339757568204	38.586923977368286	32.90915882759756	31.263055163590444	34.55844595404674	34.43211551280291	35.16025713014087	23.778796220567948	42.739651916141284	26.974398716165553	38.58584665223343	29.020135998105616	33.570444608186435	39.3502203135698	36.68180073265398	27.4924593524021	29.390593920642537	24.632348792567324	36.30761776916849	23.703170775669133	33.358637060867814	37.08585105154207	25.295763800363165	27.700951239670296	27.471456410693595	30.475189896576072	35.68712662891041	24.679345509431837	38.77245423819623	26.68764026792498	21.626332224513003	36.10954995604131	37.496897619450564	39.830152610867536	34.56716079779147	34.17038391545913	30.873879793609245	29.533879629125433	26.890145340080593	33.234636084674165	30.283640037593997	33.181024524328905	28.64829477102116	30.66435513065006	22.92414595136546	42.78814121213646	32.02526684426287	24.19792351124507	36.59595328395804	35.20030210016238	27.125416293299615	28.69407931038882	33.84947673517387	39.42373600214946	35.869575360788396	34.61648413863248	34.766223552108535	31.188469384782458	35.41320649742108	16.45750584202802	28.175251826782507	33.595124269522266	39.00190839344006	35.19338831933642	26.48957909091709	31.711779160469693	25.29061896703388	21.88075239280241	30.257488607036812	44.53842077078862	46.92973319957355	33.10070024658551	31.415659453789765	20.334831128355827	41.88285999492414	45.916041272379424	28.881771068212284	47.25626814824063	36.795405778297486	31.77881846985002	29.8917399890404	30.109137724026052	30.70159692455307	34.994172386112275	35.61466917293839	25.456626635135002	32.47869515949805	19.636193216507	41.3732023099992	27.221513708143988	36.76714560361561	54.35822684326861	39.244877167398215	28.20903414496138	33.39078928282804	31.137976846335086	33.039850227703745	35.061237982667876	28.939668611905667	33.39472786748568	38.596592078485365	34.09747299038835	38.76904586346789	37.361549163659376	42.21186044050758	23.67277266420297	45.276166929446426	32.761296319642824	41.08280899800344	33.973934974011215	41.49264508325221	35.08678380198095	24.95928553374539	23.910266459481242	38.00581385966029	30.95225122503546	34.35941129928628	25.62040729568568	17.38681692900046	31.212142885865216	27.320170115958557	33.34488689201614	41.76762385515687	33.650227305404904	38.90669268643433	34.58575186736177	43.56814856134931	35.382194968606434	33.25446396700367	33.94082502132783	46.11836446101667	32.94973100926188	33.34961945293936	29.195298033636497	28.084502104810216	26.478393838961043	34.6804791625983	41.38302033480598	25.411835846807893	30.111199433395154	36.485534017663475	39.774733662582484	30.02803266042672	32.004906892995734	35.60366166289179	29.969200375031672	34.240948061645724	30.770566996379852	39.339959432304305	23.830690528686624	29.986703172889428	29.257540320862898	33.809053757854706	40.44432124388239	36.79624271548922	38.75331331612632	35.115037486540146	20.847779521532356	35.57194397440468	47.182366425261606	30.975952631154094	29.055421219099653	27.005361656922812	30.27593904094275	51.4194375483592	22.44850469827875	28.100501085783826	29.394877805732357	35.67732353752974	22.896114519551936	32.072694292642076	24.912349590201607	28.86186246583532	35.12595983937548	30.12597176900311	22.18482596610336	23.022475383415273	29.58459214552767	31.57345008240724	34.46973222603555	29.213737806889647	33.18615533164511	29.634286199958247	27.145193080094533	40.63188884125141	44.77968637810952	35.38760082860336	39.30443458183336	45.17872952890739	36.720308396737195	34.185788397777735	35.736627271778154	32.36227113365758	23.845030466250147	39.93985806322363	30.93721977661275	25.93635164194103	38.9299950786437	36.70105081839293	24.75578320056209	29.66655765321403	38.82932210302441	27.240501525123626	34.596162802606415	32.58837544369316	43.81931229494232	22.80107055890666	28.992989896564602	40.00879241135599	25.23879796538002	32.95369531615867	34.384737316624836	35.11132992959335	32.74694547586944	33.42000415163236	31.614181276198465	30.774610670519188	30.14647757485568	33.36000994865833	44.440162010045164	38.11787256182324	38.9525357915714	26.83450635422011	20.219815938020037	20.845837063157983	24.70407247825946	28.678951306038996	26.798323610430543	33.36684032964932	28.628298629379213	32.69696555977621	27.986740104055258	26.89443118951293	32.14637094066119	40.42992296530444	35.429136462830655	35.04072224524989	31.607991427951454	33.63896453699656	43.68008868593876	25.091013027996713	28.892396206000246	34.83399732282724	28.246797067477612	33.283626681351265	37.942269872483	26.11016967871251	28.524260451209045	40.774125172484936	41.35826779949477	33.40505675192201	33.42657670335172	21.598113113998476	24.867848740139916	35.9027066716049	36.73774065112317	40.58684400096825	28.337577308239712	36.973984519269585	25.95182784153764	30.303052712419326	26.75929569885327	29.22343427265249	27.11668683240129	29.177536283532625	30.18520836680645	27.24460651286166	27.75770735326388	25.386807014222068	28.735054648811126	36.280929948640214	25.703414761416784	37.29460509187735	31.391378792728105	26.877959210252364	27.268027258979146	34.060644235730045	23.9065881130441	31.542879914932666	29.923864905058124	31.144426534422525	32.08170149186062	29.659565716808384	28.36006535160983	37.41688745601381	16.969478449754156	25.887415248969507	38.06501319305963	32.1297926720493	35.48603531810786	34.002419873207664	27.355238882148566	32.97546208302502	28.51404521962848	43.63363350717002	29.25357913563483	43.424210847969476	26.69994353409349	40.11590990605624	27.62071373351946	40.01557104765184	34.28113009330299	47.70730993073454	39.91764524217454	38.159008027618896	28.215713869893435	40.32377517122158	29.446253013815717	27.82382670421989	29.166418384104354	51.23195447252724	27.70150996189108	24.28770419693778	30.422036560109454	26.23503151168064	30.32610278983984	40.20268761677975	22.326890412882708	32.188657828985676	27.072240931739078	45.60911993989361	29.866807711530466	36.45891096313121	31.572193293885032	36.81206396028918	39.64388873475413	38.83647643361053	43.47526036481269	37.8926676648684	38.44879145350811	23.310561109431944	38.24516017140101	43.70927613710189	21.962656047582197	43.80111465898508	26.47581630910842	31.014008090756207	27.369379709688303	31.288704720901425	35.37414410366799	38.125974365179026	41.423150836398825	37.624943125702046	35.02367443015286	27.784590813353244	30.02685640368619	26.874282667887087	36.89999257584505	28.6996474860943	22.868389188093204	37.89722956383437	33.15421508682437	27.28556242014931	25.666018000485668	32.39527189326072	21.477987770352883	37.30423550862771	36.459462957162344	39.18733332589369	37.89602797792644	35.60168427513972	20.479017891511933	30.08230546839531	37.34991584459787	31.22346429972044	34.81222268486158	37.82062154019405	31.749676944305744	30.16849316898901	26.226760648356187	27.589127044917333	34.61602076625604	32.88273889233336	40.08418261113703	35.35226008700659	29.078380345124714	36.905036297664864	34.24101277975298	18.838185202293616	29.882907630897996	31.96120013050452	32.371977136522915	26.446177221924415	29.892926993808675	29.735649425559707	35.53208765934712	37.247039708263465	28.481449933181377	33.09534354641495	37.916602708174715	45.043003785503224	38.18264926184286	34.648779276677836	43.78845191089253	36.12211338418252	16.73767090193854	34.01319945384041	32.97030316750231	43.58786677167218	27.157524481520415	34.22027532405488	27.728315131046852	27.79687165086891	38.608816161081776	29.236242356439448	27.488688183878377	28.401417886016624	30.637466311799503	42.66179963911338	34.18232514064382	30.45489381207781	30.703012458466226	38.385506880002	32.38074061204792	37.82788362776832	28.46309687428392	36.93019316368393	41.8710736938158	30.24617467492625	23.306418414909206	38.31664339744626	43.11113193037436	36.429782653350046	26.75142227628158	35.24792130911867	30.0400370157388	34.07792701718984	36.17172339958261	27.38376250274296	34.195792732984195	30.635470309261464	25.742018794096992	28.30311958705606	35.32599226835076	38.62658260061211	31.9403523393834	37.74620640870868	40.6806679262587	28.55581177772132	31.05476158671566	25.634444075682097	25.5451039809038	34.8944315493097	42.625742967277546	36.8283014325791	33.63084630601718	27.498336876623384	30.19179835190622	43.98659154963676	25.931373269707493	20.216376807773003	28.308720633263466	38.43334423762064	30.344096723883	43.673430784686815	28.44309496351166	28.689332244706268	32.828070592940904	39.57991330088703	33.72095639075997	29.736795629622364	34.71937766993138	32.227247498581114	38.341922674091755	21.94881143512986	29.511086742191036	39.19922012942961	34.41154595000687	43.36928342383781	35.76342799239613	29.4467487164862	43.04397728316016	33.04306408065027	28.20249281201149	36.43186749399049	42.753951044240765	21.36980461992603	40.98027620821111	28.540867101152585	36.30233516397332	42.38882059867313	37.144715786711345	33.92817012964652	25.9096433657215	33.0070393325787	42.17977179969639	33.93150104114779	30.147390293900834	26.86992960354386	20.61164873139952	34.67822097352854	20.814262770252782	28.277931063340368	32.43449384211732	31.879508874498143	30.858822042114603	25.76843196974283	22.871166667386596	40.289374642746715	32.581754760013006	34.74684826825674	37.03837738779094	39.84644974751982	33.25524500268774	49.161541917720946	29.360710798147952	26.132780550613674	34.5577607682517	24.47821634484049	30.463490948863615	37.90873160932343	37.88305605227578	52.376982979150185	25.81516178577749	33.59960883641777	41.060695766360624	27.06592948975019	24.283948423526596	29.46985488868147	35.02279558338031	28.28597649184046	38.98227194791728	28.895084573716204	28.505250136929977	31.530786834698613	30.299427783990392	29.743162595370592	25.415130218284908	39.16762028801678	32.034168956208255	30.442772423746444	26.273643881967416	30.47697105364435	26.58900962413616	31.30786197755747	41.23295225598885	21.317898574781104	42.84373645373179	43.98290218976379	42.940580482657495	25.59048162498623	20.202485551087708	27.810935461426116	39.07325479209169	27.379385940633433	39.95926464173986	21.99657774832038	32.50175095631616	23.241050520798034	46.13976275758493	29.857427710207478	23.680702404548835	42.59099027623282	46.781705758934635	22.35770872211994	23.999433400920392	30.81256739542071	23.765251458174173	22.308687009814058	31.77755254716341	26.612298385429295	44.394151083295036	46.52329552534091	29.6585091924195	25.82946170561076	41.07288107764981	44.173497138843025	43.31075475008448	38.06280184819544	29.362509231539445	26.362358072244778	20.343633792704466	23.820033120744316	31.185141783850593	37.565939695925664	26.562022566629544	35.51499460449799	25.008150539315718	55.386982408099655
G2	30.21602075800179	31.80686475950622	40.626215596741815	29.44336611048202	29.88426993286821	31.416857695983957	41.10743324941745	33.64761947844186	40.36530094779202	34.61929684245026	24.51823533518878	28.082250607504072	33.81154182538064	38.995089595756404	31.854141458541008	29.23081126734733	33.56960576393667	25.96157382517143	21.50327509411112	30.235680481831615	35.16275397780781	31.058012377155904	32.866517484264385	25.101148721838925	30.60497081477156	28.030184074037333	32.2899536568078	22.56353100320548	24.7919143208046	43.70808901368199	33.635917702126704	30.968279489564207	24.563779368484067	30.109122486301644	32.520906037526515	32.60218710456559	30.665887678719525	31.489232131751688	29.124101029996655	28.480242952806837	30.5832227660095	48.47582853487379	24.807437065328386	32.4985878900941	38.751779658539796	28.83558001738264	33.43999171352134	29.60852860409647	38.715032001612016	35.937356006457	33.9680531727235	35.96710109160437	35.340159707399266	24.533231224698895	31.39640334243076	33.22860754760956	36.0627090325789	41.70365749845404	26.33489404389247	38.4734820448545	38.3343627540342	35.291839753955585	38.21130963125754	35.66134745272329	26.241640114990133	31.235374127561073	38.60032267269453	32.406188551499724	26.84469841550928	32.19224080426625	34.17750935653062	25.29263303955512	30.231985969889177	23.43840593632561	28.141585284907546	18.159314839348728	37.68636072996947	33.153743961410704	34.56128937600765	31.497225844057734	29.44107371695881	29.749520584765058	38.012076312971686	40.89232687045274	35.86275600131809	28.852224801503223	33.67111418734246	24.41042414267918	26.690304943291117	28.84113124696998	30.579311319953042	29.134824250384828	22.796465044716605	27.785787823112187	29.599407885421023	24.904770540019364	30.855450010013787	34.596221127088896	32.678644012496726	29.18153942149973	34.50372874350318	32.31620765393614	34.71194620563638	36.211364173951566	25.58743428980794	24.90781478533168	46.59291415524906	35.857080806361935	38.64485105537723	34.78523852533983	24.9131310643638	28.44421582267005	19.445525253144364	39.94156612855664	29.234143899856416	34.01633006525453	36.207048177972126	27.1410193983159	39.97562432140333	34.06286201442257	35.17173546287204	32.073443848970236	24.72905733376363	27.994574187402222	38.62083894537517	36.366381288503725	33.58729951317569	31.38212918461621	37.057192655288205	25.614320918455878	26.15146867947905	28.423006253342965	27.44765773194857	42.43118201976114	29.642270589789927	37.92321798591967	26.013403641717144	39.69325740673096	31.713891807277253	45.47500214749757	32.391624256459316	28.4359082693052	25.572743114219517	25.799548574951572	26.30186358959318	39.593058164860906	48.735559684117504	28.920795320587526	27.86414694149286	27.154028026246955	27.821992034939797	24.642913603956774	39.194170231436345	31.28884252192305	33.24851907636229	38.200046762183504	33.778149644719306	30.136318987109792	28.068726922638614	20.830476979684626	35.35315449550905	30.469956157584708	30.543940474606558	39.37462179860022	35.263854535840274	23.506338270469858	27.417706806010145	35.51147340457542	40.456398058843085	46.491412152718496	32.77501688425808	31.11838847815081	30.490812690113614	25.375636605012065	22.134455253085473	35.848598427419084	50.13178356146781	31.959248218708264	24.445205142533798	37.90163128190041	33.04409249928715	35.99285475074477	45.71668290548929	40.040929562926884	36.74208453787219	37.76592342442176	27.87705725958988	32.083668524275076	39.8068951892472	32.85891926254717	32.008199743419006	33.028696857385654	33.031808501853995	43.556880091862425	24.95222487316336	36.368824335381035	31.67465021618434	35.1536534232637	23.964481836267325	29.456599385538475	32.85278380222374	29.090792576091143	22.752089860124094	36.474343168739004	26.752919652576026	32.35170517963371	40.439463016332994	26.356261719251066	29.138340640477143	28.49785210449982	27.372903145835576	32.9789081032347	38.34818138176766	32.43583558841422	32.20241677718064	38.67038512736654	24.05123363711852	30.877596697313358	30.364202035788267	33.197482713993566	26.541545126903912	31.86527486975011	27.19872869908653	36.43254877214734	25.78078950133133	28.186177178823048	46.34054549070902	24.83878418859059	28.37305012350191	37.45690148424765	25.883956969497444	40.81805023469773	26.839650300603555	30.27702983544941	47.34370378596964	40.168130377570606	38.09452475470602	24.300407883658107	29.27838350636279	30.499045230018925	33.30466921743334	35.403661912788735	29.942078791001798	30.625235526800935	32.208258646591645	29.725053971546124	38.75888479959865	23.74435487849107	34.58052194896579	39.24177824829526	32.216335462885816	33.27121270725191	35.73383109953063	25.726955678869967	42.85854981374606	29.4039410615392	37.71616235233602	41.51510958516374	28.625289144774033	29.589062638383915	26.64745322764767	48.04755395201307	22.397291115015474	23.647775246494593	36.41008648544576	32.86357511152624	34.57517303192281	34.83782804556803	28.358903984938845	24.463919110804476	39.655531812801655	35.464413511409305	37.18924459666444	34.6341477195271	34.29008104008208	29.666301672011237	34.389615138318206	26.351671046481858	28.166335733435574	31.571923854773935	31.25065857163251	25.019419211182463	26.53614697762145	33.124636445377355	27.33141996916221	38.373254075027624	25.734674931612915	28.549849628334616	26.52657697443221	32.706593033328765	25.691085387401685	27.31781554567321	27.879275085167116	32.821643586553606	24.496412301205524	36.30113242353801	29.645248986345464	42.67924026425007	37.47109629518188	25.394723146332044	24.319021574148223	35.9023753427368	32.18161284626785	39.26040919797464	34.3299105409367	32.910377774642754	41.45959996636504	31.17918764787986	42.70485250320779	38.13709659783567	28.349526164347015	28.97697043215095	29.812443504924353	36.98648925241322	37.02589585414984	31.776557532332504	25.297803471889562	32.61374311327681	24.33082876575742	32.05730889379828	46.299461430206165	24.99241671565558	30.727162606021853	32.03371607884016	34.50666982286781	31.194624635898286	46.105988610948074	35.93922531267604	28.905488924582173	41.285974664360054	35.16577990396077	37.88768513996799	39.741357344036246	25.885522899631795	32.8866002878564	28.752788279660287	35.167195154538696	29.041940275061936	34.662001847417415	32.53392369911613	38.17077363092919	35.38693221008313	32.773136844783636	29.53143016365032	28.436818845237905	33.077807478363894	35.974783081853694	35.9445599051852	23.064830641405276	28.92418758279852	27.940591507383846	33.348779331793516	33.53026336337705	32.5595720830495	29.305303936761803	34.485101452400926	23.501646280258278	24.970446165347692	50.124044518575595	33.581443502796155	41.76298383210457	52.641034999841395	36.36785578828479	26.983291067693077	38.71434330325992	34.276215826639806	31.967738598602626	30.503090443829986	33.71090688333436	29.90640146684498	31.357291155059954	30.189494004745445	25.154817056902314	28.30128087500216	38.64210006087857	29.54626981236104	27.55328284237346	39.49765238914415	30.884801718224637	21.6682579220894	23.59166951271274	27.03921693478086	35.0108383344133	44.734052142086696	43.09113472552446	31.711193503003948	41.109714728303544	40.827671164420806	26.92626456061911	25.894228427014983	27.278274459799142	30.00257132907999	36.59016881705533	24.334572185020285	34.73947883644147	27.803942390531972	25.7691479323798	36.23081767683236	26.86355113523041	33.041771081736265	36.29289281796102	32.809462390642125	37.01166902763162	25.187266471028543	30.62388165982886	29.843583612637133	36.04972803972147	30.789228472571345	33.31923852432466	28.349013992939778	35.14786705203429	37.881908952259096	36.71311971183434	35.055456084958216	28.21387416414556	28.49455354202207	35.63111869699422	25.88996589877765	28.308508448423545	37.58259412031791	29.240721174038043	25.38829447582694	40.28259169528489	35.07443041541613	25.367947194057088	28.889482094102462	40.435997187459485	27.98712876364978	38.37594937319506	25.556224656757397	29.175980494320484	21.14354613002932	28.871077332561025	33.640532462616065	25.100014332094684	31.318421779544117	33.208253599256985	28.60926985640839	23.15878221126586	37.814835925113584	39.55526077360777	32.82366709535528	35.998605878171354	27.963853452793273	25.27852173180288	20.647704917745717	37.27492913451004	24.90140483786075	32.871922441479796	38.17960166949958	35.09082890694417	24.9979539165724	39.49453025830371	45.013687335433204	31.747946827650665	23.272327893856723	39.830832372997634	35.421809616856606	40.289127038039474	38.305638792300805	30.697091395629375	22.646413898749405	26.249272787770817	31.45786889352706	31.477012340681224	40.17158287031531	33.969635369596624	23.276458603142242	29.580324136566723	23.207009303234496	35.109091352552234	39.719249234258506	24.144369743855062	48.027806989791515	34.73845206415033	27.774004968883723	33.606957656086685	35.72181442866083	33.21007374264129	21.92157089992296	30.207403637776196	24.43677506777123	21.781164445042872	44.36611907384395	31.610112871451385	19.43813907513593	38.286891126172584	32.628755526708254	43.96665834743112	39.786726093041494	37.194878179581096	40.82576003039575	26.867070294220422	50.44675336351196	28.130907725612627	35.24869433198481	21.970235829060034	43.66589379400709	38.400126522273645	31.03357724563084	47.06232639830119	32.56561304487701	25.694255901596538	30.900306876666477	34.42964507445287	32.239353812335686	35.63277816730532	32.13487413646732	25.679137935763823	22.577829589489845	27.134462327300678	29.872995621332834	37.18962345292429	40.47086438195738	24.552347593825274	32.70479200575831	28.63817145641421	31.651629653335092	29.617520540102294	33.51027171281949	29.13566492938821	23.458588393545902	37.229534615263326	47.41014894767641	45.712840824710035	21.28338794165571	28.187778881904585	34.272045573678675	37.852284457293365	26.377852834998887	32.747415255807795	33.14866829951392	37.373868208547506	31.317176488713255	40.211813778664784	30.385067045893145	20.54757024473864	24.844983602635033	35.15054856474007	44.692155423247755	39.75656495117167	35.08625507212346	34.36576613359983	38.81801823916506	26.58722521267141	33.18593025468039	33.766919846239844	30.271537368753677	23.812923940736766	40.725257895141866	34.20676514476424	39.672080254972705	19.361769151483582	28.875880314878252	32.62240862410844	42.09671169979571	27.69841731411559	24.134910664288036	39.72997393533082	35.80113535773208	39.92519832660914	33.65175404513001	33.52610888535815	34.16444105896734	45.766840608358414	30.393347151201013	39.30434949668479	30.79405741092587	30.63019151220817	25.974442292044987	32.5984346677821	28.056046679831326	28.47825848727456	23.16045546453466	38.26553364162104	20.807205793125036	48.6076314865429	31.411543780879104	30.795152381583886	33.07433661691014	45.930422201175745	30.505383701786386	29.84444527842175	26.78267931937404	33.58974044109726	35.588884112218835	28.80012291419909	40.32023537361454	44.35304875409827	26.499809439455394	28.141008996999215	20.715918421322698	31.089705397065146	24.694347635222076	33.93803544769773	34.077734470089965	35.93353669721856	28.798185650666298	26.590138424406597	34.350652758163484	34.86282205340431	28.592622618071566	43.921129345142724	33.71571337686005	30.61130229300572	19.620044087872422	30.65200074159335	23.047521819916017	27.541120145716917	35.64840989569126	31.487912948513628	35.78444397771471	33.3797305099595	38.59550543613408	33.022824550624385	25.779720764065665	36.30192127300377	33.599726137109485	22.343040441034695	37.212163174649696	28.79421316576832	27.486181723305805	29.26835382159156	30.047944825965352	38.38005114889469	30.640899272180004	31.09569877886998	46.28227133098095	24.880600435293065	37.52982295536946	34.57604296360358	41.09598122469901	33.46247178460754	29.212123226377585	39.962271168008435	43.980056513020706	30.149517948464638	26.72554445894496	23.832694197914343	32.95236763274054	33.36839196434937	24.748491024268255	30.223857448473563	24.3802704380283	39.56730892849164	33.21722536244135	26.33281236002068	31.242221364105795	33.85890831434565	31.582609682425588	28.13160133623366	30.786399398174186	33.59436844327909	31.426616386303724	52.728886133015884	48.02593182544961	34.50393243463706	38.56487719682966	28.554551076607318	35.12584676469351	36.21556143474311	36.89931036798678	28.125335417537116	33.986935117975065	32.41426648453929	29.468349596974384	23.433970609889585	30.86003285653346	41.01307641848786	24.58282426087323	28.568632540409162	36.191503933729365	33.3260951007205	31.77803322402909	29.250762385734085	28.908950578538327	29.12181988767567	32.06402542058927	39.37468447281362	27.736214325815688	34.36383514547825	26.825921776053097	39.792119679990755	34.82628484979692	31.029700181203744	33.46817480448073	26.33241223333706	31.195929744494588	43.389085363538534	35.44191370217908	35.68303605258805	29.068818637884206	29.9955108428424	34.08232846889506	36.22602282207655	28.578362823929414	37.1443988516636	30.12342104538143	30.097924891078748	42.235463525861626	27.378587724870304	23.264719997049077	30.40781408788115	31.95168645836244	35.52440637116262	20.394023029179344	37.25778948496797	39.142988604756724	31.79465731662969	31.172645473609116	37.485387134403744	29.35473609994532	27.892594678069145	34.79876580363136	39.35711186181509	34.33757303138437	27.951429836864573	36.87796807891435	31.593991337742587	20.414017071968964	38.46531565701072	26.958555396280666	28.216217990206566	36.69887834206551	22.47793864448983	30.19505922341814	31.907623966518766	38.649639665563534	38.89577335194166	25.678070297848656	32.05850799782535	26.604267165635935	21.319259520023188	29.54467032502364	30.23118599620938	29.37421822069522	35.59496888478914	41.231466518591944	30.915059782512905	38.432829428158804	34.58706521195693	35.008974733219546	40.289528309394484	41.52850302581815	44.027953458910815	38.612972520776246	23.721469414486712	30.050093793153863	38.22052271788312	20.684052447273338	29.92076110816529	35.75562460394068	18.055650928731957	22.65773066771664	27.60946052065327	29.33390451120627	33.456585909363476	31.53991026146365	37.482103772933606	27.247913360058252	33.366538103211724	21.180007068173712	33.14880276255316	31.497516993991336	41.495516191147765	33.62097713455773	39.654008841430176	35.578812831912145	42.44363633971096	32.79953974276209	34.647138075236306	40.52386743509926	39.745889764332134	28.47088852684786	27.039717346685116	38.736190350804144	29.79906966422522	34.89021015772931	34.430316697137364	29.477409271991213	29.65922208536968	40.84409319645777	33.99958147782554	24.55200189194702	37.52175896707176	33.30975320064674	42.25372828785113	31.01337987935567	33.612996958617046	29.95999578695381	32.512051331977226	37.43526377376293	29.726481801836282	27.839767649360567	30.705634566383264	21.78830034726052	31.2940412626717	36.30488937866614	24.409144741734192	25.426646179968355	25.978376473645135	26.876156993149728	26.821044054916573	31.617505410177582	31.32060776912922	33.669248114218796	34.6963720936184	30.822397267183504	25.317338420469195	34.32451107111595	35.65899780347543	32.376381371021644	30.348120131022576	19.506668235307075	27.78364444841554	29.24531180223354	33.842540717670126	33.04867338903532	34.31956692476459	39.23198105382106	30.76564616605104	30.303427813042248	34.42845666438778	39.10752856694278	29.133489885508155	24.192002719803394	37.469789757306515	34.507286626246604	37.42069502634302	29.77976873890467	23.28661264567903	39.93234676114939	44.92560938667507	29.18329715054317	27.767934536098185	39.83145854156029	31.738348004107955	27.873301060611926	27.970865836606094	37.241917597205635	34.480664748052014	39.56301719007436	29.845041798258094	36.331269138570626	30.772099598915286	34.05603786729265	31.758872856510386	31.49158125382892	22.828163768953818	40.59406157570932	26.933322735419054	31.679042674659907	43.310035902625216	28.199101493223687	35.25662172134922	29.987496746113525	36.04110118968077	26.978941286451764	31.30560270773661	36.28057746025323	25.998048278227383	29.537889923446986	39.982534366362195	33.18288598930697	30.725441900983757	39.57160165265927	24.767173993235925	36.08394332732334	20.033865472395412	36.33842911367799	20.651813283512475	36.68628267339685	20.955350724952314	34.67790466749615	30.768066818712196	31.92268960383069	29.38893656359185	45.946786918368005	39.88056323449629	31.790951070447523	37.445234169358784	38.92973416169261	30.30944739175976	45.565765363081745	35.61531503689666	30.011878038023667	32.88914240869328	38.604878250622384	34.71506434406693	29.616128494871152	37.17717859211067	26.536926159524416	28.665590408228596	24.09686823986352	29.230833916557344	36.65440222105535	27.201848215625763	25.577809740258928	30.645132106760986	27.724439596600668	36.35143426860071	27.40641433742908	34.897829406129674	38.56277895237119	40.31265061424794	31.58801509294847	33.75305075024143	35.633145193176176	39.86715642109997	30.00445700305639	23.90342646737033	33.03665432870634	24.987156456261182	30.378263677462265	38.456000134047414	35.77700972172099	37.58275363476377	20.85083062068227	25.524379236715355	26.906568534658593	34.2866813939516	38.77259458773184	28.820435951292684	30.783675839673695	41.53887870630217	36.60727285503985	31.109684938119905	30.843718985374757	37.128823583758745	31.376469085108827	29.097971861232118	31.808576959988827	27.99917307507037	30.821979612208718	30.353273077327714	37.14530824094483	25.620877713591657	27.15377983074745	33.226241047206265	34.76781508927626	27.443030947503637	19.704653640266393	35.3616283373492	42.45013727101604	30.977452624896703	36.45974900624907	39.522984803348656	24.000767285524713	36.965957979039366	31.839668053025413	33.14920696416923	39.70795843948681	29.35697776444836	30.98707577821184	29.21173251240583	31.444030986268313	41.94400756130895	37.58715132916097	43.538534351517434	26.92409418481777	31.355971291339795	38.537783015905184	32.391724092925294	31.394043302583665	43.741666976549375	39.96208751815855	29.56847294198722	32.257276361647506	32.28349800473374	20.245766257188148	36.245556968008835	29.993630993687812	34.28323581389511	37.67350091273993	34.51286477512228	41.67698539190921	33.85183837176135	27.90953678054876	32.094616976769196	34.75224297727063	24.797387432660944	32.63795561554613	37.63427643516284	23.958884621064946	36.8546033358466	33.196191814627156	31.10746211482335	26.70371753199441	25.222033393919784	32.798165776961696	29.80319721809273	31.030850505867733	30.09802407702457	32.90848654454153	22.752018575040555	24.839490288056528	25.938336866398764	30.905318354261336	40.6380874559409	31.037954004650093	37.39461886178991	28.017427380380216	44.28378975655827	34.98679122488506	37.23450866932779	27.977152543329144	39.07932600832068	32.087515595432926	34.850887193381	31.13230298907283	28.73330414499109	30.0489198941862	20.816230053130738	40.602145399412336	40.16607266407941	45.2557103106646	41.703360451715696	36.363786987882975	40.49263886198759	24.504127853568317	27.65935180020686	43.238563501319305	27.241612028687783	28.542542119677574	33.8092383352947	36.27022565629122	45.20506372383681	33.05369528609164	25.186311362963064	28.867003240840425	37.71225714608838	21.63111514808092	30.97829862463595	39.18502214691126	31.476374926226356	27.46357971188595	39.79042573353599	30.39313257133088	22.699031784630428	31.399013765883936	28.847639844191054	37.007561430347444	40.52909340571406	35.02191996246417	38.11255397194805	30.694024990157015	31.34635399145178	33.17841332619179	30.10375568165161	30.728330177891408	26.774616367497455	41.49017818429746	30.157300117295364	33.165456603823706	31.059084146331255	26.647646465746234	33.25300162008377	30.653073241946828	33.113219807135266	33.330951892026455	37.10124489481264	41.09397140328473	34.598805150161475	36.05762618255102	32.3645478463037	37.321169654094355	37.98830456300962	32.19930460705549	36.14881164900268	40.64043264404833	35.42472045565734	31.05378136420302	30.98936368432856	37.29025861857132	26.673654091236845	32.18022944534553	31.230407945282092	25.573777330600727	33.907787928378426	23.850078804120614	23.89969775964283	21.06444312350938	42.4014020524051	21.987353954673008	37.24385905993933	39.77014452373319	38.515636852610584	25.986118582032425	24.73951699885151	36.72834428669975	25.33958004356024	35.980210986617806	31.195967320405895	24.664320895474	41.264229618916076	30.530806953971823	34.76907424021898	29.700207005596923	29.729198931662467	35.938671806485935	29.391245544598235	30.191567167239377	48.43775432656619	27.193669747020788	38.01292161230113	32.98555691081993	35.34902371359076	25.015211595682658	37.527162759373056	30.78608668962344	23.488428433411077	34.37174770703546	29.88974618354726	39.22956156022545	27.454207878773413	30.117706427598968	35.44236716256861	34.25459412946241	28.7350133457173	29.19177433437527	32.94888530048705	37.80681301458027	39.72091793035899	41.231892392809435	30.687645137301736	28.87061468237094	34.104617535306325	38.71685752639271	36.25775327544812	28.500774477100244	36.150365473224305	26.759241846079725	29.323170023468247	35.59485655622373	41.929390635939306	24.734965181132292	35.775554894796926	31.460400785111784	29.52912096408245	36.34588518243322	36.09445071941721	31.08866185947228	30.213871617063234	25.11681022245351	31.906164301475215	31.850894474973387	29.25296105408535	25.261354828958517	32.586446048549256	29.755347296529372	27.162926392847805	29.69542908636155	25.900256257435654	25.516379490129093	40.769478071022874	24.602582184569403	22.969317785634473	30.41621320859038	28.812553739071845	41.29382604256964	37.87903959613799	30.932172031085603	37.7101335789611	31.22915966000953	26.378504438227	36.14579190193275	28.491097320386213	29.396360904778742	30.80772388448786	33.10915338036645	26.10162033821778	23.610894047316478	31.897880809718245	28.601185978513765	30.99942795817829	39.08791317298775	35.45682686744988	29.40589845867543	30.929495591914	24.769509379143155	29.141391184977092	48.82475207820555	29.593888980683595	29.590323889170097	23.62552759597287	30.964527323139155	30.09954050279145	41.808448178542264	26.506001160378627	36.97298406118598	24.58870678097248	35.525058856653956	27.499376278837893	27.229037554609892	22.930986973783067	31.278345297042023	37.30952644084699	39.86438580294661	37.818471111936645	36.75106970010817	34.460712907845505	42.653235645585795	43.247788782242395	32.72807633501604	33.29191467852881	28.231741888081345	26.299621074893786	28.65043648991361	31.05522553666558	26.336254635504755	27.950078229190353	34.8269212714227	25.85972860209192	33.232144882922036	29.28820908543634	33.674381428851035	42.39539978228798	28.128365495884953	43.07175859685134	19.69513384402076	26.28836317871827	31.650434964827515	32.73771794001955	32.506020601268105	36.474244446174794	34.156610348883184	27.346380135503832	30.088823433423517	41.34086588136446	37.43338553842353	50.897013320669735	38.000504618531515	30.4777059975157	43.376736494689254	36.46502450961879	38.35861668278615	30.42906128432261	35.45122791707117	25.01770412958511	23.121494856940124	23.651923380693656	43.12661675048625	27.05392580513348	32.351194830320644	28.720909158371203	27.17236107607968	43.95018115269947	30.784140721177163	24.094606889736706	22.989710348655347	42.310001688974886	36.049977897114395	30.017163930632808	39.22935355882344	41.525228536440935	34.586314577262215	36.232636451999824	31.381071040675995	43.95684745614622	42.42404270225425	33.363846685561505	38.09273894545464	28.2646316004438	35.93311688024695	23.72928045738052	34.973317759059675	24.74944461807465	25.508233046508405	35.34288571637883	29.36144351507377	36.55424898711113	26.011835212304117	29.670585683233234	30.34981825587183	38.09642403257148	29.532485494673768	21.743512065193805	25.687697508693056	42.00583659340471	28.64091579966778	33.156435461128794	27.153289404680102	32.38842642786215	31.65389551638316	32.162272571290266	36.260153937056565	38.87465502050452	25.775379029440664	30.382816380390242	26.636259547011054	33.14533964681619	30.267486654228662	27.167255369507586	35.51126060749466	24.035315104831806	31.236728633316115	38.43949983555887	15.668990262866407	31.24074741065228	27.711662857064596	30.888736696427653	30.44044959388855	36.57479321897786	31.343767056574656	24.05189075046287	28.28016319424185	24.134942235209305	30.92041162783058	28.00163371110148	25.794527768480442	26.006837409891606	39.57782715409101	23.51980067916315	23.905206928964734	36.740377327355446	35.80565986945261	29.89679456497788	27.941390512846848	42.733281996757505	22.61013076945823	30.38775550577485	28.865864148705885	26.610978085329325	39.66811733599653	36.87713832234502	37.10241335930331	36.40573409093404	37.88872849076428	45.93888301088479	25.774264062606626	26.633267891534818	32.51777153260133	27.054745414359786	35.28568886689794	22.14610319512248	30.243172366856697	32.53342414387552	24.46510087275862	30.28575968666347	46.47188914431903	40.180062133361055	26.19856410257041	38.658400892088736	37.857143950213185	34.13180503122003	43.4123035396316	28.36729221798667	38.163099676088414	48.279362008213496	34.78372834397204	44.604792675993586	39.43611099404647	35.378761333227246	38.413419442473156	35.30320135872412	44.432797994203696	46.87763681557535	28.490332399392315	30.078775948355883	34.77402440019328	30.84091723369651	28.508105077635054	49.15666142202108	21.038216478064598	34.15093001331957	29.628501977210636	32.32799797238595	40.46017871943038	32.89496338717823	41.62676874206063	28.796489037859253	31.707663486426032	40.98216257443783	41.98232230020813	47.5723709235127	22.644114744578552	33.16935736296749	30.576814579247024	33.74153279851386	34.58554439541496	37.76370581354699	20.71582504975482	35.87155589117726	22.07165048374838	33.61739756208537	35.705651329748406	37.98655842886127	27.762370170315	38.9562357483965	41.23745736417457	25.251315907512705	37.715838035990075	39.90376064935322	24.47762694646964	33.82875839458198	33.96239172514448	30.131081587279795	20.47214219768439	35.18930332841364	32.187210128335145	31.54929434157581	34.17284235195069	29.37030269560351	38.79586573515471	29.38191094827993	25.928361768450326	29.416276113593245	27.59132561836794	27.060823219192827	44.49133555120403	34.39931043211239	36.70521411337503	32.86991531550678	28.12246647081873	27.17819056902385	34.941363820767805	35.0562556764544	31.341679542650763	24.585286039560014	32.5974864153391	33.92117752700591	28.668240807834433	24.42986754235822	26.210822732076082	31.94054203178443	31.415541503587455	26.797877770034187	45.04476417583965	35.2138162384457	34.68651258892872	31.774956298417113	32.51282415168172	41.26957397789103	45.58083738630608	26.82635964086627	26.648855476565913	33.653573443220736	37.90333708050937	27.41809853014165	26.008896761042717	33.98617020028209	41.245132400705636	26.400190730102214	36.75760050278419	27.314883154581953	28.168981645100402	22.48962322559337	20.723109027329237	26.820240847954143	32.74583944636097	28.955300217176536	25.906936208057115	25.208049892615904	33.75760549641255	33.92182798777689	29.99420651814114	38.678979296610905	39.17306842969973	21.64830500721079	32.75623685365297	29.775421317001186	31.962751103430715	31.709310775617148	30.283699477103042	38.30595569594084	26.059071828439528	40.001127792830715	31.484020884284064	39.04335696088946	29.588450476655854	32.48882096272856	31.405804748584522	38.625427396787124	43.36826078092211	32.84620567838191	30.510340532060436	29.11295492807383	32.332321746775115	28.579632966797227	28.22601693066287	30.533579000348645	36.41299766076065	25.680711370276946	30.95539206685782	26.65049004089927	34.27656243671603	22.849086343686867	24.56157475026419	34.09396541964434	44.095671924549194	27.898827581228833	34.202647328309546	30.18813493169669	45.925205870243055	52.74811297665353	33.50414157056702	30.610938677479158	28.707171340895606	34.14450355463991	37.9955574431777	33.636649145015184	25.061256713723562	31.888298296080528	44.1291411625831	37.98041885792054	38.19773942190161	37.4167918459133	32.68576366174642	31.482941415626048	37.36535966580376	28.70752256509393	34.1613247691487	35.63934806257866	28.75155084683012	35.94169960878283	29.366453646630195	30.62715470145033	42.77271474612529	32.276551835846575	42.81933158881253	21.506564798536022	36.59727812329374	27.186194003297537	46.47587118869505	36.13482605364924	26.416437303353224	32.647832458831516	22.268780571227417	31.990698500663033	39.42173776620096	35.74010092943202	22.350817562693976	30.608197733948867	32.137690491425076	38.032655928544415	26.031392077344968	34.755335283040374	28.51822347088691	30.803233110924026	28.385327554551772	25.429337004321326	27.409534989419495	28.257823627508632	34.92942109608119	33.2344626082673	32.928274454280015	34.78679019405674	36.165052374970756	29.134091664341437	36.39606974870191	32.57717485266698	31.660325487003725	19.66872867589231	34.519562338476746	28.186413514203238	40.39182125983487	34.32749838189009	27.503788752269134	31.754211999928977	36.96453251705416	43.79583152155267	42.29094121242897	45.80439854580523	26.73350949063443	34.09317966340715	37.576295318921524	36.003023378495776	28.586744337712553	37.75444870247659	34.88959849697358	28.297671453100012	36.33268437919075	25.551562217293007	44.75711168855085	22.265571670386926	31.072585312518342	34.571031586295625	39.06786986076883	21.07567951638833	43.559526826828645	35.19629982313797	34.56608847775005	28.318001575960263	28.557143563481745	32.5252614908072	25.89925831577884	29.41600434556398	35.867204538416914	32.65413748854566	41.73355474320633	39.32041820971505	33.76036014588338	25.14028257724845	36.17063501661949	24.266036648513982	34.43565965908977	38.54849579592574	26.88940377859967	44.59883047785645	27.962042726074543	27.66673101396467	40.81104559724499	37.57846970833762	46.29253371138113	31.15205991510687	31.9352987306318	42.34283822321345	33.97458619253152	25.25036610417273	22.256561183291474	22.011500355707838	37.92315603978275	34.20623092155233	24.827095401815335	37.796414899869795	31.543694506770358	38.42550060867653	38.19908826665435	34.764843539418834	34.99123565234998	35.73878046137304	32.470080187284665	40.01115319445524	41.085623569067046	27.39901007320091	31.775485109505137	23.377993048268724	23.873757193313836	30.156971925051216	31.72817573280721	27.195270426487056	41.3500818761199	21.962257189853425	39.323608656592334	33.20728749134277	26.64662063084742	24.162966765048182	43.343290653520235	38.293847656192746	27.534850432326408	26.847770804590493	26.799791299927445	26.25855364819746	36.35941718339883	26.763626412671282	38.37367068599701	33.99782511821638	30.974449005172225	28.706262165944306	33.16610151220751	38.58189797179595	44.11057166489044	26.923964505464756	41.2476704419574	40.3528890811635	44.318458920417974	25.78583210680915	42.61801441878418	28.77390389048134	38.587482701609666	35.617265647454545	37.14784427508014	30.586695338499208	30.354687432631895	29.906173862792553	24.90511926760551	44.45760424933474	37.8421413676833	27.909652847779103	38.89751864971805	25.179616993192003	25.92822433710818	36.569517987050574	37.038790194606605	27.45413430422365	36.54003861723562	38.51484502269959	27.554172303772177	27.41144753359388	27.43832591383324	35.58123340154004	20.66271231412002	30.219928042489563	32.47541280406297	32.74095086858877	33.007450432383514	28.575562099829032	24.903125999501537	21.12945975601232	36.18662730879356	30.172881938426492	21.266892960995364	38.59426640871964	26.437034803280103	31.376604226710167	31.066848661200407	32.06247052138133	24.921537555824962	35.35833186522413	27.22841371101669	31.903968624395873	25.676687817369757	28.042231567114232	27.89362145548441	26.244437319497607	26.410490387010682	31.626715874440453	27.173141930533166	36.22401001043426	29.247761991909467	26.764754454119522	19.758614807456755	33.01491702066855	36.95227540498364	37.76009982139998	29.41179021114288	29.447517013244372	30.78895105993532	38.987601044857165	32.71955781381746	31.72037298498826	29.68466067461805	32.88410529673936	43.561104834259154	32.34149317801205	31.409352089555515	26.89848931132591	37.98720106747659	35.09306501626086	32.78843034460335	28.34232189310749	27.785672392923267	21.71791041963363	25.51239870926279	28.727266882648284	37.937008952864495	31.34030816014131	37.64969278650894	34.40361617173527	32.866816468185874	37.13715850354211	33.05974999487535	46.35590358116001	28.743178436096606	33.191594494015916	30.18306747122873	43.78490201070588	31.289607360510477	21.29781938478805	27.81541266596737	38.26711704864839	35.27566352688182	32.68856060981314	29.40249959079846	30.225043830607973	34.93449698979658	33.405832976944914	34.66675425140723	29.174705941737525	26.86748531417712	31.458984968161467	30.450544273790552	43.51961099408708	31.055714423776315	43.44361522706695	38.520105881981294	33.33203017290365	25.88915452724809	33.95704176431616	39.725968367455856	34.97604892523424	47.95110676669544	28.980045459889244	39.825724599068685	19.498472435449507	36.28926544664442	37.57993046180841	39.66239434872622	39.53028898828063	35.05591618580982	23.645432469790922	33.14976176990738	50.70493330400791	38.94369445227114	26.474417685363647	20.198988046051287	34.29706990983259	24.39376997080651	22.927449695817433	27.769165677610946	22.744188301913685	28.976342743336943	35.93355539334578	48.039897562078075	31.163545894332167	34.129925692250744	35.05626138239477	39.51252631328219	40.33182996820301	47.88931232704788	37.214733414254205	32.39654172834057	33.45975477771341	27.683325800279214	37.264972016207956	18.96513022041159	28.841921212924355	23.983942614603613	34.28911421523669	47.39743595367132	29.690461514763548	32.74896333835505	35.45224550125619	46.867072379176804	25.11091557014791	39.75108412956952	33.90419396837075	42.87705986368536	20.152709005013946	31.292941652011923	32.60749641560934	30.346453301334247	22.747428743830042	26.138503131893284	41.01872015723077	30.397085652821026	33.41673613987055	28.434301544301103	25.602845186510862	34.49717867640007	28.082959923061395	29.372718196233812	43.981862255167805	36.28525857678225	25.868528304472008	24.7147652129249	20.361955160503012	31.204231412691993	33.971886195323194	27.745486901971944	30.084168952873686	41.25847456487235	30.913870069939126	45.17883349275947	28.08699039880445	33.48550217993987	39.63298480373074	31.928951404431224	39.852955817100145	32.436440188124415	36.05072365774504	26.066223637298158	34.38286363857724	25.151825832049333	33.0843837928655	34.37419516599061	31.66501854678815	46.199184098074	35.08222924180055	24.904901816485722	40.148968606973305	24.969400624952495	46.784297947313014	26.65892231562345	24.88984682305834	43.147418985005245	34.13701307820878	29.58502041526599	25.328613468606424	26.97892390654382	23.83672346542727	39.74523841145456	29.222372540691254	34.896952430282504	36.264469045566784	35.63473516983344	23.633946829926327	19.899910463935996	22.58231297551065	24.229195637401734	37.68498027881342	32.94049467265474	24.17345107257873	26.44748373441479	37.64797023490261	31.92037053588838	30.063729424320996	30.829408904595223	35.10385838771383	31.484522351480692	38.79576780283779	25.963874249264855	29.54095782100067	32.34732969453743	24.99853309238821	21.316010095473445	34.26295938430705	27.35296407725823	33.51513305419156	40.7370079806837	26.435004400412378	32.56157068627478	28.166487303109253	25.898903887778268	34.68250632861614	27.077921947448765	42.36913090752366	38.73552910507	21.897865772444714	48.70959869688782	28.652121495167727	24.841559675813635	30.7150202428205	39.29252108703324	33.03155217159709	29.342914210992635	47.59185582594306	31.48817186697961	37.644462567297	30.616608722756254	33.112929007685516	25.94606789032488	28.59498341890055	39.322810691754924	22.78339624863271	32.156671166812544	25.860366379852692	29.318728435398903	52.47629898465021	37.155804610467534	35.44923501110883	37.55687885531143	35.59049676632174	32.96822001425139	31.74996605443838	34.830808561875	35.12496604100749	25.551461391699686	53.11511966682656	26.973066306692743	24.64674153859004	36.08607810970444	33.81439191119942	30.52005603435439	35.305467695878306	31.7974407151111	34.22869754990465	35.559677000163774	23.719779310133106	31.45578924540621	27.966929400864778	41.70506824996477	21.43093524827559	34.527632638884704	24.74745752650825	32.73736681683236	47.051308479164646	35.92437646313403	16.932032269878633	36.42527620137248	24.97904253443707	46.09335543774812	37.75088037171369	27.740784995048973	39.0062753590373	41.434028070089525	27.500245420575062	30.93129900815984	31.784097238037702	23.658097699186094	42.24636084624121	40.80841050733099	30.533249023412424	29.30480190565528	37.0605877222586	32.12213664389002	32.912341199020766	27.053732680273804	39.417580106273014	26.059641568629676	31.334660213232816	32.702085363096174	33.18703437064653	20.961126896808842	23.898186814981766	35.16711862890659	33.95382368931332	35.35841505072526	27.243798935685646	24.406832157399965	47.15983055043856	36.98338429589907	30.459734403695837	29.43511917395231	23.705804904199297	31.96401652090364	41.90829498623033	33.2781824485328	29.333843220574895	36.299485444509564	39.50386551128037	30.35743725507359	27.56670796806329	26.303630902317195	38.827919295939154	38.20113282550201	48.39511989722569	16.925028956446088	31.54667606884	39.312575086846806	25.356418318622186	30.848868715367495	31.16650962129909	37.65554593292588	24.74734651722056	25.075849775687868	23.8477232201528	30.991989678632745	30.50795108760594	31.495115338089814	21.749677490626233	27.07128236291179	26.319880570718453	39.15245932057559	22.639657160805523	36.10225066156622	26.79874756992571	24.958142369012226	41.06507036533379	35.531935057924244	31.73673013807957	31.43495419265056	26.183241824138367	34.82694599030643	29.979408123084774	47.378601429130285	38.03149522184475	33.06820621418362	39.3157334774486	23.87067235162249	28.37149765896293	51.639961213267455	33.460306585408915	29.621066175215653	40.12961666375067	30.04956019503661	32.429906715956896	45.31002177019559	35.0015473976685	39.43774649416744	35.71029668598968	30.56661128742095	29.300553593254676	39.573600778575035	21.64365550210523	37.4729945918473	30.28595421026606	25.37363634872433	36.73021321303051	38.655191059578065	30.38401719917964	34.193852328115135	35.54999634768735	41.516862802043796	30.893117153398148	32.75682892411276	33.77306412017872	26.38949437297151	29.802665953562126	33.96935738993506	24.038214866860955	41.943046847402805	41.20384400052102	27.384282343446884	36.576263462779295	42.34175225257791	28.24502190012388	38.62609078897606	28.959623524140166	24.798610103086716	38.51470281835672	26.855901971366077	27.809322470385183	36.373487582794304	32.54100671056226	34.446985059254466	17.95416158411089	45.740946333962555	27.949499639683417	36.361536391942835	40.548944707140365	33.038014362447605	37.540998982629915	29.264232759596236	21.480451771757412	40.418837984302705	29.91089093777694	34.55254678501733	27.95327795802984	27.90008444860404	31.024349854573092	30.622281071079005	27.50334092796604	25.20634716212742	32.51459328191606	26.83401894363514	31.37616264067551	32.389894533697735	32.30529429489714	34.7790464242809	24.820441863452423	42.85497578562654	33.66199585328104	26.25100156128289	26.100987469767034	38.68157668863787	37.65312168625345	35.176417703481626	32.755803992732524	46.228577445072574	32.97332671075745	28.490369571397487	36.18660102228101	23.618822142788098	23.43743385828299	34.94668895942355	40.338721277864906	31.826714018073176	39.277701747921405	30.663900781907135	29.227029715836714	31.909792658338397	35.791824059601915	39.4182023045753	32.54899611227836	31.967164823220457	32.66835963777942	33.95904656113118	37.10707134361257	36.34339911199872	26.6562294124103	35.045319380592794	39.12606652637596	29.794549981685574	33.43701242035498	31.44604088303501	28.313777292621616	25.268409965502855	23.373510010195513	31.926694220145993	28.975893359115112	38.586923977368286	34.80776414457434	31.852924128941204	21.88701577089627	36.891552335145974	36.41598059907447	29.723495275709936	27.068446213556147	32.237696026636876	31.57023817000917	30.574786140861274	28.69731555215937	28.528909727338107	29.34544058612319	32.401827093902476	27.816097817750972	28.30099648507735	20.30765061665356	34.23791334263319	44.23645349375949	42.14301255857054	28.045303343880903	35.45721758677798	26.27704526240257	23.24378890416819	34.72260969299391	27.640866970563657	43.61901101797076	30.16863682461085	28.507437932312598	23.63534178940886	36.76166433279467	37.61736635470823	32.64676297569195	23.431120399171974	35.196222964714536	29.533879629125433	25.368061641585467	40.40289092646663	27.7600033677945	27.460158227030817	32.156249232778855	37.84111909739794	20.930741955594552	36.32955385936114	33.587474983007404	25.776048957630614	30.06096162610839	29.208761317156018	30.92297457436156	36.34583379315917	37.073236424238054	30.737150103370766	27.89855861394653	33.31020171830672	30.90330982409648	34.023784783399044	35.41320649742108	36.787365999827344	41.88213109386589	39.194311647775976	39.81444815163673	27.861432419474667	25.91371867589715	39.346096365767956	36.88215266025774	21.88075239280241	28.636551717374125	36.72466274082571	41.715318399620934	27.393682962691457	29.56767948591978	28.46876357969816	46.21556964957147	34.80732160970698	21.0049244132453	30.487914934348794	29.816966751378995	25.527247623322147	31.063965086649826	27.958485029452763	24.97757037929741	39.877080160918645	24.87373720014745	34.26853585498942	39.53928106373676	29.771002618575128	32.00568480584844	27.221513708143988	32.171252403163656	32.0192295104185	30.7133821310073	30.42150741123286	30.355262984389128	45.06812438285341	25.831155632568386	30.74600869249337	30.868979852699375	25.973677230266638	34.603841173814466	33.4417523559578	37.45484091894355	41.437354526967674	38.69420540379861	31.36642378006894	44.48184821138596	32.761296319642824	22.666377378208797	30.940547922760217	35.109161224290325	47.290882515713456	38.68689257730536	32.349184033415796	33.78294565303137	38.99983654354468	26.91487218444092	31.747026431610518	25.057471456500664	21.96410054931256	25.713101285608055	28.441227054954943	34.17351042694653	28.57094771213624	34.76768282617537	32.79683366732582	34.28313329417651	38.72013789017308	28.41745102634859	41.77332310317272	34.02174427452049	35.585709490002834	31.00929528080326	25.95137602989911	34.14194373525948	27.496793601998007	36.096008924337006	32.51523026306184	27.3665924504085	32.07497330948614	34.131628597169055	29.99406145047204	28.39013996985799	28.12552423929928	25.431186902065566	32.64502183708807	37.533346913727044	25.12929638037688	34.34440902820217	26.809526844772453	31.29047287605853	29.257540320862898	38.542321283954365	34.339518037258635	36.79624271548922	31.111814915763382	32.96513723226218	24.818785144681378	30.40827468779755	44.65473965247973	28.875888045991104	27.998860447496032	37.80750631969194	24.869521355060115	45.79543656650741	27.550437584251195	34.71238369420355	22.47843596908945	41.85224491902527	32.85094691935713	26.059064112771683	29.682799511729574	29.85709910258826	38.319228915682345	30.753596180857343	28.936729521004384	33.032247289248	27.87778875251646	31.019529905522905	28.99834615841086	22.72179607202528	50.99336063155224	27.956873773545517	21.716154464075625	34.283156209805874	49.493337575805256	36.99612813899442	35.525162025887845	44.3263006698714	31.474550054346167	40.263261890716	37.195265119605835	36.284970665010015	22.219232934460365	35.24105123225615	27.26670217599768	23.941247669484028	30.466952670242897	36.70105081839293	32.801412740744766	37.24099790509847	44.58181426643544	25.698586344456253	35.21395142408153	26.711783150568166	42.40578609187967	16.85296519571362	36.38335987019872	42.86656329788142	27.814185512867773	31.156221026186383	43.642166594177674	36.436285775993106	32.74694547586944	34.87304781039899	39.342092254824756	30.058922050274553	30.14647757485568	31.57286655855163	35.03935850792022	32.57345473464895	32.23658134474874	23.738217159502405	29.14032296949947	24.816472694235692	46.32013589673649	38.429794750092256	34.641735398849235	30.277318076904013	34.35395835525505	34.48043640849128	29.12905602666976	39.35770417977502	32.14637094066119	43.539917039558624	36.79179555755491	33.91037636637086	39.10819278373655	34.21894668418616	41.496084251641825	35.1274182391954	34.24283994785214	39.014077001566505	28.790004703390643	38.137488905714996	35.13173136341019	36.74764621448427	25.573474887290867	37.69683270663702	32.65126405223271	39.186701189754665	46.16051068558095	27.769002575140895	32.976929851055104	35.9027066716049	44.98498855239572	34.870387099423425	24.937068031250945	31.427886841379145	29.749656306152904	37.145677518449496	30.104207661209927	48.99222804532918	41.005721551436096	31.511739186215234	25.713325645798086	32.57507300450851	31.64378638272082	31.204616954981294	43.10258197321669	32.79237899204019	29.61480396424108	24.29800028713221	24.70141282050736	27.426488990053432	34.218700874013045	32.79913889366597	26.18340602857211	37.277948990374966	34.7502947284546	31.144426534422525	38.79647622271517	25.05721931247605	32.27179850355601	42.51919029092478	20.96229690851984	36.50789329982879	28.820652846173715	33.82083439163084	35.48603531810786	27.001921664017853	31.03767488551472	35.667336538782166	38.46080517996399	38.861204842323296	22.58171020996373	43.424210847969476	31.554478722110485	30.331541636286424	30.022514927738545	34.6801615746316	36.05429199468073	34.83390883831411	52.25582649884667	40.03568055356737	28.215713869893435	39.465822508004095	26.501627712434146	32.36649228858232	32.53177435150101	42.14241416288531	32.416660593702325	26.87150251576095	25.084837163599023	27.401032912199778	37.9076284872998	38.04897220873798	28.923471671234417	45.06412096057995	33.02813393672167	32.47922177537878	22.897885912173358	33.58057588709454	29.598931213017217	37.780802485559946	32.54349075241011	29.31054825178153	35.424286223180715	27.787956287570157	40.37123102618351	29.9707214264125	40.40998055846145	48.56586237455765	30.866435526331735	43.07109608133533	25.437549002868874	29.409835258475713	30.344312286828334	35.28300745122927	27.210880079744605	31.57307252116388	43.14911545458211	34.78532477659246	41.11474824409249	36.67565987362628	30.582909300050748	35.832376890516116	34.115087475781266	38.07096095094142	27.83977814202651	31.70992677790223	40.59699806549923	33.631042052742174	22.93559055362549	36.133187880944654	20.501715598973206	40.634970821898044	42.65069251592576	36.284567894346004	44.85652291264762	36.850866179530584	25.086796917102117	22.561729101296486	23.58942053343023	35.126397337185495	37.71324124193338	35.01909401869819	49.76976385864143	24.329429974991136	25.19826023077359	27.068577478032104	26.923571707088033	36.851345310373596	45.92979257526118	39.771292597882415	20.054055410430838	30.63814334145762	34.985382622791086	29.53012815494675	20.861652497041998	39.515665615896495	32.371977136522915	30.7347465011554	37.75948672902148	34.691590996486326	28.20006957091041	38.05675796279093	36.709424358322664	33.656281572625375	33.882921569007195	32.97791348581486	46.74082926880764	29.318197849496627	48.31829176374348	32.181519196817156	39.3827550633848	27.765877105175843	38.58226966409845	39.71338972530132	40.405097399335254	23.465331650780488	34.518922918242	26.70679825279562	33.867382597440155	29.777654251929068	22.907240153231978	34.5422649965067	27.67255021710923	44.36827162467792	37.600557654708204	27.873970607664436	30.703012458466226	35.01835715368603	41.068256386011996	37.82788362776832	31.428002798688492	35.25154801988012	33.09165501608023	33.67026992114432	19.680975550367773	39.05350192432023	29.846168259489943	24.92564076281845	27.256166092815196	37.85887844312745	29.32479803917359	38.04047667035145	28.06426815484858	31.070038224266053	25.35205323307449	33.32279226621422	24.227782394444226	27.21453806447698	34.55803591469096	31.84998916190823	45.827462052158786	31.848361657347947	38.01308314420895	26.586445448223298	31.599581965429973	28.592264545953107	34.060138641205064	48.852204169033584	37.97566191630181	32.95163812388657	31.425544908901305	28.07121889488637	30.19179835190622	43.201116700536105	33.77109076985162	29.54701225751439	22.748079080301	40.002052165686784	24.2752773791064	38.82082736416606	32.36628047572017	35.209635027594054	28.888702121787993	33.43820261626663	32.558164791078596	39.87433959426635	38.12323822580701	28.774328123733138	38.9704787835031	29.930197411540714	30.03807043401588	35.46596106948394	35.07330644904546	34.02820699408813	34.508570869855916	28.74563565180796	46.51526577373759	51.21674932500792	26.664175022265407	32.034917968853705	28.98572952151916	32.05470692988904	32.94492793209128	30.53209038727951	33.50984784366768	28.657230827271974	26.451540029930804	32.6232405092755	32.24311174400898	40.07997633241699	34.068277222831696	30.621110695669955	28.807506280838574	31.348251204134503	27.66300224477304	25.46681852743502	34.690437950421305	28.811476932459996	30.31920076545749	34.777646044907065	27.87248442513577	23.78624489514723	22.871166667386596	41.04955152279854	29.975214379211966	28.1569287691046	24.69225159186063	39.84644974751982	30.54053112491731	36.49872051467161	25.25021128640724	31.03267690385374	40.05558634501901	31.332116921395826	28.80184598801651	39.976480606195615	46.05391127923723	37.523808701480725	31.772506813264606	27.839675893031867	43.148527754480654	39.63225389570564	36.911601603760424	30.64864908422873	21.817479215876258	29.314557455180115	35.838540339214276	27.844354225581068	38.44894204516136	21.709722082907245	23.005121095251965	29.743162595370592	25.415130218284908	42.06892549453654	35.371061555813284	30.986393359884772	35.21786307582867	28.132588664902475	31.512900295272484	32.61235622662236	43.6584200357529	32.23682223503484	41.25693139988988	36.16371957825023	20.993172680410332	29.102900671552966	26.418634951422387	21.630727581109202	39.07325479209169	33.143467191293105	51.862024322258115	38.64263658488716	30.589883253003446	25.306921678202304	32.71728631901477	31.990101118079444	29.600878005686045	34.22490290054423	35.2914622391963	28.45526564633447	29.580696982529787	27.028567890719923	33.950359225963105	25.85779630682993	20.85401885907599	35.483064513905724	41.04364911474447	29.605733516126037	33.79690582391989	27.98191684774499	25.586384933617914	42.00103006644091	41.81728044835743	38.06280184819544	28.786773756411222	32.353803088664044	27.124845056939286	26.035850155232158	38.00689154906791	28.339217665347434	43.99334987598018	34.89192452371733	31.741114146054564	36.64061913151208
G3	28.24541070856689	40.245420716109905	36.27340678280519	33.03402051419934	37.59633959296323	39.612559703631945	42.52493094767322	38.76790939907431	36.484022010504326	44.31269995833633	34.8703791433796	25.52931873409461	34.43768148881361	30.927140024220595	30.736452284557114	29.23081126734733	40.15188140392426	29.34786606323727	32.82078830153803	27.536066153096648	43.220885097722096	42.70476701858937	37.34831532302771	34.32197886455526	33.566742183943	34.86681433599766	28.767413257883316	24.81988410352603	30.85216004366795	33.37708615590261	30.73626962435716	36.02432512051347	26.201364659716337	33.33509989554825	29.097652770418463	35.43715989626694	24.130534566861265	37.487181109228196	29.124101029996655	27.293566163106554	48.7678417079611	33.431605886119854	26.792032030554658	27.574559421898027	43.77515850316533	38.23848654479002	30.489404209387104	34.11417426124159	27.100522401128412	40.59590215544217	38.90886090693783	50.35394152824612	34.26924577687201	23.466568997538072	23.276643857319357	23.455487680665573	36.69538813841361	38.968991432981646	26.895210938443373	29.78592158311316	32.151401019512555	29.40986646162965	41.39558543386234	41.208668167591355	26.241640114990133	41.64716550341476	37.610570809292106	29.64821505775507	27.515815875897015	26.339106112581472	29.295008019883394	30.466126161282304	29.02270653109361	23.43840593632561	38.10839673997897	42.87616003735116	35.70286805997108	35.65591331698887	42.44368870737782	40.68391671524124	34.89312440528452	33.46821065786069	46.956094268965025	28.865171908554878	20.919941000768883	37.72983243273498	23.008594694684014	21.359121124844282	29.655894381434578	18.89591357560102	28.540690565289506	32.107765500424094	24.778766352952832	30.99184026424052	34.15316294471656	27.168840589112033	31.511948946397055	41.95711923923547	42.29000989852517	35.01784730579968	40.25435020075371	43.08827687191485	37.33171573059007	36.211364173951566	26.0991829756041	20.23759951308199	34.54302256337431	38.764411682553444	26.085274462379633	33.52032076078202	28.162669898846033	30.719753088483653	25.07449308958089	42.24588725135798	28.649461021859288	35.97881064594229	38.25650373521583	32.79539843963171	34.053309607121356	29.477476743250303	24.42481629366114	29.69763319349096	30.664031093866903	27.434682703654175	30.753631012058005	50.46763117588272	41.77932378468196	34.399641606213926	29.313898667616044	33.147944718001725	30.90628116665706	30.65226164576202	23.142142793603696	42.43118201976114	31.61842196244259	36.34308390317302	28.181187278526906	41.711558630802024	29.40742694856618	36.225849168345526	32.391624256459316	34.31919963536835	25.039977632673278	35.72245187300987	33.12086526096918	38.78503656965967	41.12062848347414	35.72568833719635	34.58997551357734	27.7081918635173	37.09598937991973	28.750065871282906	32.5510905311929	30.12999650259257	34.57845983941679	42.97505260745644	38.60359959396492	29.521292069005508	45.05769321791988	29.83825080873744	24.640077375657825	42.39298248011785	39.27078061020843	34.9171174440417	43.88390786682345	31.944510982946216	29.568115182952116	34.24320649726915	30.974429763801737	40.07880357992974	28.7500148107527	29.873652939024776	29.457225819262305	24.339896335419738	32.39188573622264	23.128128017689733	37.05392698021534	30.320312412620662	23.382370136336675	29.479046552589207	28.48628663731651	30.559971014783294	30.47778860365953	44.94390052981589	32.149323970638164	33.79056306395631	22.091252922693865	37.74549238150009	41.25441865067437	38.83326821937393	35.8879815305001	32.05726459687431	26.025061243884963	47.06953171217391	21.625261556741577	38.690238654660675	32.6644830354401	27.62072768970719	26.62720204029703	23.255210041214585	32.85278380222374	32.05924079814126	27.302507832148915	19.19702272038895	23.780373024512024	23.528512857915427	33.699552513610826	25.807172933433336	28.57798793585258	33.74745643953926	44.217766620195924	39.20134359441106	31.445508733049483	35.3845479146337	39.431530747568125	34.86674068860918	33.89037467048519	32.531753663240856	34.98484147601692	37.26248059733972	28.200391697335405	31.86527486975011	37.25043278353155	34.51504620519222	24.769778148337945	25.367559460940743	37.55182134591938	38.951729750289786	34.54110449817624	32.77478879871669	36.472848457019126	32.48783590108595	27.355797421769008	31.419559263202217	40.457346871646784	34.86290561072166	37.55798215252706	35.64059822936522	29.27838350636279	34.93526999074895	42.38776082218789	31.57623900329806	33.68483863987702	37.36278734269714	29.524237092709008	36.049533539960194	33.91402419964882	22.73395679855528	42.81397955586241	39.24177824829526	40.47693429952321	29.574411295335036	30.93376423541458	26.87037593126419	35.82207148611611	33.60450407033051	31.91367583659202	26.067626948823744	18.58132804134455	31.956187649454627	29.608281364052967	38.27517009736634	31.252034113975082	29.55971905811824	37.75860820712894	28.99727215722903	36.18332061480294	36.77326293698847	25.34199930569003	29.050903944080314	40.48168872556836	33.56453421615523	31.87649536856952	25.079900072761006	31.28217919446084	23.267687585891167	34.389615138318206	30.194623074093798	28.80647972737729	27.625433372927194	25.56872064951751	26.80652058340978	20.92273127081691	35.3831343848349	33.34433236237789	30.327249188328285	30.46145195986835	36.28210056934191	34.17847417859535	27.152643272952183	32.607916068625215	43.253207947315914	36.55282733388577	27.99493129441337	36.25469020578418	36.30113242353801	27.99829070932627	41.03773102331737	45.64660821413066	36.138644477472525	30.540166628000094	38.513457185844935	25.523348119453814	41.82087066740777	44.77814418383048	37.81192340065338	41.45959996636504	29.270257791887218	36.7261731527587	26.13097359481333	28.349526164347015	33.707904380257226	30.774135230889655	39.12032517082168	43.32817599953704	29.083628927897546	51.261338614092004	33.572970851902596	30.26517724521045	33.68734154941514	29.035255473180136	28.795610563690126	28.532365277020293	28.661745965278037	40.47897806144109	28.55101237861877	34.39653118594539	28.373072615270555	24.91852493498463	42.07993571559775	26.07118165293643	33.076550519019676	29.637622426060933	30.54491702156552	38.75920748211648	32.27353786492481	44.146053491867725	32.005403568435604	34.662001847417415	32.53392369911613	42.57509366526717	31.917625130663218	41.32265080429241	21.6212256555297	28.436818845237905	32.01078143067474	27.718275489297106	35.9445599051852	18.552146385478157	36.28670805841996	33.92786111610896	36.18697331747807	37.3159382592422	25.385429081699613	33.21267779499671	37.51011035173434	26.56707840377023	27.626876608469786	38.154123439512766	34.54091331716176	46.58178965888586	35.38167926218848	37.56024450265479	36.3960670215395	41.811490767520716	33.419310430973816	24.59056815277125	19.609129571033563	33.71090688333436	32.440842269119976	37.89006014569744	31.267690219200638	28.366070298208992	29.96606210294346	37.15586544315247	32.29476002746439	28.70133629413902	36.57190036031866	29.03171361513116	24.62302036601068	26.96190801452885	36.4441619555742	40.9701299658028	35.78724171366936	37.60680848773044	31.076969632943868	41.109714728303544	37.68708107484998	37.43407512086071	35.6045640871456	28.98316661353659	32.50278560650332	43.366126005398904	36.78481841921671	36.28345567361665	35.74792593068396	25.7691479323798	44.49398662067132	26.3566916798487	27.53480923478022	38.76740823736745	23.81331947707896	43.80973068576804	35.49114820917658	23.988707300199277	35.00881923790126	30.806131233943805	29.796027554101304	41.49188193595146	30.197862731609764	40.88629432583581	37.881908952259096	41.95785109923924	29.60238513840916	34.66275968737883	31.913899967064722	27.147519007233694	34.51995453170353	40.19808199676144	33.824334708286116	29.240721174038043	30.270658798101348	37.4557431552649	27.558481040684104	31.844869881901452	34.86661632046849	32.21172657306094	29.571305863479008	38.37594937319506	26.692056863724392	26.31559024977926	25.038409890824195	37.45437059359268	30.582302238741878	26.702142906483708	28.47129252685829	45.34203856821627	36.89090060431608	32.8082747992933	39.2977706672749	27.688682541525438	44.816930072504334	35.998605878171354	33.81675301268024	31.745120314357106	31.266524589729226	39.55706765294943	31.749291168272457	25.286094185753687	34.577752455395846	30.412051719351613	31.519159286113027	33.48449304508358	37.90626301931217	27.779453474194334	23.272327893856723	46.85980279176192	30.83009355541223	32.514032346487994	36.70957050928827	26.168012337257828	26.672443036304852	25.21988954119157	34.80445069071079	37.772414808817466	37.5373807148848	38.82244042239614	31.39615346470349	22.324772933257904	20.180008089769125	30.64066154404559	37.55274473057168	27.677692145394825	43.143623228117804	43.045473209925404	26.745338118184325	35.10060021857943	34.2929418515144	30.27977311829059	21.92157089992296	35.87129181985923	27.213681325472503	21.781164445042872	42.03106017522058	30.590431811081984	28.89453105763449	43.989194059857866	24.718754186900192	43.96665834743112	30.605173917724226	26.733818691573912	31.46985669009672	26.867070294220422	32.98441566075782	33.871909302268264	38.0462097551582	41.194192179487565	37.89870027404389	29.7291302107925	36.40477330737464	30.884651698885154	33.136939589523976	30.474582580963336	31.406869284480685	25.31591549592123	27.058029092496025	35.63277816730532	24.101155602350488	22.597641383472165	25.331223441866655	35.8174902720369	30.416140996266158	34.141293661700985	35.65290433648626	29.46281711259033	40.5539420871403	30.46613984724916	37.58631021333542	31.262938347885754	32.14250552045951	28.441958621545634	36.16532377338327	30.28843494123118	36.79593649670408	33.958110326927454	31.10649006857373	29.813996894322155	34.272045573678675	43.25975366547813	42.34339534039295	29.57831055363285	29.71949571680559	34.62578966380136	33.08984685599891	48.58927498255328	32.55542897774265	29.568454742428777	40.74577310832145	45.193562440380084	34.0049008655146	42.9370901472654	36.33933561041358	29.456370971656995	30.922828088826407	26.021539569848617	29.498604670827014	30.14903557699986	34.8408260281882	26.91895749822417	31.061637377650577	25.204984843510495	29.75406019122953	24.96649180059725	33.688527034024624	34.13972995546232	40.59325771051729	24.676771788939345	34.730725102268146	31.783979148264653	29.140459012107502	43.55476181084634	28.84436061011144	42.4207908345348	36.69514039666863	38.50226273401581	46.70197245184546	34.39130580959919	30.109745024016405	31.61826220615037	25.974442292044987	23.93947545915248	34.789497882990844	22.586205007148788	30.71277789862205	33.828950030998314	33.17905788633452	40.25319482479334	25.45418202933307	36.569243453130866	37.38838052346364	32.07839010875766	29.521339066244888	30.929697834000724	23.806826061665813	36.58882440905238	30.19662894370083	41.280176177018696	30.64337888394705	40.088332527742665	34.44975227129201	33.41744818393657	31.61903337991359	23.9543631747879	32.734367795526936	27.261700605527682	42.05337445245144	33.77752449538544	36.551543325845685	24.374293555706046	24.53618054154535	28.587514083791532	22.46563205705623	30.553829109664505	27.209172198869517	28.657389380686208	28.634658939057047	35.460157720666814	31.428438845340022	25.92105425479239	29.046852507600285	40.67188755849677	32.45565849141567	24.00998159488315	32.65773536903653	35.38159773281184	41.644164311183	27.970332784117662	33.599726137109485	24.882022309334094	28.35212432354263	35.27291112806619	20.614636292479354	39.02447176212208	20.926247289511583	32.32004307275342	37.449987999331114	43.53397829041797	48.676181917066174	28.273409585560298	28.311971703173455	35.56392990542082	41.09598122469901	31.550330539772823	28.67115798144467	34.0661983727285	35.05656678574115	37.54468272827672	29.101148410851177	24.374346338776032	31.013993066108746	52.08724599313073	18.6876360795495	30.853521145316762	32.5070272507044	29.877355721514096	25.466539444538366	29.92365040911441	19.26603650786524	25.08067282544122	29.511618883578006	30.836563003179204	28.085838047457152	26.395575205433566	40.85460130219484	38.209337777547745	30.984472145451363	21.688186101771866	38.56487719682966	28.025763093707184	32.09775652635787	26.55807838547828	26.781757525151693	27.58446358258448	35.29412493020487	34.37876748360228	33.312047370492785	35.15095591483438	35.68191299036682	33.075061627812794	32.777099014497644	26.18791316204173	24.453718874141465	34.455793239727974	31.200250801774015	26.813198853589576	22.075925896338358	38.02015374224323	37.89384822433277	24.79146800140117	24.206150684348238	28.47289197768198	37.32302160146518	34.57348103343459	32.7367077588091	32.27088818845189	32.51194123863842	32.652191169337954	33.69160412405415	34.14223110573524	32.568245023624016	30.2398610615153	31.81116001881668	25.63252744751987	31.193995547802256	26.603485509962468	29.721497336886593	41.430291026855556	30.714076359996753	34.487205604361066	44.719902556794665	29.40663126004588	29.387014733114622	25.984859311462074	36.01826473488129	30.940612000690024	23.453126483556243	45.72546891336978	35.768593035381144	31.79465731662969	33.43974696259887	41.43121735907782	25.90123773524587	24.54548331670085	28.875571624289854	43.292823047996606	30.52228713900833	30.2331792113025	40.084747911863424	27.572937894757167	30.134977582430373	37.77843502027839	25.610627626466634	30.140051034993377	32.544288341076964	25.54311209601117	23.607046301945093	33.530045524138366	36.283335196243314	33.55713779383203	36.78210069691834	26.229688361857104	33.76695447946099	27.039060854663557	36.11015261947334	30.835809716133568	25.457655791269193	31.57618207521617	30.568156212059545	29.50982979239868	31.891071227621133	30.744057966183938	35.65728908013102	43.27393781379408	38.5082482603041	33.02096509418311	24.949920705732346	30.282726912110697	26.043414620733348	28.462091385657644	30.230538192168723	19.947174072110194	30.009184935450218	24.57574709744072	25.232472789048074	32.74610433844922	28.790684057295042	35.01270618421759	34.407174830687616	26.873961195688246	43.791289328665044	31.21385822558516	20.675721185598146	31.307202609077986	39.05692107254926	34.802690999027156	29.138180183283364	35.47990264759542	29.64901069326012	43.93288673759556	33.79346518951246	34.647138075236306	37.57667707618295	38.503830709196755	31.00163417367878	28.883334438504555	34.29105375317088	35.642024500347816	37.859589745621165	22.95354446475824	31.78936294038268	31.94070070732119	34.74795988355363	24.285415341303956	30.54029503632434	33.57210012843262	29.675961942394366	40.02984785164844	34.38439943145955	28.102669588351958	26.076292629385726	38.737763289164356	37.43526377376293	30.99143847425485	27.839767649360567	29.399011818877593	25.749809501307887	33.49011433373638	21.45288917830272	34.17280263842787	26.40459410996714	26.97754479955456	26.29189271068995	42.414674319402955	31.04264167544708	30.115969008778098	30.46265305572177	26.765772757934194	28.25386416158488	30.8748029517917	25.238611081702903	22.16640403999824	24.527561644713366	32.3060633652821	34.13666941178738	26.26817293304742	35.09437416268025	33.01711289528792	34.16896740222296	40.62316084972135	31.96679937718753	33.742966762765654	33.7340045465942	30.686233113910845	39.10752856694278	32.04683887405897	29.635203331759158	27.40327907623909	34.507286626246604	33.481674497254275	26.699103007293843	36.22361967105626	35.34994631314864	39.59545234079837	27.499645391857985	27.263062999078215	41.4247168832227	34.3292335554637	26.78023043078401	31.07873981845122	51.615991055776234	33.154485334665395	38.78727175497487	30.856738130402437	34.906513486077664	25.00233092411867	33.48843723617111	30.087353232483526	41.476716773335646	31.7609235046314	40.59406157570932	22.623991097752008	20.789371755245565	33.466845924755845	35.412825131025095	25.417564496786646	35.98499609533623	22.40392776655831	30.09189605027312	24.348802106017363	37.08681251492552	22.81461379517913	25.03211010461609	21.454042830730934	26.0722675630269	35.57682746429698	33.53525563784684	29.170227147588978	24.62872322341117	29.78007029680399	44.413635583384206	41.30362656702495	31.650910541754147	24.94684610113371	37.693374638582775	30.768066818712196	35.83159037164669	31.69395119603043	42.54332122071112	40.729085856506856	28.322847317307794	22.46714050161527	37.432436693935195	27.376275063524947	35.440039726841356	41.28138788367567	31.679204595691647	30.83357100814995	28.809610634792822	23.804615550217324	35.05582556535769	29.86363526251513	34.3997190956798	20.757841330096568	28.916241887836225	31.888182454426193	42.113568509297636	31.554143930125882	30.90652010281287	29.48871202726057	24.062721159313785	37.626923190306	29.084358072373718	34.104696919626726	34.431052636045706	40.31265061424794	33.28023018721357	31.03103052844776	37.860216767749684	31.592840937475447	35.00519983689912	26.891354775791623	37.541652646257205	42.05155598736638	37.97282959682783	34.61040012064267	29.217891272738804	31.90988516159188	30.779797582911925	31.65023025352704	32.28788224159031	41.82975130062096	37.458269347469745	21.2074906056682	37.838268219598916	43.9353524778196	34.495314805710635	32.2836353131433	34.7812150260609	48.77708196297718	35.94031913385193	31.037836651980925	32.645644774725376	34.85611341998556	25.507845196310665	25.294394231106427	37.95281494183493	32.151689679801294	23.895326251057757	29.317271512240822	40.68574106191903	23.138241779267773	31.112611010946935	35.3616283373492	40.09179631151515	39.42584879532308	20.14880866134817	28.324805775733207	29.024183694122907	30.89692010188365	38.447901045162766	36.10895758597005	27.102257347586235	22.41805574739693	25.550746694315023	30.45478495974225	39.646821678338306	39.94667386791328	52.7819571856303	42.03720558077545	33.65511773102221	30.815351096661523	27.096878683058335	29.74750171799262	34.81884802650188	28.220430307451213	37.4113159744463	33.38375977321138	33.23476958472773	28.098600115231214	28.681502197683212	30.479218359461978	36.78464178471147	28.569363178245926	38.6394881156307	35.20312207062473	41.67698539190921	31.196792224956543	28.44625864171316	26.93655353407415	26.96294713753756	27.773073924580256	29.79987251854212	39.20237128662796	26.563111210311135	31.394662100906363	38.17562058682123	31.10746211482335	28.883612840728645	24.661543762943786	31.372158569267707	22.352397913569547	32.4413437106799	34.229125420929904	27.21278695029396	25.280020638933948	24.29950136875095	29.885475085198575	45.22729515257757	26.873573962799625	36.75547184761195	32.26202411605404	28.017427380380216	31.509619634474156	36.89516165533334	21.808783649177705	20.98286440749686	41.87070643748644	37.435434861338415	28.70073062984318	33.962512351715816	26.022615074708913	30.0489198941862	38.658712955814224	43.5022986422275	30.124554498059556	31.901566284566847	37.44791550766307	35.3809819341564	40.49263886198759	28.42478831013925	21.808335073240023	24.567365625749606	21.404123736826115	34.25105054361309	26.081412430084484	32.714321180184236	40.36166403914001	29.1650252524338	32.29014277302957	26.876175431127294	36.958012003166616	22.769594892716757	34.62280434518136	34.19783751003165	30.933678806808658	17.655158386212396	29.100460611093485	29.362856890946784	25.027137608695085	39.902913327477506	24.409541406623198	37.007561430347444	34.938873625615564	33.67492304083093	38.818342008465606	29.01980544523936	25.18903445741661	34.79687251283529	21.346299483352958	20.81596560437805	27.32103710969128	43.63622188348526	37.542761370510554	31.214547391834078	25.610122015395948	33.71743022196463	24.450736485355716	25.70902917066508	26.98114206507318	27.58423604857362	27.82593367110948	43.464777445781934	41.96025305445115	32.623566546117594	26.480084601521213	41.12945227185909	32.1439500148543	26.236470420563734	29.916257916416015	36.80642956442113	43.475793286488546	42.69894937577915	29.72449169721311	32.38364564244352	23.33944732983224	28.66965896039875	27.326606952121832	28.524597791823886	29.512333937662707	24.910082306525975	37.64202397143745	26.71587908347531	38.61556258344036	24.032689206270497	38.57399688350859	32.26634367019862	41.89420148880449	32.48264822754053	27.684697593952883	36.72834428669975	28.507027549005272	24.58647750752217	25.99663943367158	27.624039402930876	31.439413042983677	34.79091955220045	20.281959973461067	26.788422005048204	31.711145527106634	33.904407364609376	35.019356393563854	31.50424400059761	31.442051054086825	34.61012513257191	32.795461783161755	26.194412840945237	35.34902371359076	31.636885253363364	32.908435035142524	30.78608668962344	27.403166505646254	35.10306148803622	29.291951259876317	44.133256755253626	38.01351860137857	31.17446805663753	37.75382589056221	30.04788958724773	31.608514680289026	27.245656045416922	34.81391654391084	20.357514700158607	39.72091793035899	30.59140403337474	33.14265674828587	23.096491745896753	34.104617535306325	47.97523650009531	25.47842122058516	25.956062470216292	42.17542638542836	32.84088772018875	29.323170023468247	36.266457623322296	40.483549579527605	38.053792586357375	28.48794186067163	23.595300588833837	32.11939473286161	42.532418830506955	29.5856153437846	20.925060866952496	29.64379856768468	20.503518548941642	27.071896983069877	35.23928750422587	39.49149742301522	28.176126539992193	35.193361732433196	27.629965346777276	40.744389589271705	24.392673892368414	23.907928853017527	26.60218287268778	44.84642587812516	28.516629350296352	30.44770032049221	27.1573332219557	33.61464602891715	38.95643966280154	40.19816446937093	39.76993546853863	29.711014334939048	24.983327728007623	24.856667643713905	38.40490389580355	29.169456780395407	28.416482207952786	30.80772388448786	21.902978390088574	29.90810663754121	28.440395102449394	39.73244802614027	19.44880646538936	25.735374153959334	32.57326097748979	28.63820631601721	27.884903710812907	30.929495591914	30.71419163013751	39.2287958259307	41.37690854085216	22.8933858152458	28.603979759531093	24.675551044682777	29.33481535876341	32.83586236668158	27.45629432620686	34.53812272412973	30.25062332278853	21.91602126130156	25.298147973677818	27.499376278837893	45.90037759205667	27.730495875272545	23.01614087895545	24.66222934225479	30.715182503909684	30.25477688954932	40.66075796607712	39.26918447638209	34.39777068192403	36.29725129938201	34.90994809068378	28.535926867310412	26.06006943515201	29.221801194326428	26.740407390586036	37.42552821085339	34.741442285133935	26.933711748128886	34.8269212714227	25.85972860209192	28.039622244965464	35.86311316584042	25.403480727027976	27.557009858487188	31.25373943987217	43.82740348451539	33.481727534835294	31.881631940147688	28.431746663319633	32.010213096908004	35.82296147894853	41.87783621597847	41.30566832888199	27.346380135503832	30.088823433423517	35.43502789831239	32.008257199521566	37.76230020565819	24.937831155911308	29.80042364201535	41.93084527819961	34.439189814639974	31.384322740461396	39.84758025327961	43.695699525692376	26.723456683875003	24.172471895891945	23.651923380693656	34.501293400388995	30.66111591248461	24.135018365477308	31.593000074208323	35.78798775873909	43.95018115269947	38.65915346380388	29.05526124938838	30.827111603878762	37.37383482526115	30.140145454964497	40.02288524084374	33.52326576844912	30.902495655025813	39.24216461650905	42.75451101335979	37.26502186080274	39.96077041467838	37.71026017978156	27.008828269264075	26.030038279394006	36.03740529056584	35.09746299931098	31.63904060984069	25.180788786522967	33.65924468058152	37.28126368335844	33.13395535910515	29.36144351507377	33.29047675611906	33.81538577599535	33.986307237158066	40.006578610012866	41.026918188923126	31.501317860985353	25.696877895229044	25.15253714392862	26.947140456146418	22.912732639734223	23.849365858004923	30.34779404052482	22.57375175275241	28.321906514658618	30.90100698025928	41.09484112866411	32.39554585042043	34.16736289949111	30.382816380390242	32.100107659218445	30.690129302607584	29.623497576479117	40.75088305426138	28.535834416736783	30.683380984891667	35.24143743245921	28.654899877416614	23.503485394299613	42.3051787852583	28.8908825531099	35.71510180524447	35.421614072888495	39.50077667649609	21.548839851395076	28.63320327436056	26.679399239850802	25.31225649058537	30.358222325506386	31.361829756433657	30.308570127964522	26.52697415808944	38.16433332715919	35.279701018744724	32.0547092911118	44.238413516611665	32.622934547723496	33.48440991277523	26.977894288265922	36.750622517211454	31.457573244463624	30.38775550577485	34.16775756377431	27.596569866267448	42.77934222509429	36.87713832234502	24.409482473225864	39.504094439098644	38.73070023500348	31.43186732323696	30.569475981231115	21.7011812449543	22.389285317528785	34.63007413038053	42.50321613512707	18.11953897782748	26.142403232367652	33.738365778833874	23.42403275051357	33.37614332815974	35.04437542030615	32.598918334613685	36.67798974359857	33.222063266638756	45.428572740255824	36.45897355607595	28.21799730076054	27.35417463877286	29.45923483768229	34.262773038087	36.71615769641493	40.6222219013513	44.265022544337874	34.6711861065627	41.82794561513744	29.25122398294284	44.432797994203696	40.82890948453337	32.82581776451723	26.068272488575097	28.178950807053177	36.623589215014604	34.40633371438713	32.49338636370885	25.143234327443057	21.877939539782847	30.198280861387765	36.207357729072264	34.352981931591835	23.21997415565522	33.45008202487014	32.47263657460724	34.08573824790798	36.56869891257529	35.4678240122448	41.8920878281679	23.183260333735184	35.28655038613562	39.85906186223273	43.5828131980804	29.02715333186613	37.76370581354699	27.62110006633976	36.668701577647866	27.326805360831326	22.044195122678936	29.213714724339603	40.60632107912757	28.895528136450302	29.38803749440438	46.30170651416092	34.96336048732528	30.17267042879206	35.115309371430826	34.51973030912385	39.66130294537198	23.180680066368456	31.31269262991822	37.62447755250104	26.629743059340047	36.785383003811596	21.880962204641285	30.118437327142985	35.24436323472421	36.07334884145965	27.74958256226438	34.20337084348766	34.411492812127946	25.620516645627372	27.81251275305929	33.7273027565579	28.502285786607406	39.52869212209619	32.86991531550678	25.109345063231007	30.439573437306716	24.520255312819515	29.21354639704533	30.771830823693477	28.59921029091675	33.14998618509061	23.91164973215171	31.654515891983852	26.97464541135387	25.66476392515783	32.49124103233244	36.324219863523	25.15719137595046	31.121837066943762	35.84263438556081	31.79596987318466	36.54119974317968	38.89927175290491	46.428270725127405	36.784535434562805	28.74252818664243	31.58382871296701	29.615144630034248	32.58357047271858	27.41809853014165	33.71523654209241	30.086117882216932	39.5265852173429	28.35576041381349	50.95940069704172	29.690090385415168	41.6900928347486	26.987547870712046	38.855829426242316	23.84021408707035	30.761243116278482	37.47156498693434	29.79297663926568	27.35341584092364	49.16868626651394	31.98343781704678	28.922984856778957	31.426670678496357	42.18638138583048	28.6840041345543	36.60991177761215	29.224024625945606	36.78731730772214	40.29724911068013	34.19127360318085	39.01532524586567	27.562479818541807	44.8992250735855	27.780018427309468	34.799513812966694	30.79614233284589	24.8096450988109	28.099930564522992	39.48377022782684	37.53022567579797	34.83688481040505	23.427582908546405	27.069940547156367	25.403967086751877	26.608623796673278	27.160884216298232	29.49854242406564	22.31764372756298	28.19842817128449	30.323649371615822	34.26491576687049	34.88864390880024	25.705222136647727	25.146374149080003	30.614989356415325	43.308249211610814	35.3005573476773	27.235441391061304	32.652472477141316	49.14802733482151	36.58336867735648	30.547893784928753	33.7345038486505	39.96488559222721	34.776809176022134	44.32815035037398	23.743517043540127	26.150876570841977	36.0219665937206	44.97777849263278	42.56426251318681	46.53179165940742	35.00280527520921	37.246567893618014	19.743539531833285	35.03002468669103	32.90862342827841	34.88816146636463	21.77960159379807	26.768685271186662	21.96437198314506	21.35742083391287	26.033081496232782	38.49544327151276	33.71106525077309	41.96294495703628	36.25392351753215	38.793114810691364	33.98274250412192	38.5986048855264	34.45413646975858	35.04221274934611	31.25856299249826	28.84819301272643	37.732618744371784	41.57201437163011	37.442010497500206	26.922575700517744	44.73505822654065	26.398817189384882	32.81248746776381	19.523544058008728	27.8042682264323	22.916429574819837	39.818813533633495	21.288995665913827	32.94255021014354	28.032478966451755	36.675047686766526	22.53511038456851	35.13357475731115	38.605563153293815	34.78679019405674	48.744201027134494	20.594788935137913	38.62440054964285	27.64123926892956	26.27133391474777	24.84470990639029	45.025516093665324	27.05895697363511	32.47185630692607	40.38529221398834	32.74260565746326	28.70092238455119	34.121106938819224	44.5778999415804	32.34013151538686	45.80439854580523	40.10026423595164	30.196816273303476	39.50328482245596	30.75258246913181	25.629494923466424	40.32861565946362	26.6107107180307	25.210652749125465	32.508191286644355	21.00906226755203	43.94334602148629	33.06100035905937	31.072585312518342	40.67180186623015	50.0068734217841	26.47969990520585	35.00319120013016	37.90370750184089	34.56608847775005	37.97186574958308	26.90961605020395	42.282839938049364	28.8423558516628	20.364926085390447	20.9225359807432	35.62269544204981	34.14563569898699	33.601084651938315	32.04373166388931	23.206414686690877	36.17063501661949	32.89396079020784	41.99470690132899	31.802509031638735	30.730747175542483	36.1839568027892	33.95390902451909	30.072533710831163	37.895970911727495	35.33497897948164	34.71940028353585	17.523033702247616	23.81615498555592	35.414010150323975	36.58801589964933	30.62278442420948	33.38484177493721	23.08523208037651	30.3385248318262	29.645400132012025	35.797207323547696	28.347311174902348	29.57221360009721	34.994652340044695	45.07492415465213	32.325205396301726	25.30135501016075	36.41309707385177	26.517232152949145	30.553971530311273	38.96050510859806	35.227298665544026	32.31405265373404	29.358409874570025	36.64344127345844	31.41351242192835	32.29475029946448	30.33318624492787	32.012966613770246	24.005257858677002	34.129924494400896	27.87040200166268	27.159055642979098	39.35111730307847	38.527369469795765	28.474912359733064	29.537385009222874	23.749951096368513	31.931666229700788	42.15188875105381	46.05526176563852	30.254534205628406	31.486088767997547	28.136131132317008	32.292510664966784	23.75690662009184	27.4478081480338	30.599436322458853	36.023633526327195	29.616360956011235	36.009871020756464	36.874191746580436	38.20556803484308	34.590750387183	33.01395483145253	27.781700308050947	33.66142108012758	25.53690744534477	36.170269425735924	33.418796758730615	23.5004031736505	29.906173862792553	30.241930539235263	37.99104363124969	34.17999865468169	26.87596200156506	39.57993125760784	27.748965665966697	21.861051892071604	35.21509139493759	35.71597625908494	30.25557658016484	21.216796616459394	32.49690048790278	28.613948161609567	26.31498963225012	31.35808675866656	25.01805473545784	23.686523872283924	29.07955339937675	32.47541280406297	24.689897376312842	40.92923853615556	22.105623511188497	29.234104434197455	31.19110725887533	44.60212203176881	31.8186754987043	33.83369334703808	38.59426640871964	33.647135204174674	28.84623291810451	29.340912624467048	29.59612663512123	28.633255915203147	37.56822760680063	30.37015375459554	25.884351902811748	28.82077203990483	31.54751051300351	36.097627765921004	23.67145326856647	27.010728804897287	26.004188607873264	27.173141930533166	30.072763027530332	33.58076376848865	18.834456838084108	25.686199249693782	34.81573067634138	30.023723766549203	32.36579984691427	26.01812210985716	31.083490180646837	31.7511057805583	44.658524833200026	39.41219463937103	25.77280305030296	26.936080982523787	32.88410529673936	43.561104834259154	26.277463207134794	25.127481671644414	29.23748838187599	26.853021444250693	32.444531807486456	37.472491822403825	32.25160767146714	32.61796324386644	30.304061050651576	30.418629230274867	35.66143475087373	27.859990949759865	20.567077230092732	42.71792066161591	48.73845624329163	29.580134821367285	29.12718314003303	35.90972844270942	37.85732125794734	27.189493115226522	35.18309016365687	29.61357563214894	38.91991289840522	28.44509760046407	31.686999572489537	34.466924390437825	40.73596330985151	35.99557502743043	36.69124150081066	29.40249959079846	29.250042416717392	27.365355975340655	25.650907464439847	39.7091912334301	38.20497206656104	26.340671876644237	30.759896413313434	26.86812730040343	33.84858632873439	23.5422351277014	39.8233139581447	43.14251858781905	32.35167634428884	24.23665530210459	34.552779339128726	35.616385432891455	39.563071735101026	44.204926550547356	31.39504924821335	26.15420719938839	22.66038688444132	36.925919226410116	39.21384048188704	38.10700633505068	23.9773884027276	36.580086454758074	32.65321626780651	25.999813152868533	34.94529187168113	40.41326782782854	41.182427510565674	33.863009371321276	48.01589787376562	38.15435815946659	30.3788708469581	17.85160650703561	31.644088072227735	26.610927009186987	31.94093812741847	46.538650763263135	32.41008773010545	35.83642197686328	31.429751584216	27.853092319198918	54.06181463822956	37.84800490363462	42.72802725340298	31.443702265742317	33.45975477771341	31.63808662889053	37.95506409058218	20.590712810732587	35.18714387976771	25.61921142923568	31.431688030633627	37.78056489060757	32.659507666239904	25.695340465478573	33.36681929529995	40.17177632500869	24.085980240754118	38.16104076438674	29.509205861359725	36.151246551734715	28.549671090436426	31.292941652011923	32.00365388939435	29.31775996908563	23.781402777640498	25.625983462640473	41.702365493184615	28.643407634389042	28.556119974071198	24.678827755431147	33.070341699243194	33.28675135442112	31.521689709558707	31.820444712586628	33.39363615670148	25.120563630080017	21.729563775756485	21.74899338737391	24.434346192603616	24.37830579116562	37.6644825209018	24.214243114448244	32.3546722700717	35.48228812579022	31.456218667657357	34.87488901195468	25.840031166900093	39.18516212546155	31.186610993099602	37.91562979276208	48.79953773522467	32.436440188124415	30.23609080972164	25.564950105811654	26.742227274448968	38.03446833139167	26.4675070342924	33.026187512422354	40.812690571415835	33.87940167192093	38.005748345283926	25.901097889145152	38.764521413629396	28.76909202440179	35.7261911597663	41.46943471319203	29.867816187670005	36.78140634787332	37.38815718089533	37.474359192670256	25.328613468606424	49.582887179594046	32.775494764962495	35.51702155917216	39.93724247227805	30.455522120973818	34.38872064665816	42.907130102452506	41.359406952371074	30.844861219100792	26.17495367616007	38.51820844920275	44.46827672899984	36.815846987084704	31.908955415803923	27.010196154295954	35.17925087523687	32.69891615871493	33.94292031778177	30.829408904595223	37.70414419421115	45.950383972431275	32.91762116604418	31.733624082434822	29.54095782100067	32.95765666990606	26.628872207109183	27.177912871728644	26.648968410016597	30.50907531694187	29.720967048056664	36.66330718261533	34.309261030322446	35.884179939976285	30.56363515869302	18.789400859760704	29.727862567385266	30.688311540441934	31.21935961607007	37.12154872569209	25.87929591288921	40.20474813076455	28.055202297351734	27.484278790261893	34.951574759071605	32.7437675725277	35.98079790120397	26.40862278989337	37.105514711752214	44.98310266711373	26.747381297816286	27.833280657051137	30.258366162195387	20.237932954453406	27.23331754181005	40.702558435325265	30.70805581337452	28.275693612197237	33.34626191086268	33.50711821188446	43.13120464491798	33.92486507912253	27.364321762961204	32.10507386018558	42.06149617838024	32.334215783208094	27.586036080085808	46.67328347291251	27.319418031894713	33.21689980920959	53.11511966682656	28.658882950861038	24.64674153859004	40.85216389777861	32.12367231563945	28.41522458370926	37.82728681701247	27.254949184380944	27.38295803992372	30.710630136505078	28.032466457430036	24.5748353479736	29.085606576899366	37.14357641012487	35.91129690251585	37.10432164178655	28.776113402916568	26.929124317071782	39.750243370328754	32.93067842453953	35.98056857349209	34.96826515331758	37.468563801655606	53.371253664760985	37.02490190302689	30.6919323349478	36.1694553329255	42.96862170231506	33.14132140428276	29.71830689019279	26.65762994158001	21.68658955758725	34.23411999609201	32.06375111290292	24.535646536670697	38.096242477351865	26.07967284158939	42.00587099585618	23.50881514215769	32.022785621548586	30.19218901757082	33.117461160133544	36.55710358210495	41.233064153469094	44.98686881354307	22.957424696504923	34.928119191127195	37.27714574664099	36.864151434111605	31.42970226731135	28.33355089311307	29.49158885685829	27.509901154422497	32.09878637002561	34.364828558015816	24.867600681442468	26.797866413442684	36.61332801485326	45.19522008318957	36.52483439473112	30.994249440607437	34.57093851858053	30.832285277096872	24.285949804058873	28.55123325263698	24.15639572661783	32.85439325041005	35.86228795863454	27.756024646938265	25.885338403976366	27.97535424972604	34.39850320099095	37.7648783468841	33.55490983075061	40.81328640884405	40.11134240681235	35.63617898479761	23.909531181469827	32.572500008013584	34.78692719030206	27.555568724289234	30.30662041967133	30.647272827700604	27.612708010170028	37.19113558905868	41.94906355775956	28.545654681015662	34.15077765283291	35.22121109190236	31.070340500198892	36.13726192149373	39.820272047673726	38.084076165695485	37.150400409496115	21.562669737525713	27.719405992284706	37.332847851388586	41.287066959670675	36.54006403667437	35.61191438450544	29.122765538850818	24.41318763234118	34.918766349492834	22.422614737339817	22.634913278364856	22.35552164167219	34.292581512659666	24.484826825585383	29.727414489627154	34.737683357149955	28.0012379181348	39.43774649416744	41.52360079766242	32.604385373249016	24.248734008210764	31.524732823610623	22.158980633107735	28.825380455267158	33.849007646767944	31.864566577467762	26.97375032831928	28.025013518194097	30.38401719917964	43.96352442186232	27.64999715931238	26.096313761284673	36.6855766196603	32.16125021640162	48.12661637125467	27.366883053451936	31.66533257565976	44.30785746513269	33.41898164417255	34.952539039502334	37.97216996126447	31.296322678225007	24.938361451894973	30.344922447680837	36.84133291320506	33.019077609931145	36.05177622392959	15.8711104659755	36.00287437368128	26.855901971366077	24.829752205701055	32.40547075558038	20.70791336126689	14.762993596823343	30.921056061524308	25.484241528921995	26.80870373602287	31.733704487513748	36.687140449317475	37.401525693336914	39.41804893176141	29.88687600980041	26.002652144758972	38.949062057600784	24.753840776091263	23.75487591469941	35.45293789798907	35.302147669662254	34.82324983676571	35.56135866318852	23.407098662098758	28.137317762374796	31.912471184102806	30.747313372915265	34.8624029340839	30.521246772138248	29.3684493589974	36.14293059778211	21.781204084254167	35.71247982135545	23.7955487928366	30.001144641466162	25.013446325193406	30.746894290968562	36.90005925252838	25.472578337003934	38.10369035889293	23.493211488479503	42.39427719954529	20.964611571405698	31.84420889960729	28.539410089202285	33.20303129923423	34.21863293943556	41.12967659703873	31.826714018073176	35.21449122227436	27.647779393522825	38.49413669890689	36.16443167945018	47.02063160771232	42.845872070190545	26.155443304509397	31.340357669823977	24.099609568853666	45.98620888486514	33.60640423572459	22.78242929408875	29.61803268045589	39.912724850119574	41.082369852694754	22.966632277549298	32.781384725838215	31.988214001708027	29.402768726953216	28.593200750437443	30.487186969820236	31.385563809635045	33.61203629657353	44.21418372406783	36.073501022558865	35.39213792104578	38.01429054945142	40.99061370571775	29.50950151993966	21.797229868853954	34.904049064848714	32.89560819044579	37.18272495578858	26.947269141098072	28.69731555215937	25.57764320382037	31.346266080631587	23.5649651592018	23.617441543373467	24.632348792567324	25.230717432812003	32.130964829240376	44.23645349375949	33.71441004685643	32.994474522212826	31.025065388430733	27.471456410693595	31.50824718120577	28.935508077494926	27.640866970563657	54.11988404081558	27.267806360705958	32.4394983367695	22.32226724555281	38.96736419276235	41.30534344830708	40.32835426409005	21.47852703257431	27.78649181424832	28.459920369884507	23.33861671025863	30.627997960385997	28.769458035714297	25.74389833784139	35.07954461757693	28.707055866991542	31.894463932334556	34.71490702116731	41.39851567673006	29.98438348132541	33.32845745503322	42.68972807892033	20.615316382907707	36.34583379315917	36.267296501972005	32.74174684924277	26.759841935826262	40.49475503009837	34.766223552108535	33.456721703675726	32.55730274762906	25.170303052513443	39.597651216018654	35.19489209188047	53.62762404098009	36.659779499308776	40.886089466415505	30.537268821193038	27.925058442766574	33.8157082434219	33.499362386362186	33.59915952884054	43.95006759960062	33.10070024658551	27.103706195426465	28.977134357907055	37.550150340276815	31.104415055482836	26.781278626887755	44.96967452816447	41.23623061360925	24.48531914890083	33.99452783067339	29.571474550382728	32.26269507325916	47.20144182312819	33.918732545655615	29.37303073284808	38.12716388288902	34.204981731979935	41.3732023099992	28.35574344598332	31.514696231670523	43.93336142127189	25.59448510917275	29.86838909466499	35.81921032157917	44.24870393952881	16.82028738864918	23.733761095959792	31.833635473096233	24.913527139235345	33.93838268970265	33.4417523559578	28.25540630727321	30.568540224812217	38.69420540379861	34.325520363094306	43.6875294933255	30.62469003792699	31.166268895037096	35.79396720476182	39.896774118511736	38.90056465002236	32.44707119386901	49.22701918128491	27.44864334308799	32.80938629853759	28.632842749405235	29.519164927637853	26.080225393500694	28.90013230172705	26.78448050584172	35.30635082684062	36.70488156968331	35.554957152880654	36.42328677027895	39.95250646746963	34.997365237805184	30.70907487841313	35.67297043733121	33.94082502132783	37.04589932114453	41.51666107166997	32.764538409905335	27.03268336447824	24.22976652179705	20.877195142257747	40.342598209553124	23.6474401913177	31.276105657609715	41.89384268994108	31.189246821551034	43.03495773328597	32.7578538113746	37.823980873540414	27.12659936220327	26.223050328152713	32.9239885208132	25.642139163649876	29.973302424612804	24.8236359673819	25.42350921179756	24.124638510185196	29.075786231755046	43.49672284719427	36.79624271548922	33.84092148732157	26.515436469428277	33.753547796766675	37.86690810178563	41.2845706221039	23.100710436792884	25.885738904288782	26.405242508991197	30.81658080953101	51.4194375483592	22.44850469827875	32.50842282473031	20.172955356875146	33.61901641036456	26.878047479474013	17.038618842966102	28.622699529167804	26.871389192329435	35.12595983937548	33.26409382827427	30.865844822404675	27.526872741040002	27.87778875251646	30.46560972863857	25.71551451783605	28.672742662317617	38.042665867983416	25.161186396190967	34.20294328091911	34.283156209805874	25.139473054377273	41.821710070167605	38.548580070644256	38.35929865661949	39.34318756793271	42.54231445056785	40.11254081526119	33.34294601649569	27.638558040426307	41.50612700687946	28.315421490459126	23.941247669484028	52.47086293208499	34.58368250194718	25.993572360590193	36.609794550774765	42.4246297051563	24.670642890678003	38.92068315293221	29.382961465624984	31.097576467378424	26.76647413436869	34.67788987628315	39.29434968972463	26.268952984375122	39.54443437939041	39.01345195540125	25.83663900479511	26.968072744833652	39.23217878669886	41.449704339904656	32.921676531253084	30.14647757485568	33.95572441202722	33.33012150753387	33.95955919144252	27.535413231972885	24.254265358622025	33.30322625085653	34.74306177192997	32.42409512771554	33.267583515005235	39.870676591128365	35.22055368129651	41.35198690910331	34.48043640849128	27.415582142748008	32.1421250801496	25.378713900521994	35.76493185392316	35.429136462830655	31.084511669173292	24.643518740436726	33.058982389806964	34.21606947065203	31.99104161069581	27.287263083444675	41.800796787392684	21.72830543652124	35.36385334893572	40.05017375428761	35.78060289305048	29.507855639181773	40.00480205602295	44.98618602752063	40.47151106482859	40.589414568355664	29.82596572885504	29.73329740668903	37.89730148669406	41.23623950636274	26.867347437260673	26.63732266974533	43.136315272481184	28.48371348461448	32.25808837128509	26.75929569885327	36.95904922717815	42.32848676277274	26.843333380850016	26.83129632605018	30.798250840626228	30.533478088590265	24.329023388629484	28.735054648811126	43.95574205316026	29.05603407812332	27.688418931848336	26.759863888882975	36.20296546687053	23.52535685088397	35.32214957779412	29.02942842298212	32.25976354936295	26.062721046340947	30.17116320522182	33.573873654272745	28.6368220714012	20.536599047717463	35.71611984437682	27.949729211359788	30.533874396220444	32.083368262721685	40.585001269957004	40.45408026264296	24.001708145793646	30.511612599319555	39.0321796084786	33.15586653445172	36.13410274812517	34.899006688125766	38.59929853152842	33.37492941761686	19.56873653953963	27.02026343496469	43.3502019682895	38.41850786318439	37.862944389471856	41.369195978253614	28.150087889227056	39.15650088066844	31.744248539046772	23.557002411052572	31.79865909053702	27.483740400406024	38.010804931229885	25.93332847496186	31.522339489642654	27.75343686185424	32.648039214535906	34.538061510650934	35.17735166468228	29.93833032636545	30.579224937536395	28.69657538764342	38.00759994991134	23.893446169224372	29.742795785712303	27.625669132149405	28.093417232852268	37.86878923916812	41.76753125878868	28.98350690987513	36.629578742706116	30.759033162806485	32.19077486540602	39.68837376277464	42.09041405794997	30.866435526331735	35.77091030483782	17.65054420607228	22.99314392935374	28.559352740544316	35.948724572950574	29.387750486124173	33.95594591898757	42.28613314549047	35.49522936386985	33.50090597666795	28.895974445887372	40.035808538248254	28.068695230904293	34.115087475781266	31.04247585230608	40.7653894222531	46.404770894491065	32.477598452399384	31.09285019970503	34.94947131981027	35.51020188299733	23.430532113112235	33.30735313270332	39.211120538834976	42.09009875744137	31.708921369285388	26.857410944403647	31.230502284555698	29.079561952782136	28.503883144561527	29.271997780987913	36.98798660266543	39.921767181315936	41.18877008991015	40.873442357985105	19.541507934069315	32.79462271376966	28.846683971880037	32.88273889233336	40.08418261113703	22.831667972858423	36.097299738775504	35.5123934185077	34.24101277975298	21.383885905306265	26.499936955701997	27.312298293340227	28.448101119974684	35.02331578038638	36.972830755500205	24.77970785463309	29.892073745165035	41.295630980900796	28.481449933181377	26.925025258100302	51.631118581344296	33.782252839127416	35.54936310585369	32.64981124148488	36.23871882280761	31.524753498922927	28.55249742095398	37.483934091987386	39.28376547617297	32.93305489415231	31.79417500275561	27.376220259243905	29.425967077845637	26.16176155375897	40.64085911692818	27.61200666997059	27.997737965061308	36.845082662940484	17.789496568141647	44.36827162467792	44.43702268283697	25.809232044133736	36.342341277368185	39.73236677052838	44.22735303108984	37.05588600271183	32.61396516845032	44.4840963108011	39.84505399895375	28.53412705181722	30.039383734771864	41.26407750494213	33.162409177211046	32.595068689839515	19.685008844810973	28.72052847409669	32.18575394543443	39.6254965316161	36.17172339958261	33.17648149370782	40.09161906625733	20.96111126423153	28.770491593402518	27.21453806447698	32.25416685371157	27.106373754815515	33.329063310660935	25.360732430851144	30.010328798059696	44.3107424137055	27.785839314429804	26.6203842324391	27.24811091296405	34.11899973710282	48.825851035245186	27.13664316084776	30.874219559622333	33.800039077516246	33.42663388961046	36.131843058630196	33.16803557753284	34.730698618481824	22.748079080301	44.70817594988523	33.10265097150872	30.733154996631463	33.34707685377229	37.81775614074917	35.45431624037617	49.13368547696321	34.88374799044135	36.495158272718356	46.29250355990851	24.745922186410496	39.59903489291444	27.934850917438002	38.46980950321332	33.5993315395111	35.735066948084054	32.69376750412389	33.2537137473157	32.952314039877415	38.18417339635175	35.52129388669904	25.638629829101355	28.266104090165033	27.536443045443203	25.255223641730762	45.801485173883	39.82446572253849	43.283553464737416	32.23938468068097	32.642325994382695	30.665846078718968	36.273500712010105	44.0093857767716	33.25712776514523	28.13831793656158	31.487274306963094	22.951398203027047	28.74782586221512	21.132040905743953	26.761194990325006	33.61338975453666	32.43449384211732	23.185097363271378	25.881592680483216	33.697180268125244	31.707753788876875	32.687605842228464	29.323579284011707	31.751430314096677	37.724273265342624	31.099668095625223	42.75674357488423	35.75384866743342	25.8374255023702	31.577109831991525	36.9139717297234	34.269502882776685	31.57125425609502	44.111978599939995	37.88305605227578	33.61507862840982	33.758288489093644	38.399552955906024	38.972863778240594	23.19936813407159	27.198022234349786	30.64864908422873	29.85549787435699	29.828847936849943	27.036091834845855	28.895084573716204	38.44894204516136	24.81111095189399	34.227131385618776	32.98787124213829	28.11886747554926	34.090336176607195	32.034168956208255	32.07363523216143	26.832657581583746	34.57964023394263	23.634675221454362	31.30786197755747	35.5735274365394	35.87646345511942	38.08332129220604	43.0055043633246	38.169404873473326	31.611771419100634	24.864597601338716	22.660762227828688	38.29178969624986	37.46652812928786	40.80946176177687	29.130602963991855	28.67801554969073	28.405728414308708	38.589619760889214	38.38812134169533	30.587573939208916	38.02766988949359	30.367072159308446	24.390227696858116	31.255076057012605	28.650281964163117	31.68700194423223	22.308687009814058	19.86097034197713	34.89168010534063	51.09515502039617	38.064514520733475	35.17637136775336	32.28682713201345	39.05290331973261	38.380251612437384	43.31075475008448	46.2724257762376	32.81692208230879	36.54781460015753	23.42600254917484	25.481895896610197	29.23607042235993	40.86119756398932	35.692717823908445	29.907363877471994	35.58852192133391	27.267437493218292
G4	32.84350082391499	39.59630102714039	39.17527932542961	33.03402051419934	27.956252517844458	27.319006692159963	31.893698210754913	41.693789353721435	41.14155673524956	36.696454652997275	26.697634031650004	23.486973235367042	24.419446873886017	30.927140024220595	27.383384762605427	30.885385490027367	26.987330123949093	28.21910198388199	28.85965867893861	28.615911884590634	32.96508185419482	46.58701856573386	36.601349016567156	20.490733650480756	24.681428076428677	30.081173152625432	29.354503324370732	25.9480606536863	30.85216004366795	38.939933848553046	28.996480777695435	29.072262377958236	38.21032346208632	35.485751501712656	22.82168844738703	34.728416698341604	29.157729268290694	41.23589922015102	33.87905630020019	30.85359653220741	36.36923788390319	48.47582853487379	20.838247134875846	20.68091956642352	37.31652856007536	39.492207415111004	33.43999171352134	41.83813824491892	36.779280401531416	34.60634282103267	33.9680531727235	44.759059136218774	25.70193433265401	29.33321124692259	25.98323035235649	33.22860754760956	36.69538813841361	39.652657949349745	29.69679541119789	39.09402207783602	19.1671813770171	39.21315528217287	38.21130963125754	49.13341204597431	28.38381481825463	46.4526076768857	31.672059628877562	33.78517529837205	33.5558730193866	39.02089794456515	35.15400962386007	29.31646102312071	25.39486821470691	22.928875372492442	28.141585284907546	27.743397671227225	32.39704694330709	32.528201622516164	29.710582095164472	42.65249333049485	31.621893992289095	40.28580912520268	38.012076312971686	32.47331839712424	12.950439667142643	35.510430524927045	30.304002768608214	28.478828166459042	26.690304943291117	27.846609479833084	35.33609308083462	24.378118250322	26.76106766118906	23.511051234941082	29.599407885421023	28.30087561365837	40.70293405576287	39.7488498055915	27.8729610694825	34.04512932508302	40.25435020075371	26.44053353503866	29.472407155729	30.846717629662447	25.07568560401178	21.275425129137478	37.75632698787424	25.196867593659736	37.6787297789928	30.990485231666394	29.24584951034011	36.40859625301766	28.65656353094959	34.564816842020164	33.91160692383344	30.745529097441594	27.326074096582737	35.62258796028962	37.01446696426235	31.44264185946699	21.493838338421806	27.915775201881505	14.837434400258179	37.512729411118976	41.481641830217775	34.13986814839125	30.310489804573184	36.81365154349209	31.52626837837952	23.10311298527393	25.557117118581797	33.996144734390604	33.36774077217277	34.11134240804327	27.666119217137265	43.45368727553296	25.471457732514704	34.31112080920812	31.713891807277253	39.30890016139621	30.4284955136436	29.416456830315727	33.56422533741311	26.7918389047574	37.01743764461262	48.48129571207458	36.55166976308813	30.054944156688997	41.315804085661824	41.56228779527595	29.058525014270455	27.209883771035607	32.5510905311929	30.70941951225781	29.923667168726062	30.24170368672861	26.05742972592632	28.291238232796946	36.932535424524495	27.586307351474236	26.78269279962807	36.43146931885128	21.817100339004686	33.43128265918887	36.831136959655396	37.36905058382388	33.86893193683606	29.17013886804409	43.6170541571902	32.06304286394379	36.800018957763456	32.36312401727684	27.390052077559687	27.447117144196724	28.072967638059623	32.37937922476562	37.05392698021534	40.973395152190086	25.50804014873092	30.321305025520328	25.63765797358486	34.6346338167544	31.43021949752389	45.76106235763073	42.64706241003022	29.152642643413287	32.084914959150616	31.45457698458341	28.226707497829832	42.56723631739065	34.918036083729824	35.94299363891968	25.024097349889388	28.803743286554184	28.279188189585142	45.654481612499595	25.735653300649776	30.633897983129792	26.62720204029703	25.839122268016204	36.76382949296466	28.49710293168112	34.886537785523615	35.51449203271956	29.725466280640028	26.469576965154854	42.966929454853805	26.356261719251066	31.379751458975385	26.99796515163141	29.47851108013062	39.20134359441106	35.28032687122625	37.74351777560928	40.7459151058204	36.134622168194966	27.33094731490741	26.46651145484002	37.62520687043329	36.58498095011536	23.776800842851422	35.279411462937624	27.19872869908653	37.3913000556249	25.78078950133133	31.004794896705352	35.15489657915857	27.661373300930432	32.690688185773936	40.132394447408196	35.29630495840561	34.98690020116948	24.775061815941744	29.134500407696603	29.26701688587214	33.347127105907674	24.68095970023207	28.080471332227145	32.04049515790645	25.508292374197648	31.790820616640918	30.61938327592539	26.199318942126574	33.687759079481026	34.89228020047428	32.25484579891175	38.75888479959865	32.83793759791318	47.754054120000376	39.93023049826535	32.216335462885816	27.109877020723783	28.267060422016772	35.44602782422084	33.26335209425067	36.00482578963984	34.814919094464024	26.067626948823744	27.11869497925961	33.13975015498998	39.08293140054992	40.718266061028025	27.085096232111738	28.5743950895143	35.735825624604175	36.72987806582344	35.37924682336288	29.03152337130669	23.531856498140744	25.992914055229754	32.220119597901345	39.89746520033547	41.17380651773563	31.648445329912697	37.29798288570331	33.15645480989491	46.38599251215013	31.292609367697207	32.647343691027594	25.370295954729055	28.409689610575008	29.189322413046206	28.5773890528231	33.124636445377355	22.41176437471301	37.13540716938157	25.20947748402898	29.73942669618189	25.506324013877126	26.53553774402145	22.72672938116303	47.04734899532608	31.596511763189397	31.85630112812556	25.476268793253745	39.86006697486526	35.13510990974277	28.72641171632216	35.42721831544469	32.23176399342144	34.49907711681492	30.027441195743506	26.078203513354985	38.40692204149693	38.061422556255906	42.713469026664	32.24635552939503	35.633357311862696	32.455687902437916	32.487156361119276	31.07544214168807	25.42876997107124	29.812443504924353	36.27521061294374	34.66254079962963	36.623829020315426	38.61243687814722	28.776832158773654	20.1767848301403	22.82045717863606	41.59104162374452	33.14211781858675	26.88626728026912	29.223740984205058	35.17025962715373	29.07973483007467	40.9831009875094	35.308712587892245	34.885934908978484	39.698052561884666	27.8901013031413	40.894644278060696	30.984787081790973	24.850101983646525	29.363035971300363	29.926371474748464	46.39076807619998	34.37617420313453	31.076277518374237	40.12517256224323	33.766453596591205	43.019407784806944	36.33543432791229	25.31265442598599	24.514499004515436	25.075112120695213	26.538774404646166	28.89660698259987	26.073286812023355	34.18313077967098	31.932104579867254	31.92968233895124	23.254860074600213	28.144714851449567	31.258990865879255	25.410074754400682	28.61069981944486	24.970446165347692	31.421042832539925	31.662503874064942	40.156715223177464	36.244647049071126	28.61732914487984	31.37591984615474	52.651506892433495	49.700512948627726	41.80396585971113	28.324298269270702	31.784569347143822	26.358184343659982	36.583506347569944	30.72859211197304	32.11253241306678	36.07025993872824	43.84392122291992	37.7917404576711	33.29355010120126	32.18327231708042	36.44406602750507	34.47222851241496	26.96190801452885	35.85635289177462	40.9701299658028	42.669403581682694	39.173758841385876	26.637402542523315	41.84381677702325	32.19104841810102	29.553217200679512	34.30985266579485	30.119761382694886	23.00197135229466	37.26776453588968	27.164173601883107	44.003339859492534	26.66908759908169	32.450038137070855	41.9514730994901	31.42528623366576	28.63620160417143	48.66546991499318	26.45924386342107	34.74564847491948	33.77383458615191	26.540697438518347	29.26966854316334	32.77248003611043	29.796027554101304	25.775259990515302	33.27927729605974	48.05932841808771	38.610407201341005	34.746345441557494	44.40357770761374	33.050538306570516	30.77411782538384	29.4098122578365	22.054415395255035	28.308508448423545	41.3408535323497	34.114174703044384	41.01186030710505	37.4557431552649	26.055291165737696	26.98717786601818	40.843750546834514	37.694573649326635	26.402951663820545	41.6419876177223	34.64288231249336	29.175980494320484	32.27172830372896	42.91646630515828	31.805594328291555	34.17874292029914	38.720957836527276	37.03997516840202	43.666780307149644	26.053629987674093	36.331901182952265	34.01752426530268	26.511423423171575	33.83868952548107	35.117397359321785	33.508738109599165	37.75580327816359	47.164196047747396	32.37182628921897	25.286094185753687	38.17960166949958	38.98980989660463	27.171689039752607	33.48449304508358	45.803401148335546	36.708563519471085	28.032576781236507	29.67787510144922	31.486052992761426	43.11643419860365	43.0938436413384	18.619547239971915	22.646413898749405	29.852114150798183	34.80445069071079	28.679055688176227	37.5373807148848	37.851879411836244	35.18534440009874	26.231608196578037	23.711509505478723	29.363967313043688	39.719249234258506	32.977675747704474	37.44540883949847	37.00400328572535	28.28833839423342	35.8474214998258	30.0063241200751	24.419171869589185	28.896616186262083	33.98332909249822	31.656731337794547	36.63195838484483	33.46917754693491	29.060910220527887	27.843820837356873	39.91612053579695	37.57250636408829	39.41838334597273	41.316984788927705	28.477328606241777	39.975223363095836	27.393875594107097	36.86493515025874	31.001408513940447	30.77266965490737	24.167259411966036	39.546469851176234	34.68398524592458	29.839978120798886	38.973489048593166	25.70969450911343	36.449990930171836	22.795308351639207	30.885416905023902	28.209434585793726	35.63277816730532	34.14330376999652	31.328548281631864	34.69276253994781	28.76253006693872	32.588722495999455	32.92196174521167	31.79853630010937	31.42700492009635	34.01298368598864	32.29410823808411	21.760495386667877	26.32668492453537	28.03920694337957	34.68531539212882	21.503706027417078	37.229534615263326	35.38070816990777	35.264191493347745	18.00902056601637	22.224979503040153	47.00166250104504	33.21731085027785	31.931085010788127	22.18373291522464	34.29172582708337	34.07617395485214	37.22607771299877	30.996606454387436	27.672114631081257	27.062653493070407	18.882187538002622	38.498219856620075	24.289214903938998	27.034464166796734	27.567771842382715	36.32952419837696	28.94903055124174	28.284282141139798	38.716918630460455	29.546054865459862	26.84457087417779	21.74223490241183	33.13241320282728	31.206171711012995	36.62038177382096	22.418890596454673	34.89168871381122	43.2436579435856	39.841530715878086	24.676771788939345	38.26266324826152	33.61767025297223	46.624734419372004	26.85876978335524	33.65175404513001	36.262934100489424	35.42979072781799	27.605395922501902	41.51286440164041	37.33913202185055	32.846994571654264	31.61826220615037	35.17372393714425	21.392722750732002	26.933804812638073	28.47825848727456	23.16045546453466	24.401209858425013	33.741414799662216	41.01268906677058	32.494700462978386	31.757500893508382	30.198307345874476	43.74325923921499	29.521339066244888	28.759192722842776	30.75048366298501	35.38919082187033	28.57895239314543	28.80012291419909	37.09461654372538	34.11772981084482	33.91975608250291	22.278298789291046	24.532008656829507	28.031701587517755	31.011506332604466	37.276202868782754	36.97796719094868	51.74429284399472	23.813884288050975	35.4535178992088	25.517627763207162	36.95459137660856	25.529127337563896	37.23747922740362	35.49022460722111	39.72956255049679	30.755744786394605	31.854039986361716	26.714173018539018	25.92105425479239	24.425762335936604	36.73589843993257	48.267389551336116	28.109246745229054	36.3688416609725	38.52662864239512	37.678053424403664	29.160559711101392	26.682135461822238	29.452189672273008	34.84948614768781	38.87218777378723	27.486181723305805	36.09763637996292	28.438233496002923	33.66671153411815	44.25907672648223	41.20180088200272	39.898509768087024	29.969814160693918	40.82191268829661	18.76985189452766	51.36997653087376	29.63818929493811	23.802470777048406	37.34179437010624	26.13307705846158	29.580659119248324	32.6645543387105	31.415824169978	47.49017688247902	39.06543449484805	26.768776005841172	29.594193751630364	32.5070272507044	39.56730892849164	31.002743671611924	32.317542441843564	26.035184470088165	31.977857852437555	29.511618883578006	34.08251700351386	29.706174857887373	35.394066752740464	36.14060884424928	42.79445831085347	29.435248538178797	25.631492665730388	31.610555079368577	31.727278974008133	32.703374574025	23.54011493258302	27.376907692377287	36.779284776779306	36.60131474243469	34.37876748360228	30.108965892560786	33.19812503067691	36.64628901713349	38.36707148826284	22.397684326573387	26.18791316204173	22.497421364210147	23.15881184965323	24.266861734713125	25.59441708751732	24.178395029322964	37.21121430091891	22.34765408101676	31.353915413536775	28.24050913173961	28.47289197768198	23.326888500915736	43.70609866490788	32.04018206181317	33.51207619570004	21.99337201437305	30.01894994600425	28.076336770045128	35.56482406847421	42.147140618807555	29.635063840284992	18.647921390340812	32.177002540503665	31.77166213202082	31.697769969316983	31.436199106322356	40.715975664323565	36.620629506149974	34.487205604361066	38.0947318076399	26.364565957282515	33.06039157475395	27.64346735261923	32.532626212150845	31.513586296999097	28.55163224085108	52.499612456091235	35.09371392150603	30.594858927322907	31.739420845856554	34.85483365128769	29.35473609994532	30.12400225231468	42.20275852780825	36.99568515010619	33.38375155829036	36.50798999100679	46.49830757776157	34.46617236844646	40.82803414393793	44.647241387601724	37.068013669885914	46.171993074883474	38.77617334255979	22.988800886410054	29.64605814662872	25.417937736040372	33.128262570483024	29.743826680896568	34.700094997092776	40.80173745177772	29.16236977771631	29.63897055222736	31.51431501335855	27.208067396588444	27.415937005982205	32.7244068779513	34.8334803346725	37.238594738026904	52.33406560430135	38.43007245772992	27.877516917193343	36.559016428895	42.283566717196656	39.900332822137926	30.296332285532134	23.216757299284865	24.04007503452309	31.714901829732803	27.57873659636445	35.90491332979835	26.816718452955513	26.08038467483505	27.80721491037951	37.88274815624518	24.988140879916454	39.681067008779934	29.628400548647672	41.01815129868206	26.274773597199026	33.366538103211724	36.812869428016214	27.624002302127636	28.97771563447203	25.432735730058308	31.379578658920547	37.566955744512796	27.954781510788113	32.763508753461096	30.811688849261362	40.42166108777569	41.26066502482834	29.8094173232491	36.063125467340626	36.87234183638879	23.495722016061528	26.293296762551666	37.859589745621165	22.4318729996501	25.431490352306145	29.65922208536968	26.822986576778238	36.081188507080164	31.139124350762074	29.622441289793493	35.126648829772925	42.25372828785113	36.40701116272187	31.40886601051101	28.85036631336293	38.737763289164356	29.94821101901034	33.521351819091976	29.759751625178538	34.62550280890028	31.692073232378938	24.15680378171149	27.503704074747077	25.493995619144602	34.2281775499574	26.97754479955456	27.460421275609505	33.05849616071112	28.743186736525075	19.274220165617983	23.515030428978207	34.6963720936184	24.657917813746803	34.57977930600671	24.229066638434787	30.84021431651929	27.47086904207897	28.390176896763055	33.161336000022025	23.742387074100552	31.19499925571578	34.66796854005232	20.165292237377486	35.01996624975978	35.59939021550429	29.77320596714617	25.729325501639646	28.440898983624688	35.116964427458825	39.03887644658093	30.844803467749326	23.48852492249065	29.664158678703224	28.557898835893354	30.806657316108282	38.16417072486285	34.040689042291284	35.78819730802929	27.499645391857985	26.75819146205825	32.661796004079434	34.976954943302644	26.23369511587005	29.524802827528656	35.28181667103692	27.849767681118934	47.32047154106934	22.25731930717553	34.906513486077664	30.772099598915286	24.974427769347944	22.286928320358165	39.17245473037256	18.858048330874894	48.712873890851185	24.778656916585533	23.759282005994933	30.513888931395037	42.6265487688265	33.61677885058879	27.588497006424443	25.326179214370267	26.46011549248154	29.566402557306798	33.86187229623634	29.181482761275635	20.526330285785193	23.404410360797385	24.294612956456884	31.53400616153596	30.85243518681909	22.015265771765268	34.36566031173652	26.531335355334466	32.97375975130039	35.40310848602138	36.68628267339685	29.93621532136045	42.21657959521271	41.578468673935404	30.619722681225355	35.72772680279794	45.095920493953784	28.001246526348464	26.010778148547974	37.445234169358784	29.94594935514816	22.48765451646692	32.064797848094564	46.1380217523434	26.677224922687703	27.236321057199124	26.504841784009397	22.81275656895827	29.011717709261536	37.17717859211067	27.51977527654384	40.52721402542663	47.2298617501325	34.54553099229504	35.0946404244147	30.466070001500853	30.373649066557476	28.332291947760154	27.724439596600668	33.80045642519014	23.491212289224926	37.27722686563852	42.69450526869667	35.993438048435664	26.51136981015318	27.764606262295366	36.37550238470068	33.84947243300941	32.504828419977756	38.84306800947679	45.04998317550865	28.643813498640867	41.010655964574056	43.83984015281405	36.96957671244502	45.38294778537512	30.779797582911925	32.16071783826135	31.689958496375674	37.71534953334677	40.08691982799394	27.189090520087436	38.47959479959212	38.34358034427893	41.53517497014138	26.413883438026335	30.843718985374757	34.21675898895414	26.242137780272838	29.097971861232118	34.31978040419847	34.28470172457596	28.16491240425969	27.317945769594942	50.06541545518651	25.620877713591657	21.723023864597963	39.08969534965443	42.16522255507972	24.75253771735622	22.29737122451197	38.82845464493246	43.236250924183004	29.569386596492308	38.378683164472704	38.20555197657037	27.907868936656644	33.65557368240898	42.05239176814677	32.557256839809064	32.14453778434646	26.688161604043966	26.094379602704706	44.74988810411106	40.33038756934414	31.291561196532076	35.18797145708687	39.78521242466248	24.680419669416285	35.68093284876597	28.30118440230537	24.459056968127264	31.964844089903366	30.336962580510054	33.160030068259225	29.56847294198722	31.27978313856728	32.28349800473374	34.86770855404625	44.48318355164721	24.90037290042007	35.23554791983664	32.84356489828609	35.89337936612718	37.888168538099286	41.15321527547459	26.299371197055564	28.6559080149725	30.5580067558759	22.813596438048066	30.50939329279312	32.14594445503492	29.688183117406563	49.13947111446213	36.515810996089876	37.72607107542406	31.60848197664644	28.584971179775753	29.946151361573722	33.815166074374446	40.199056337146835	34.229125420929904	32.90848654454153	26.796821877269988	23.219523530139796	24.810583089598815	29.397741849175418	30.150839080214215	39.20583663745275	32.99525193687345	23.443153522358955	48.54184646391965	29.897803410356325	34.57490090723295	14.987760291069185	34.194410257280595	39.72740026101219	33.48418573481704	27.736051753901247	25.480477260652478	32.50189294677283	21.80747910327982	49.30260512785783	36.579816176215175	32.64346317490561	49.36316135101041	28.501346558070438	31.92688833349021	27.444623195996517	31.914636692546377	40.29047962622935	34.052015035859725	39.32528025377799	28.01336890638704	40.537311027619594	36.32549763522601	29.1650252524338	33.581748483950754	23.889933716557593	40.729237717775455	36.43135182834681	31.58571624472685	39.18502214691126	34.18985552331483	30.406106109588013	32.66378231857432	29.362856890946784	33.17550799292139	22.24096808416779	27.73811523479909	39.228015116168294	41.22787087822637	37.042415344914026	35.99518986239538	29.01980544523936	34.145135597831406	36.41533169947879	30.651096694045275	24.78091143378339	32.78524453162954	40.774830284568196	35.696396057206755	35.11636581581334	31.60398035942479	29.36679406429177	28.36285432301263	22.742602727896035	33.113219807135266	33.330951892026455	35.1136782040191	45.04531480744673	40.48796347359322	34.34059636433431	35.30677946869495	40.36779574830614	27.27365455805819	32.79558802570467	32.40927940945068	28.371622789241286	38.64514958798982	41.7285187081478	43.63808355548308	28.458355261541275	26.117952964336077	22.233613071329643	24.538177671293074	26.557384151008446	35.163631925725774	23.850078804120614	33.45957686349996	26.202112178023864	34.82972311447562	34.25936546425795	39.23906579529322	34.51748392625899	38.515636852610584	20.08018254066142	27.684697593952883	29.880686877315053	25.33958004356024	22.787466958191278	27.556437799691874	25.650893731292957	28.49196807020396	30.530806953971823	29.940036151299672	31.447278005926155	26.75627903849622	32.548231070025	33.768665093793715	40.69298183410525	30.59226589046286	32.1379733373882	38.01292161230113	27.164576279498764	40.31029019970876	37.52281739352399	23.670979586681465	42.09526139193409	33.275273613999026	33.64043392603471	23.314002023166864	40.86412662523484	33.78979431233651	34.34475294375321	37.75382589056221	31.850762962482595	22.98801067657384	32.1109517678128	42.895718598747294	31.02097478119407	35.46510529496339	31.25643455583941	29.460139331809668	36.56944526433652	22.943106341933344	41.24186997376615	29.398178331444417	25.956062470216292	30.878437175045764	37.09803983206507	41.39741650371988	36.266457623322296	44.098152220556855	31.394378883744835	36.4380651706265	25.16832062808943	31.601339979105777	47.94563577257148	24.851916888779062	37.66510956051449	27.933579419549027	27.679750041071216	30.939310837794146	27.107144234019902	41.685469502071626	40.80680395447145	29.327801443694334	25.504583397025176	27.162926392847805	25.983500450566353	24.90409255522659	24.973477798849753	44.0310363167047	22.925133399257852	25.10599850987954	24.98474656419924	29.879685359037467	34.28166690326536	42.51728934260387	34.719784932851184	29.711014334939048	25.551130630916887	16.740204739644057	29.933233918788062	36.63141084049656	29.396360904778742	24.766993711058866	34.1278965613008	25.55783658117158	25.757338960708886	31.3382688656881	30.889280856794866	38.603061230939005	30.618865318840403	36.13868892259315	25.34991246437537	24.94314160638226	27.741850504640333	34.74550487439576	34.75660317431581	34.61926635476194	37.48107692628212	27.825621390812493	27.161866072929083	36.25626469654424	29.952321083134755	40.96381997513061	39.66192835654496	27.79592940457759	29.604215713878297	33.72565015329175	25.673092551489326	27.19721710844038	32.45866021391153	33.51533731126933	25.48706633303144	33.40631614887737	42.22463327246471	42.4748321887398	31.645949027370108	33.208123529221844	36.54635190743458	29.724923820115013	22.259642642525677	30.975109265986013	45.84069838386178	31.85151337093906	29.137983852047814	26.425528507598152	31.01772675736084	27.84893849456053	32.71289261912638	28.092771979908324	30.720488321057086	33.916319825830385	29.37851507347984	37.02659949553887	33.481727534835294	34.6782663208624	30.577538864324886	40.74027121424655	35.82296147894853	29.044305762694744	44.483027431103686	28.418787199641237	35.85051302705781	39.372253220347105	27.6681545284	34.478621926905305	34.437957310544185	39.95965897452058	39.03906284522033	35.78974627795919	23.712599403904164	39.84758025327961	46.99348816914085	27.8606250534016	29.952845610126978	30.336162596976646	25.2598755252848	30.66111591248461	28.24310659789898	28.720909158371203	41.089911871144885	35.33249857373879	37.94324321447418	29.05526124938838	21.422230097610665	36.6686681304449	31.913095187609468	21.012014751442965	33.52326576844912	38.62811956878227	29.26534310383726	40.5805528262398	13.729218580295747	41.55920123126552	32.40725484199977	27.008828269264075	24.125401332121275	36.03740529056584	41.78269404679878	31.63904060984069	34.27385140387848	25.739422402797636	24.527147160104235	27.61162946592096	30.46942251564259	34.59598564851589	31.864498135072544	24.275933740827192	29.66004965914747	25.202249744624208	21.65715602942743	27.67356081024666	31.039301156337444	41.21327363881217	29.59561299299004	33.738127311324035	27.685706843987557	29.44402402532923	28.321906514658618	29.009108593712792	42.70640352586662	33.57356569952663	28.173088706597934	25.825393923331706	31.417126645192525	28.84872154445113	32.84344296522685	35.811382077987275	29.169964070442045	31.194770667973195	39.246146231602296	32.84829985947758	29.379356742874513	33.19329412381805	35.96620072938171	41.50673993582466	22.13850879555531	34.380305625839185	26.446303453984868	33.787179863745465	23.477871331068705	37.085399044346005	34.293547441775736	34.1619931275438	28.37398054532849	25.486700661693774	28.269876538636435	25.479784069093412	24.991807243917677	32.99135923272734	40.579747852046296	27.505050999779648	22.160413165361295	41.878616356822356	29.49147491668465	28.527280678890676	26.50946707534214	24.63979452345308	38.890311113722085	31.513190930003926	31.24413756572911	50.34835565767474	43.78253070043872	34.6556485871587	38.96109683882397	24.660433232902612	33.583927976293175	27.054745414359786	32.8798464441549	27.179308466741226	23.06682638150087	31.32848250891717	29.149907422861336	35.23037351305751	39.6153809099113	43.21251965286	33.7670381766463	26.577650613311004	39.53968368133377	41.11331060578777	36.90045800868686	31.913203745235002	40.171683869566756	33.484073650857745	42.5134457537436	44.604792675993586	41.85056676919218	52.36056677317633	29.023472467646386	23.703578055143335	42.0091908308835	43.853273150054356	30.348397555874424	33.086653543191474	27.579398662222257	32.1259554517672	34.40633371438713	39.15869638703374	30.787633870338436	31.48288860602898	32.477396398096275	36.207357729072264	46.56737550726893	26.122470925112122	31.963411712653695	33.085327830731906	34.08573824790798	38.460183339087806	31.848658296709615	36.921840119741205	37.201045651807625	33.16935736296749	31.122829125305007	45.69165899798752	36.43834141659791	37.76370581354699	36.49931080194897	35.07441020470665	24.699227922289854	20.941985366544987	33.54167246127881	35.36679577859498	29.462107119517956	34.17213662140044	40.513993199890805	33.992156029344024	30.17267042879206	41.49991107532734	31.38157300829441	36.16177621489798	31.266963810450473	30.721887108599006	27.111755883419868	36.14036558053292	32.844091967688925	19.84552386002349	28.380835173653967	35.24436323472421	34.03146117118835	23.396706866222907	39.16837628851007	33.30144465689801	31.532943563849074	41.34292436265571	35.16250712917738	34.39931043211239	33.881736104653875	34.766256583709094	25.611531964495626	27.17819056902385	25.13326169564	34.08247079655288	31.91152826160805	25.5887671023992	29.28248779683004	28.360328752086907	30.460005858324084	24.42986754235822	30.579293187422095	36.8968330367165	35.34248419153589	28.438564164117913	36.854807052959714	27.667998473064483	30.832455634603306	31.774956298417113	26.126376550458524	44.21740069059753	37.58419924835765	26.82635964086627	22.700876887445038	31.63435903662749	37.23836625453552	24.060780342777363	31.788651596829986	34.543320531434254	35.230217258936065	25.422405888246576	48.453200662760985	32.65909942395668	22.535185316080323	37.67011890286889	26.421964009844775	32.78029436972173	27.78434862115476	32.36180612507966	34.326690475675676	28.96244030215444	41.830076375989464	32.952632902411835	27.316152364735682	29.009234472458175	29.3798013222748	25.97796600865295	33.719655584642766	28.67262793489003	32.56582187896714	29.066868210982385	25.39923181950578	31.212260196692537	25.557935831738767	44.8992250735855	24.693349713163972	46.68227462715044	33.81537197332098	28.94458594861272	35.26265796332297	31.758684748469413	33.36020060070931	26.874168282312468	26.69654796555288	30.13446211853256	30.600233081769307	27.594128381735253	26.095751501933595	27.945987559641132	31.127239935811524	28.19842817128449	27.796678590647836	33.177140663160316	35.500725380884454	31.417493722569443	26.900772345527443	32.00657978170693	42.520826498672434	26.760099924852145	28.50220610692462	23.411206681723964	33.83962537807383	37.434144693108955	26.6062300707444	32.48507778018196	27.018514203195863	36.04142041878657	35.62083510297909	26.711456673982642	26.695686499401184	45.47035127404075	42.43186650248376	25.53855750791209	27.08566977189387	33.79581198985717	38.766835970908545	30.949332239090012	42.03602962402923	26.606972133501692	37.79550825522835	37.61931184383303	31.725849210295305	23.961133072521886	24.027098438151977	29.095796966377815	40.63407900881902	35.1455786656996	38.53739842993128	32.567083837783116	43.916733747952485	33.011807004004154	44.11269129774446	47.05930834893855	32.346657922473334	34.03710192516477	22.268780571227417	38.5528930649016	42.28877324010649	54.46110617818212	19.302978804144796	40.81093031193182	35.00712714244517	47.72725449856554	25.530788383549876	27.225012638381624	25.462699527577595	48.083095587783845	32.20642934074143	31.786671255401657	39.24547055303246	35.47258710687254	33.80266557685277	37.98224298087692	23.844612535857944	36.793720397560016	37.73744595649122	25.115596262363308	34.16773894776098	41.46185890339434	33.68119732659971	25.879906152489884	48.02721716657635	29.87759832505543	41.97581425041663	39.71220401042187	33.39745777061252	37.86079123068455	31.988537755143025	33.628942061192234	45.607877778109675	32.206217727519295	33.768643567117174	32.14499796835531	28.904842553016557	33.002771430287794	38.44424238519964	33.464170440831516	31.93285286163684	28.297671453100012	28.68369819409796	35.204374610492586	41.50204902029261	36.43457182426951	29.43718608554369	31.181714764109778	40.630584655199584	24.858493788560594	38.114585973475066	30.45833638540786	32.18222030687073	27.03081968614389	30.7538469145188	31.224251031174916	31.78545338754676	29.41600434556398	25.904092166634438	22.758944310198487	33.51330911196872	29.311584483605767	23.46058925391896	31.908820194199954	29.8249095751073	31.276225013640243	36.95534207316951	33.72993382143502	38.413433969428105	41.232881007829555	24.966109576852272	30.67398438504779	28.17905529333583	31.969742886197675	39.48480816558979	30.178558042759782	35.724232478333874	45.42231736671988	28.09436935151645	27.936575264191106	30.349856159033827	25.7695613920482	31.02803675982225	31.35571167808964	23.094972466804965	39.05629539653212	29.57221360009721	42.54251853103473	35.143161205322	28.05583864584678	26.91633511719229	35.0644638488943	28.68190416543479	41.46610421970816	44.62748766984869	33.27022651745825	36.084025463336346	21.203296020522796	28.870590094239986	30.156971925051216	26.062430066234494	27.195270426487056	32.679903418223795	25.53750836029468	31.904059853461707	30.24235110818716	24.08444557018901	30.37630107606057	37.56418523305087	34.36627353760887	23.529781278533477	24.266254381072176	22.80833302121485	29.71362649664449	37.97539128043878	36.072713860556945	33.4539693159974	31.653147523856635	28.99735651548038	16.827808855898386	30.306954830120656	35.255872284572156	30.142223971008473	32.30875740655771	29.46262174425529	33.395494411997376	39.73379075623681	35.84859585580784	32.4137011072443	29.76610747291173	38.587482701609666	30.913098486469984	26.394520932293783	33.985217042776895	27.41713703592558	37.54179272137789	36.76469987122719	37.18272355398906	29.297141704012876	27.909652847779103	32.07339257082015	29.290574869631513	26.945017448367324	38.60115787522005	33.73175535580244	27.45413430422365	35.950683155667306	43.32920065053703	25.434620588097392	33.44196599098453	40.17754865954153	28.909752138751283	30.74208417466637	26.228616791594717	38.12331068303045	27.373581873738154	29.046556380497496	30.193046746989165	28.151359825523475	25.657201132300674	35.34507783649603	34.56166476583398	29.966985535948012	45.741352780704766	33.647135204174674	34.91912405875809	23.58779250202253	35.76198635077149	28.633255915203147	27.992012726635767	27.22841371101669	31.903968624395873	27.772743965726473	36.805428931837426	25.158952685338882	27.78822775005629	31.212397730103532	33.03234769108225	31.308185267788215	36.22401001043426	31.955888102271455	18.834456838084108	29.637922211185135	30.0135609278805	29.446344463346335	23.97466655326983	32.23984696221431	29.447517013244372	42.334807707411066	32.607811782971446	32.71955781381746	25.77280305030296	29.1349447361992	36.015924848809775	33.39684703959868	26.782799038041233	33.12258947625855	36.839235361163745	37.33224932493389	35.09306501626086	37.472491822403825	21.501071780978094	35.63814502570593	27.27365494558642	42.193582480703846	25.755480653408807	27.267225184871357	30.36092353013689	42.71792066161591	30.58099215265357	32.866816468185874	37.13715850354211	29.639775857474447	33.99432929285067	41.949503663492344	29.208603154734007	26.19662459767022	32.43326074867102	31.289607360510477	33.764835610029834	30.23414420213844	34.563847656843706	38.87522102962486	36.69124150081066	38.97540643431424	21.450031105592753	28.529839208333875	31.01970205002028	27.733403401125784	36.12106449929408	31.608806251973082	39.14895907148983	31.047613769355074	26.11176659645225	23.041336507963074	27.514289643809068	32.35688894086429	29.4106148584444	29.194152977535076	32.76556661469103	40.41089885654992	28.66889256166741	44.95416259377697	41.65881534859079	32.69275899923549	32.146130231416755	28.64942008945612	34.312110421651155	45.1062523965906	34.99402631749433	44.96302293397346	29.838283830926642	29.899785125798815	33.574888268870104	36.739334388935035	32.35762161544446	29.11030630166215	40.299057144053286	40.03080200337478	36.68391951330789	23.80214200938081	21.755310549656567	27.202280942724474	23.955703595563854	43.536157165633256	24.930836715465734	39.24941454608835	30.825333284519537	41.455765312296066	35.18308571694305	36.30318837695565	34.45808649467982	30.490862803144065	30.524688569142057	27.683325800279214	33.81451164433685	23.300017127934243	29.41875963718284	38.701361946292195	30.47921263576594	35.71980680566534	28.700779464271427	25.695340465478573	37.53767170721244	41.84560033855072	28.185721558329288	35.775975716612564	39.554892963099206	43.71778652767919	35.267240758774406	27.963905306053206	30.795968836964377	23.659946641718225	29.985246980503238	26.138503131893284	41.01872015723077	22.797814239615768	27.94854295334628	21.996346477666894	34.670519523400124	33.28675135442112	24.64423013656408	36.71589774529227	27.69228364214269	32.7962914059378	27.938010568829768	25.703355821441896	25.96149282964134	21.452909096225746	36.92596325578608	25.223169910883588	30.084168952873686	34.657118634492775	28.202127081347975	42.80100015103529	35.95134771046969	44.172364577793026	33.78549524252457	35.92007032998513	30.906373898975623	31.87719121936365	31.39901737932632	24.562403042838646	27.83374675503872	28.83258083186143	37.29512354832111	37.07021047312713	39.40535641378081	33.87940167192093	33.13321650614496	25.901097889145152	40.84119220364526	28.76909202440179	38.278061956892465	27.646289808794688	17.920689712602	32.53739792311871	43.07765936059679	28.59885306809046	35.342251351543844	41.562126018189126	43.94895888938152	30.44316133643328	30.196451625380963	35.53144247446946	31.88772278144666	45.81608807550013	20.679703476185537	20.894905987132795	29.76759437680949	35.41190131620253	40.6997787011185	38.753523144299685	28.041203244191326	32.63732035310761	25.92155327649032	41.26291800980693	31.03352714768619	36.796391273226554	36.40400129096249	37.441053607166225	26.451659865571216	39.81127384887277	25.405223726060576	37.229945497486476	27.715764950256496	26.11211236695497	29.82146464930429	28.931019697100048	30.98568905010163	39.10752766145635	34.309261030322446	27.90991773109267	30.56363515869302	27.930190467211858	28.73693381513909	28.281385145113155	34.19263196045769	33.08659777724729	22.893223307555836	47.16326223031995	35.21823267114367	31.71262937337911	29.655881613757725	48.297057169478364	29.49245729606883	27.38671993025979	45.171930953437474	38.23563726704667	31.700600056671156	33.39993678846137	36.53840442227368	31.65420282619635	33.36081398871731	39.322810691754924	13.868154238298171	34.92879799153776	34.70733382559177	29.318728435398903	37.38037735892892	48.464092970175045	30.47390378147952	26.653268865059726	31.707897119086642	32.334215783208094	26.024562339703593	43.886818787962504	28.295111533033808	25.040432163865695	30.35149695247232	24.725310781135015	28.590220184764444	38.12868630459337	26.48794033043955	27.889016721047977	32.1531937944606	23.280269094992057	26.40499525278359	33.135153568334424	28.57155235084215	26.54082217581149	31.32296092896855	30.62715949606788	27.22307990997169	34.527632638884704	24.171935258449917	32.73736681683236	39.750243370328754	40.414923521025784	29.631056472287604	43.71033144164698	36.15387735247471	43.667389362077174	46.46262199595531	25.970096591109677	39.715480365565256	39.89943443786399	35.256724898173154	26.685826595275156	27.682923400871545	34.50139247797972	45.888288505399935	31.0921222912998	23.990409946966903	32.23528209622081	24.707058481505737	47.77138270116978	25.598487599238375	36.43972156934839	37.740236271963525	34.7461887581729	36.55710358210495	37.67848965748038	36.874482634051695	26.950020295897083	23.898186814981766	29.54037964828154	29.103277447982844	24.6947660671732	29.96817882925421	28.983113186912455	16.70243998661366	24.42298962936731	36.7078850506078	30.45012328339894	24.736492073947094	34.86983620462215	34.51271351807203	34.08984543508238	34.315061880672516	41.48512622229664	26.014740702550487	35.214627215885365	31.504809106358046	32.20852763549044	45.548136097159386	31.1845982248996	38.43141874191452	29.86769815843427	22.618371521055096	27.518802560792764	28.053909629113907	32.472493384597364	48.23388393772479	38.474144757554704	31.67660354204232	26.82532766701493	32.572500008013584	36.68439594613672	31.49207854204484	29.118125501252845	28.670029419461855	24.364154126620612	32.04159373826594	44.74566779494353	19.686658400700455	35.12651415719956	36.75256809589811	25.976842057543337	27.924247848426976	37.36979376781688	39.494597505165686	29.14877570591234	39.01816428695129	32.69468399089991	35.070251011910486	33.1650210003912	38.03149522184475	33.06820621418362	41.49994089286241	26.583248755215955	35.6462406484406	35.33260504065668	38.380939906792584	28.50329009313204	29.185175755455035	25.041300162530508	39.86176033836368	43.04452068168581	34.3651556268018	40.1296367835388	38.201712733849426	29.208095230202243	27.785007717741504	35.54916680109283	28.858207336140303	24.021150379389297	33.255165407350965	31.27448201121836	29.84329823558729	40.587950612556966	29.723495086153996	33.37971298696954	28.63749705785925	34.39968632169343	23.169837865048613	25.014305723867924	43.904983356232336	36.16338117777577	28.56088820549704	35.44628597210615	31.660087873426622	37.04969138187248	40.39592549070689	30.318312594530475	28.817662122189745	26.816443093299345	41.13948841974565	39.24909225331438	29.55063624912262	31.742220931951	30.141941336105255	34.12937542194439	16.88423149987672	25.792109376890508	27.610551148355853	28.541787620525128	30.921056061524308	46.39438842444773	33.653479157986155	39.66713060939218	31.85988512703886	37.401525693336914	31.90984913523543	28.64158950939206	38.438703170513264	36.744398167547914	29.91089093777694	32.39301261095375	29.9986397598369	34.16336871257637	30.391199857540986	38.52480521845423	33.940293060043196	26.964929522275845	39.13793635786193	29.070187188938068	31.95720268957691	25.53818607464629	30.34739767096398	42.28040937853756	20.26158519465504	41.267754460232965	32.501237375581695	24.64379738406149	30.451152048061537	26.77955309213391	28.61637248155262	24.259598416194223	32.755803992732524	40.16581318998109	30.618089088560488	26.87770714282782	34.015404960944146	39.3647035713135	36.132710531519606	35.674744979411535	37.17490000116962	33.996717246578164	35.21449122227436	26.64240559739472	31.365592865775987	41.83728370759923	45.61703066419852	34.276697656152436	29.06160367167711	29.459936209634538	23.02851581023795	36.78896710789211	31.506003970991806	35.800960319282325	25.668961656395105	30.177913911066018	35.21345987373836	26.69095102525999	28.847618558737633	31.988214001708027	36.48121305010862	27.263284436463607	26.930348490007873	27.5976509360584	28.975893359115112	34.56745272972576	31.64342194961304	31.852924128941204	31.678575457876182	35.251927786917264	31.393086723340062	28.73271209985294	39.178014256462845	36.18516900949037	30.16711647356432	27.983702569601842	29.238774336162376	21.64262117246339	32.68014974363719	33.383700642202555	26.766433749156597	27.252811430074484	28.923017544930833	26.336856417410146	41.33570244498838	27.814388288656556	27.495395435177354	24.930856115703268	38.221156745312825	24.276846188797887	31.82905888524442	26.65369315018638	33.11813799512595	29.008304639048895	31.45648323565528	30.85725178061712	38.23213090610646	39.092557192147765	35.52735970884124	30.2651971822638	41.37099892343639	27.38596111064358	22.32389424459521	29.324678898241913	29.7789127036341	28.604331486490434	27.478976617101928	37.18868600951177	20.930741955594552	44.40278805033029	28.119746497401547	23.671881695783217	33.32845745503322	38.94501508954136	33.09300787782553	36.9834800000567	40.29699611330223	39.42373600214946	27.329200274886396	34.61648413863248	29.937581392093463	26.65196474699592	23.418410748294583	26.13839163145627	36.55167804555568	42.39384729249239	41.43952766803007	38.8593662692673	24.761997845857277	31.124523990831367	26.344394757326956	27.848230318112158	32.418737793253726	50.00805139176266	42.46023479961416	30.81789333302789	27.719699518049794	28.977134357907055	36.82803206450226	33.326158988017326	33.60787906119248	41.92088303472959	28.548159655575635	31.25785423263936	32.822302733063964	22.581853293019538	31.221962974121766	30.92508257377364	33.918732545655615	21.540222537421922	46.599866967975466	25.337023505170322	41.3732023099992	26.65439883922432	34.7974770891362	30.529963021561823	33.557213809804274	28.20903414496138	37.64052610064252	40.97102216623038	32.439125678109136	28.0489903861343	24.116390509921388	26.503752275782283	28.614714816808114	37.376076162541075	37.45484091894355	38.04085005754409	27.437709286329927	26.63186924722834	41.304573339144106	39.171115164790336	31.166268895037096	28.513838281759416	36.705032189030796	29.74749061472298	41.1828211306799	45.00756039431763	40.82105933074624	38.99983654354468	28.06018589441713	32.86095718359685	25.057471456500664	29.478134947761593	20.891894794556542	27.460495087542704	30.37645371284136	32.38040740708774	43.045702546693306	29.21899726725391	37.14006106869122	34.04701779997978	33.25446396700367	32.635408674353684	43.09420941439262	37.56269335055855	29.83913319473521	26.492029697188674	24.22976652179705	23.932394431368635	47.420247018246656	32.51523026306184	42.027266977413056	29.45660814136482	29.42381775618022	34.558375149456914	27.84417573966841	23.276295922178715	32.77797422932895	31.039528959854234	35.55790760247825	28.71919586328786	36.21774042974047	28.795417722163005	35.8536668371504	30.797410864066208	34.4852348330118	29.760915632290814	36.10197398500829	22.378673886777168	30.098603559891554	22.83328233310687	25.818346433035657	34.544232561352246	26.25080731453737	21.659495817874287	37.80750631969194	34.06043142106059	40.974864296348734	30.101404027237418	28.651491303152138	28.242137499625205	31.56070928319938	28.86901395943505	32.072694292642076	27.032549555325147	16.919022824800013	36.722594377528914	39.540337946816585	22.18482596610336	28.027361336331637	30.72246107420181	28.249929021101217	28.451207551648395	34.62368925260995	47.755686940660034	34.10738600372553	28.773904664900204	29.839043367794	40.85164371336307	45.84302834614526	34.76930751469874	46.03115838794338	29.50739067594953	30.38736746469132	29.172756956553595	28.439571602305147	24.928895487443334	36.02418570408406	34.60773737722782	27.931455614398033	45.70042900536435	28.937366991425193	30.944729000702612	32.822574424832546	32.35776841918701	27.240501525123626	26.564910723429925	30.985668454659073	33.924628873503735	22.80107055890666	31.835439886423877	35.00769335993649	26.78403049387267	36.54864389610326	36.36847216181473	37.09876369919298	33.71009093104207	31.240438663482426	41.449704339904656	46.519760315901095	25.386507431457414	29.785723168444935	41.876306509465635	40.89008147541038	33.57977223411328	28.382650951578963	27.950922031968876	28.787108325313405	42.460124572008446	33.84116254112602	32.027264802709674	32.74893587910026	38.80724925315849	29.13002386234608	33.69831971712776	37.389818970786266	28.198571000579996	31.099940742541875	34.0664773681064	23.737263456459605	23.036332735625635	28.4191252122902	29.84806060205816	30.736490959295974	31.032573702741004	39.014077001566505	25.53075888791246	35.36385334893572	37.942269872483	31.91242960731529	31.475046015127223	43.851417638332855	26.846594887391344	40.47151106482859	38.20180194668768	27.25476178671236	34.058140665843794	32.57838197978963	50.982987026048484	30.297221578187568	30.60458349289889	25.88178916348871	32.914513359998956	46.92085581277831	28.4317516800316	49.851740818054246	36.376043311757826	22.758478301155446	35.216076427940855	31.982798949881083	25.537090765002766	28.56015789099983	37.35557104345446	38.374060522600224	32.967423280947614	28.81855848008704	26.24525112178907	32.91178678806412	28.87202886244851	32.79913889366597	27.89101946521812	40.14548352809612	26.062721046340947	32.11768986362323	31.33561541065456	28.125450248697607	27.38213206362328	39.1176550676508	35.935366128891154	38.499232934364905	32.083368262721685	49.04020986786472	35.48603531810786	24.001708145793646	29.98555031312439	38.35921099453931	38.46080517996399	27.271020941981263	28.740358449044745	35.38269032056772	33.37492941761686	25.439357501401517	27.02026343496469	33.34630920637653	33.690076126177075	37.862944389471856	29.031014721581485	40.66123806221686	22.45740491685396	42.897633160874015	34.35396184945167	28.391659902265193	24.679277094242146	39.66344862389206	28.290903790867485	33.589378144701186	31.48947643941154	31.482037814016767	36.22284499897537	38.04897220873798	31.968047636627514	42.649971623406024	22.740682382660825	38.00759994991134	32.85348848268351	38.37780101382233	32.55882433431894	27.124678707581502	27.21819226565209	43.965822377672296	34.619188809017515	28.419500748651295	31.72025294914419	27.750667987418982	44.73962133258232	43.70927613710189	29.085679630581826	38.690984615436825	24.39928169662933	32.6181809230367	28.559352740544316	37.28015881639319	23.401356868580358	26.807325725516503	50.05297392731525	37.624943125702046	35.02367443015286	27.784590813353244	22.79816875094692	29.263107793921495	32.02640865073344	29.285354577647244	27.83977814202651	37.12381671559285	33.83083172124936	28.554658346667885	24.5738470217416	32.39527189326072	27.33562079863094	34.63964725801145	33.70780537548971	34.833185178572165	39.4428046300867	28.731183800989946	33.79037952099469	28.578190194975548	26.538098100109007	28.296264521621648	34.81222268486158	36.41985777944612	48.911664481768305	27.248961571990073	21.08425856044321	29.671325312458265	28.846683971880037	37.41828908437934	44.25961829979714	39.771292597882415	29.078380345124714	43.1719292538721	46.89530011140082	26.984427451934096	27.063765401568	29.636749211922375	29.429070124111743	31.449508047693897	38.54614270254277	33.700402682301004	32.712080702256074	34.008166690153594	38.60818768720142	31.973467493994107	33.882921569007195	36.99961025237765	24.357896942899757	43.31097409584729	34.72877220519063	31.524753498922927	29.5370662975386	34.707346381469804	42.089748724471036	22.278243016632448	33.11893229453709	27.376220259243905	32.82127097144321	29.431981747978845	36.57677320523537	31.943301833887546	24.943439277963712	37.612688551751745	23.719328757522195	38.39561967520204	39.3096739117404	25.809232044133736	27.570052003520694	41.07922666105477	42.64780470855092	28.56391212709037	27.870115689403004	36.93019316368393	35.79301460922964	27.963444510780874	26.931861279450636	36.106067816824364	36.47865009493215	33.553747180717146	21.19924029441182	31.984224891607678	35.04670985169527	39.6254965316161	36.17172339958261	27.38376250274296	29.479131666365685	28.485612743699257	23.723036927893304	24.49308425802928	35.32599226835076	33.205307849649	44.43875108088125	34.20749955789224	33.34480977562188	31.509861271968354	28.875480071858423	30.564144859467113	26.112772958257217	34.11899973710282	48.825851035245186	30.044140642367164	29.77156886106439	33.800039077516246	29.113519839338142	31.41899396402626	31.961925192895283	24.881694532643696	25.7811562910078	33.72722045342219	25.930409927681836	43.673430784686815	37.2702623659808	31.949483636150163	37.424000475952624	49.81609777525436	20.34885299442412	45.28102970874315	30.634745002880635	39.13308624827707	32.68491768938969	35.91623689384886	29.511086742191036	42.310269346051015	34.41154595000687	34.02820699408813	32.62628518604559	37.15899242794687	46.51526577373759	33.869140682666526	29.228038005175545	32.034917968853705	31.1596592356331	34.96877119624259	36.9626020701512	35.178278054909	39.09482248427896	29.254256469506807	32.079527270341615	26.098592407420398	28.21272277600786	34.57880311032054	45.424369630442264	44.690269663950744	30.817332300431964	30.78846100406067	24.4085313924468	26.0086657301464	32.70812721039723	30.945660408938515	36.66507999543697	29.947417427558864	26.87703855280949	34.688273805423044	30.14835606155506	32.687605842228464	36.49156533121457	35.94501544992077	31.551210367377468	35.958991235566664	28.50449571658949	35.75384866743342	22.314140206592445	35.38814032895602	32.20154980677999	32.311245575189446	25.478556066322298	39.976480606195615	45.31110625860437	43.77777681839418	26.80805262369201	36.479575308110725	36.18908779408055	28.99921016758949	34.968885729878295	35.36382586641776	25.836488545116623	24.685943120151677	39.61101826965788	26.268258703378365	31.156901312458345	29.98009240020524	32.54382984206375	33.52865601659958	24.333635315379166	35.54098877986708	31.36679043628725	35.87898178512974	25.71463018235109	25.202110678975135	24.619453355681628	27.394379230362784	35.5735274365394	25.997437286318423	38.08332129220604	25.41234348741908	31.489759020615498	24.586933325967163	28.490684751533944	31.416056724944315	29.695673641989686	40.34856875461769	37.4086732816288	31.50861136921568	27.722081698034373	29.95513178236191	39.428524538299854	42.65346815743926	29.600878005686045	35.74600969612398	49.24390079887856	26.93087641528084	24.557559759081332	25.947425175091126	23.765251458174173	15.71748402964172	23.833164410372557	30.751989245384962	30.99214320909276	42.2939050230372	35.17637136775336	24.21512034901009	30.299666368758057	36.93194023083597	44.80422905181153	38.06280184819544	29.93824470666767	34.75038109523175	32.67310881858596	38.222843844915296	27.286999060869267	34.92973340147474	29.882275387458236	36.76113476605933	28.855558314595058	34.93640428818594
G5	32.84350082391499	41.54366009404894	43.52808813936623	34.470282275686266	28.920261225356334	41.66148520554394	46.06867519331265	33.64761947844186	45.022835672537255	36.696454652997275	29.96673207634184	28.082250607504072	44.45591610374121	35.63344394094982	33.53067521951685	29.782336008240677	37.51897114792922	28.21910198388199	22.63502641485381	22.136837495626718	38.09298347595846	27.175760830011416	40.336180548869926	25.613417063100943	31.592227937828707	38.28512946697782	34.05122385627005	35.53756133004863	30.85216004366795	36.555856265988574	25.516903084371982	36.02432512051347	31.11412053341315	25.80781927397284	33.091448248711195	39.689619083818975	28.15229032800481	49.48307906418122	27.93536221244577	27.293566163106554	37.195811472173716	40.953717210496826	36.71500685668601	36.43781066465096	32.29314971544983	23.8206965360987	34.423520881566084	29.60852860409647	30.972025601289616	25.289250523062336	37.05605800660746	41.561983483631714	25.166477367390385	32.53319792840505	27.065864950371346	29.319359600831966	30.36859708006644	24.611994589251566	21.85235888748524	37.23240197889145	39.570955100938534	28.42953757957533	39.803447532559936	43.586091331106246	31.061533197335258	40.045351445591116	28.70280403867029	44.127575899914525	32.88475555899887	21.461493869510832	24.41250668323616	29.31646102312071	32.65054484748031	26.4955893193246	34.59069857936552	27.238972259023093	35.70286805997108	31.90265928362162	30.31692050526987	33.46580245931134	28.350663579293673	32.848428979011416	35.77607182397335	27.061098664270197	27.893254667691846	37.72983243273498	29.742817532152507	31.021580681321456	27.678834756005603	20.88495710987481	38.73379433860718	33.89153025044766	25.769917007070948	29.923156117197742	26.75331097336131	22.074682978653527	31.511948946397055	44.16538867287944	36.5231903669081	27.236103460066413	46.004971658004244	28.399091574671154	36.02183096811323	39.56426826413227	28.146177718788735	28.02129163349814	41.77295751849916	17.44398525714905	27.05139573876406	41.10982734812889	28.162669898846033	30.150868772030254	22.515871345746106	49.15885061976201	36.25033843582195	33.36216987169194	25.27661853933903	34.49171215202646	40.71591366068858	36.68308216937815	29.309779552393373	30.8855385212306	35.60984256061963	27.434682703654175	40.051240387796476	33.39769710168709	43.417728638983206	30.77862670029667	23.782974390707356	28.125528851637828	33.87803897114331	31.76688934197155	26.90946836465546	43.263165980932925	25.689967844484606	39.503352068666324	25.471457732514704	38.347723257350246	28.254194519210643	33.91356092355751	20.61285179956502	24.513714025263106	23.441681188034558	27.78412923456323	30.19843597323661	42.82514454566588	44.92809408379583	32.32324182889194	28.824979594647786	30.47901104986903	34.62292342125841	33.3706121720248	26.572318800973793	26.65345844460112	31.9185783133078	36.60837814709252	46.3243195127579	33.82648049573548	42.84174109244841	27.586307351474236	29.99661593558344	25.170833347569975	29.297249026663433	27.487943519777513	42.31662544300833	31.341784360626477	28.492910994481132	28.53600541439096	24.653117567107508	28.05516250595082	28.175014514537647	35.474962865091925	25.32287833585707	29.518597683381383	31.852020973952264	30.06656642299665	29.061903513894382	45.89020257045289	22.319535130139556	44.63969906534937	31.334915301048163	31.23908148177848	51.43126826867546	32.686473112593376	33.46154127556217	41.74128378488721	29.455003896925156	30.825485444891743	34.7405630742521	43.314029936994	28.128417956337913	29.142967815340285	34.03277239584957	42.15181944373783	34.37862093635841	36.368824335381035	37.613647131718906	24.607557396284587	27.15974608110297	29.456599385538475	42.23929346000195	32.05924079814126	31.347323807282088	24.956129536505635	27.74376852859736	29.41064107239428	38.75448539065245	23.610817790162415	33.62116227747362	30.74768253380244	28.074772457267255	29.86769035764652	34.513363243590895	32.43583558841422	35.48837767281132	32.9649184692305	28.970804153801854	36.39145325040503	33.66465877880873	33.197482713993566	32.07103369500889	33.00332040081261	33.70277251843331	24.9275333704166	34.37438600177511	26.495006548093667	34.35592165690496	30.48396241327027	25.90582837363218	34.11253528029697	36.472848457019126	44.15013596814244	23.226620452445385	31.990823977078623	43.90052532880821	40.9260196299776	33.80218393727436	21.060353499170358	28.72596117605406	27.171876659471405	40.873912221395464	33.489950458043396	30.476758769412545	37.36278734269714	39.589317919768895	34.78463762627738	48.44860599949831	24.249553918458965	44.460671077241734	33.73416024853452	45.43329360150564	34.50347984455754	24.000334320580276	24.011825300278637	25.587193918654364	29.4039410615392	33.07417313974082	28.964029943137493	29.127487199945506	27.81371888008088	31.384778245896147	44.79009266713083	25.001627291180064	24.633099215098536	33.03878218123782	23.197817725783224	43.41998473776353	50.3213071769316	23.531856498140744	30.0702339070305	36.35090416173485	37.36429280666337	40.509712864223765	35.82842867537286	39.102723993076054	23.849379775538445	43.98671703738375	36.78254083571426	40.96921561226993	33.827061272972074	31.25065857163251	29.189322413046206	27.556768015222275	46.67562408212263	31.15781876484492	30.94617264115131	22.058292798525358	30.33421523010553	26.52657697443221	33.94080409119023	37.54850941235631	34.14726943209151	33.455130102200535	31.85630112812556	26.45612528530197	41.28364079539616	35.6840960020825	46.783013366581805	36.108510975357085	35.16192435645976	24.88458021540748	42.43007995050713	23.858781937750305	46.941793606274025	32.09100333174518	28.709052952347935	25.665466645845026	34.99704735986515	37.58027020282285	45.199521893731166	34.346541314497344	33.707904380257226	35.582593860716166	40.54288244976065	33.87475578145623	30.69938609055852	39.94390021877299	29.736059897399443	30.858612093155752	21.733768741558155	39.2368317205137	29.3389239705522	24.14277061901717	25.851770870642934	35.17025962715373	25.378677669883352	31.46916682969472	31.525636239189506	22.92504294018586	42.07993571559775	38.197312654302216	33.67794234663822	32.33195173752102	28.474075189594977	29.363035971300363	27.579205084572113	39.65662432320321	36.74694483783347	29.283415353852646	26.56937102094484	38.17077363092919	53.42732902306669	39.185272314415215	31.640818032482485	35.30087856650223	25.075112120695213	35.974783081853694	36.64935519744373	28.078924259102074	26.29471598436229	32.92998284798811	36.18697331747807	29.203777768102594	27.041000543549586	29.305303936761803	33.27509789266756	31.676131942956808	28.68944878571862	42.64284384416133	31.662503874064942	38.55044661425037	55.229938360489335	29.809717859249833	38.27862221230878	38.71434330325992	37.70383740930379	36.885852229156875	26.690204138351238	41.416257028096496	29.90640146684498	44.42282913633493	23.18121861078668	22.478772689146748	35.515332862747805	34.18339620770028	33.669005135016064	37.311737182380725	30.720396302667673	38.91485016496304	23.638099551370257	26.400201597559498	25.27578974338211	44.694687235421235	33.72259315326536	36.039858134075004	36.1507605934245	39.64151063086413	46.323703821169765	47.28514752108722	44.02018832592547	32.39295092101148	22.001885641325327	31.846998785214822	27.164173601883107	41.687374603729765	23.264523224730834	37.222102568993044	31.145790634469925	26.3566916798487	31.389682527649448	34.64321587169006	24.342504354347383	37.767009211868995	28.62189371707789	26.540697438518347	36.15664937684883	35.394278438999265	36.74843398339161	28.28991950178509	39.44210642495969	32.99595682435872	37.881908952259096	34.09075401813188	41.28753716672857	31.438316925762198	33.053682108745605	36.762265322295626	32.60217927994223	28.874678617392018	50.36067612122599	12.670979175416486	30.270658798101348	40.28259169528489	27.558481040684104	28.066664980658906	12.950457490459724	39.06528541839306	23.76265649743849	43.27500673998592	30.667469588108876	35.46883903231117	23.369182564769247	39.01496936832571	34.86382455216574	30.440442913391426	31.887847630081286	31.29239281468447	46.6782823972979	29.913427022885067	39.2977706672749	41.13747120455208	31.561218360918545	31.67877317279079	29.914819972755595	23.514903936560817	25.95711475373747	38.796354813469634	29.259150684486382	15.677378395167286	41.06108104078257	41.32919849040091	28.25855660134271	36.06022327932078	36.3268353935075	27.779453474194334	28.032576781236507	36.706845520213506	34.76585017950741	36.754993087334256	40.6997412168196	25.6647813307721	30.698472173860303	27.79334765763969	42.83624700395174	35.67394731943872	42.80578502574582	32.999074359036726	27.065649538537492	26.231608196578037	25.225010112211407	29.363967313043688	31.775399387406807	34.155449881551064	36.63137821255285	39.26955450730037	34.4603394984298	36.59424278107217	35.72181442866083	33.21007374264129	21.92157089992296	35.24197091073889	28.324443828553015	42.57227596076561	38.13929534418164	27.531388629973787	28.89453105763449	48.062267583918775	28.673754856804223	31.079879176632343	35.19595000538286	30.802008492465596	47.63005336879504	28.974291493767122	32.98441566075782	30.42730835627488	28.534657316368655	25.26577120341904	53.552511256801154	32.82591460775005	33.42077549529475	30.884651698885154	27.99500068770129	21.51147005715059	22.795308351639207	28.860143665350204	27.058029092496025	39.99597549391414	28.118014869408903	28.247051729340207	34.69276253994781	29.305219313484734	35.30444937066608	37.18962345292429	42.398048400145825	26.516535401331296	28.78021696506731	35.34072222280903	31.651629653335092	29.069047937507808	32.8263886166395	43.70349739408231	36.16532377338327	37.229534615263326	33.257865679713305	35.264191493347745	23.46629952541527	26.019488198681156	33.29284427157357	36.30729325495486	38.178471208551024	26.93738996848706	25.71879437031253	31.877711119055224	31.908066611141805	41.04955989905363	29.842476562930766	23.554531743968685	26.832582290845835	35.15054856474007	38.8627438463024	35.7809084560545	29.4473926498179	33.38388710121126	31.580760601354626	30.547024712430982	24.58217055902251	31.354997000079855	38.26779252276408	33.13102461319898	40.03499928674963	34.20676514476424	39.672080254972705	37.19497758048162	27.67271863509166	51.58892526603195	39.841530715878086	24.676771788939345	31.78744331394034	33.61767025297223	35.80113535773208	26.85876978335524	32.6902753581263	36.262934100489424	34.16444105896734	41.40809388375285	34.099852901347475	27.513044647679354	28.74112025019748	26.677908736439374	27.056710720880194	28.523630334309335	24.689321078251567	19.6401782670859	24.67091995135214	24.95578280975285	32.05434405967911	27.341792711180382	27.620495393531627	33.68219791735737	38.82639515898147	39.368933315293496	17.71280343974693	22.79030366715843	30.75048366298501	30.59065647314215	24.804373775182825	40.32017207987872	39.51383066614225	37.5295027919293	34.97974846008112	33.41744818393657	25.077164404759053	27.01236698433529	27.565783406759525	23.367171947595157	39.153141731592726	32.3401830274967	17.72196040041003	26.036177207231457	29.443416649854417	32.77105273020005	29.103205164822842	24.82498615160241	33.124209633406366	28.0060850765797	26.513573091719486	27.646902629672432	26.19036570445002	32.941339782132	29.046852507600285	25.583929270667323	42.442014950312796	31.03729328119041	42.30661172807005	38.52662864239512	30.40685013197489	30.945900101576985	27.67036270114899	24.882022309334094	26.580116553321215	32.39348981148936	32.39442845961041	29.26835382159156	19.316535959549153	31.64670884207106	35.40726138118578	33.42787618728523	28.72692703302266	31.666218735827535	29.628807596344313	30.624495196334596	30.031678587280044	31.550330539772823	28.130192736511752	38.652032769057335	29.957429798724252	30.149517948464638	28.507247422874624	29.79086774739293	20.352932949633864	39.06543449484805	28.78906098741409	40.928140294807946	36.88297322676076	40.3748050290731	37.64618874410019	34.11296146639042	27.597295538293455	25.70768964607725	29.511618883578006	27.049616669455443	34.027073019034624	29.994971824356327	32.21228179596132	40.50189804420061	31.759083949087646	25.631492665730388	29.713921774606465	24.85303519630637	36.33708286002778	28.972449147794485	29.162358194054068	28.125335417537116	31.372555493515446	33.396516984070786	26.905884414628787	21.48113972573212	36.64628901713349	33.73656286036905	26.767964195173075	33.92525114173588	31.300760158901074	34.455793239727974	32.355815646284164	28.03198061966183	28.908950578538327	33.97545653562161	34.007299688503764	42.291327767096114	23.197561072500395	23.563772671185085	32.07447168875913	39.792119679990755	39.00543903177255	35.99445221019634	41.118043331219184	28.965653456670765	28.70025536493502	34.14223110573524	32.568245023624016	31.449455503975912	31.81116001881668	26.723273296350502	30.616328963583697	28.867611936342254	26.86366105449365	31.429875951407663	31.895386989227397	30.097924891078748	38.922878151284245	21.801468003137465	40.40714525803261	30.40781408788115	29.627927443208804	21.773023259744832	29.06148281658056	28.79011005656616	47.24153797125811	27.595362954055954	28.90554398461936	32.88191853895065	27.627986917595596	31.797557932998828	35.53916507604905	48.80281870865072	29.56846566591432	27.951429836864573	41.68813782833796	28.14737410089794	32.079169684522654	29.535867379490373	39.08990532460697	37.19410553254502	39.46860500939121	19.41276519296849	29.0970570698393	27.04035929365997	42.593480447763895	38.133111129354575	36.08809879697649	19.429398786560817	25.58102612080378	27.559042794176317	36.11015261947334	19.347959037574004	40.1447649016168	28.131507667010773	36.966142395978984	32.32028977262713	35.97967010295718	35.22756641958576	40.843803855422806	36.559016428895	43.03863040857517	37.148585730956	28.51419509226554	28.263878451303317	29.048424000048733	48.792156661127386	23.866214362238466	20.944532775715704	39.586584382934326	25.077292956572162	28.837111758912087	32.74610433844922	31.50678632685118	34.23464604679053	27.71689083583169	36.774894267783914	35.03303146293204	29.599348317365237	26.222865893929356	27.010135584302574	29.607665974351857	37.4798210758754	23.53468399419041	35.47990264759542	41.50861497056417	40.20976074288407	29.817763402510995	24.252996652665416	36.103081896724795	29.18838779568141	29.736261350263323	31.956029591536957	33.02101472527566	39.732092885633634	47.5100734062697	25.04023032519081	32.367351357480544	41.63698485061513	36.57679987742487	31.917974448570916	35.3309295518262	27.647611870473927	39.36607196440069	40.77114133038267	45.17166199819196	26.44957137727243	29.405181050158372	40.12125483520594	23.82244058330368	26.56409012078987	31.67973560099651	36.585436930158785	31.692073232378938	26.90189512054234	33.554518971191435	30.918250006196644	23.47075031997079	23.980039821826278	28.044685558069283	36.1772222136084	36.79127902275209	34.33220467000703	30.997085565471274	30.731072425776297	30.822397267183504	31.492299010827534	27.257699968239134	25.057674132171925	34.33858630259871	33.28503498241186	39.01333647061415	25.763015761258046	21.446561988304598	54.47823627722508	29.68779134947241	42.72435882470693	37.77894471849435	24.811004972621806	29.731665024116925	30.686233113910845	39.10752856694278	32.62950867176913	33.86880380772475	27.40327907623909	31.480331659031993	23.63412317453243	24.645325852886625	29.108265807098785	32.731431771433925	37.31109932113692	27.499645391857985	27.263062999078215	39.83145854156029	39.51100465817521	27.873301060611926	26.934907842657722	30.708247843309913	35.806844161438626	44.99323523577085	26.80995280182507	27.07035739736635	30.772099598915286	29.5152328183203	28.415833608456662	39.17245473037256	17.865519471355164	36.16561849472285	31.781320827794485	30.689072591076787	30.513888931395037	33.44544595707926	45.915600381292	40.78299557471439	24.352095398432947	26.978941286451764	26.66773563992378	49.18033833500993	24.936903450544634	29.537889923446986	28.280329185963506	39.108401344540354	38.00252024595359	33.53525563784684	26.96870057041245	35.51118232212773	30.8629819439605	36.33842911367799	36.38652816618864	29.492893913907274	25.94471994517906	43.72431458075602	39.91532992697798	37.786040755554694	27.083921931153277	39.99072194746845	44.97169896655965	27.74483002511784	29.956187335487027	37.432436693935195	30.30944739175976	37.97147113590145	31.56812014634022	31.679204595691647	28.77799960760662	32.26676391096796	35.70692332532599	27.198485352432687	31.08255915078105	29.485473510582683	36.573339486360624	29.880116617430765	39.19589093356553	30.415355034492737	23.93762642975067	30.373649066557476	32.95797226576181	28.247542230498794	38.264667651158646	31.880930963948114	39.656624325147355	40.62864211053393	30.234487960685957	27.639513206329912	29.397818395371566	42.314359916896706	39.86715642109997	25.00371416921366	30.875259187020013	43.54831706965836	32.30047054102055	37.213373004891274	45.37808015817595	28.621607777376788	31.200776602445394	26.808210798020063	23.992916482512435	28.7003397703025	41.82975130062096	36.143944107207645	22.2950542264717	25.65306319972808	38.34358034427893	40.12720293725523	37.566412000748564	28.87497096503169	47.321049665574876	23.3897314998084	32.00776904735533	36.83098384840812	29.14199646588957	28.696325845849497	26.306170000350683	29.877747932933882	22.606656806110287	26.067628637517554	31.271756279723544	42.16522255507972	29.057326885592087	23.853001775059315	34.668263075832556	45.5945918836839	45.05811290894066	29.743479452466342	36.22940273640294	29.582341072856043	28.138266521358325	33.64191341451742	32.557256839809064	35.926248111916635	19.749239586992534	29.356177053042792	34.80546852541971	41.69751935135581	35.2862285833234	58.380043553803205	32.27856857095258	31.41144321562073	32.437211680696336	35.52701871778759	35.69700206159114	29.681640940624554	40.21411318811798	38.26157315568372	27.660829526375142	29.32479669240682	34.077025671663385	40.491532514376296	38.71684494310035	22.070785070826883	25.71242686042133	33.80955210117686	34.51286477512228	34.09935168428936	41.15321527547459	24.689205613562365	23.497844572277447	34.75224297727063	24.797387432660944	31.92843484129513	32.14594445503492	33.85494566020047	32.07715475527389	43.984954154380986	28.460018530583064	37.05822024848204	24.661543762943786	34.93717658850267	28.083781993971996	35.26233012030424	27.737394737650092	28.478497971237864	23.25761898781923	34.55929083555691	29.3215981967986	34.67425961697614	30.806292103697132	40.022624900733014	35.92816322015109	28.017427380380216	33.212842317418705	33.07842079443679	27.65992072578636	16.986128329878408	27.913804291657627	38.19942332789634	38.95099156907288	27.170009881372653	33.612544471499014	30.662163157332856	20.816230053130738	31.901685670966835	43.0350778543708	36.35294762659943	34.04355955242097	27.518541504343872	46.72227560998567	30.385118538424713	34.574189750258576	26.532754875809573	29.18744145930834	28.542542119677574	28.01336890638704	39.8261301323982	36.32549763522601	34.99803030292056	43.26879131585962	33.84407276512326	36.958012003166616	26.75427399894219	27.333792904090544	42.034841939413894	24.42132537379631	25.501895446751238	33.85155622106793	33.99909745267522	33.757534448937555	32.05315988600652	35.50478750054283	34.7871077445266	41.22787087822637	37.715913805730644	40.22991808150072	29.01980544523936	27.987816063796235	37.224561292800544	25.17768657010862	31.719566635242742	30.053140820660406	39.34413448510966	22.156383759645575	36.41697195713976	28.87949929395713	26.647646465746234	27.384824863598404	31.641882056203176	31.27359648451664	29.882922385954753	33.78863374349008	37.142627999122745	31.654225988445607	39.49168581898445	32.3645478463037	47.22270446028266	25.325536375339748	33.39187144435384	31.16276866293335	39.87363202812289	37.840042304906696	36.876365369991085	36.04885163279037	31.40232304721796	29.45215972574068	27.49946879874982	26.768921095956077	23.606563689785286	33.279865929704755	29.15009631614742	38.239516415428525	30.826014327086895	30.28671575171793	30.168694961062965	42.56441035421638	45.77318520656084	27.704230016790067	27.757899394443726	21.79433640375014	41.0859444563082	31.6744750544503	29.38383897240454	27.03650501101844	34.5300492536636	32.42189470057692	39.761050916800514	36.700689475786696	30.86492100581641	22.792385847607893	31.192054775440624	33.143319443908645	36.754951334030544	43.33904334482238	30.90189743979635	37.26757020813836	36.86621066503404	40.93044851047351	47.087457121285006	32.908435035142524	34.55581159039365	34.25395813205782	37.29700283103848	36.465490343927655	35.14314889770196	30.9739781196418	30.64608724211825	35.44236716256861	34.25459412946241	42.14468624038537	36.97624749020868	39.1656561118997	32.959785705018696	30.499990553668514	29.926373510910075	38.052679970254154	35.607091441590825	35.3447854456811	34.50850344743698	33.31793544230367	29.51865927985382	37.65663070127532	34.057216895010555	29.323170023468247	38.95286189171654	28.916821128234	46.615895918287784	36.4380651706265	25.16832062808943	25.90273768779162	47.94563577257148	30.177327650660292	40.0565450881662	30.783944666441784	25.11681022245351	20.303922737302408	33.88393029252488	32.17825715949388	24.289764258613957	33.889903890491226	24.441892422149127	32.0134489629992	23.33212285356979	24.90409255522659	29.31669132908449	32.615582456818295	34.10812530133485	22.969317785634473	27.700479886394813	29.879685359037467	38.177310869545515	48.7016223378917	34.719784932851184	34.853305277524655	38.0427944949207	23.842109780705172	22.591119938707973	37.309770300505754	26.45672481430087	30.80772388448786	25.46857952335881	32.62702542277223	21.46444913392407	24.06331359329622	28.601185978513765	32.169217692449166	43.64816970983632	30.001930426303744	27.3779054615254	20.9522389493611	24.769509379143155	28.020568447093357	46.34213756575442	37.41114267369436	22.685914981697074	30.97569173694221	29.87805268022199	39.67666702640691	25.584274258510934	31.32527409862929	43.69534479958343	27.79592940457759	29.604215713878297	34.244506309496245	39.67659757957441	27.19721710844038	25.37677071269447	36.04479673098777	31.368697025269462	25.842621926490043	36.75106970010817	43.27624411682923	40.58936940467035	44.79235266732248	33.819012212849906	31.508419249321914	27.688823774849013	26.884057098780314	42.02064018520663	44.59211871931468	29.698329695356428	34.55646035608989	27.208532243298983	21.881308817154704	27.52036998116981	34.069957507548395	24.221923483910395	35.32949981857332	33.1289638062645	48.36127281049975	30.527457458232178	32.44095881629063	29.50464276382226	32.73771794001955	43.120231409845445	39.85148930230209	31.773591022216916	30.563601327916047	35.210325294431776	32.81021101695592	24.95559035894902	44.32965676316396	27.312862694569528	33.186835419517095	27.471933113303194	35.78974627795919	32.779181528926344	27.531055447720455	39.57346372138177	28.997793422928194	27.85089153222333	27.25112911253834	25.87597005029175	27.65512415635867	29.783639685057103	34.46509099004545	33.1370257025362	48.259022442179806	34.36369196782567	49.606543596516744	22.467216931640454	30.322167877098668	31.913095187609468	30.017163930632808	39.94261453262023	23.17687174126936	30.5955859721935	26.812150974479867	33.34238798071824	35.165477964916974	30.050363580763428	25.949658533214503	38.09273894545464	46.63664214073227	35.09746299931098	26.77149590063443	30.776519627972515	31.679289111135553	30.41366247852925	34.79065312706041	23.82154851222966	30.679458971325413	25.361539331996514	35.06523762563928	32.41912404604491	27.54664506970553	27.563653128362184	27.67356081024666	28.89865969727969	42.00583659340471	38.187887732890374	34.90151101171452	29.282959161909915	27.481089090307282	34.9858845181077	24.594679025104323	48.34687191607542	34.16257562407973	31.76965322233384	19.242450374247152	36.88097475739992	31.91773447471189	36.707377431724126	39.51600781019285	30.43822337785257	19.944197640179585	28.03296159400164	46.127399802670645	29.379356742874513	27.335653984320746	29.48049240113255	31.85400971819102	24.35235967511084	43.88975186277343	33.30275249761057	26.342547012411718	27.746575209444835	32.376142022841755	34.85573674409993	26.32153568843539	30.308570127964522	38.49011936663958	37.45758641369328	23.51980067916315	34.227909921017684	34.490966470578584	35.00997853902033	35.2782175866739	36.612856534075185	41.02395071688721	25.559278261126696	24.18617274949427	30.044062685387757	28.582161647205574	33.445667557800995	36.87713832234502	37.10241335930331	42.60245478726324	42.94055895619952	40.297265799021744	34.76528641002754	26.633267891534818	26.12083287045025	23.26708105634942	26.46426665017346	27.682628993903098	27.167595515989913	36.14824904875058	30.711509606228905	27.1953760451672	35.04437542030615	37.14760461386211	29.109515669522676	35.034175808455416	36.1746042190926	38.78614208093186	36.90045800868686	30.900086166021193	34.14593128913174	36.59887119977475	28.986440286643365	39.02919359149438	37.02165521890077	25.47270815992362	37.55978789930708	35.80753280670589	38.77771461312323	34.78018215349139	28.490332399392315	32.08402767824627	35.973128689855116	35.338550996943916	37.35544803276317	43.324515151611806	22.064470940409212	31.48288860602898	29.058723093033507	27.1555182968042	32.062783136152376	30.959965540873625	44.60010936649353	26.958415269485258	28.536897137783427	35.93820410373779	36.91549029845887	31.241557024396403	30.731298581928037	33.16935736296749	26.208698210783165	44.285761798049435	33.96794538835398	28.73325442335097	29.594035785364028	49.42303256117756	28.90335182395621	27.004139025281695	28.672720007222203	37.3316177662947	36.82763389939745	34.17213662140044	36.89667237847198	34.96336048732528	32.49364507716068	35.115309371430826	33.892098848957964	36.16177621489798	21.56342331755205	31.903498151237432	32.091466147721476	33.28717882417506	34.157855646396484	25.951838893876875	39.38564881241775	35.24436323472421	31.989573500917047	32.64656772031103	24.825027225112013	28.30622795836331	24.63511215925709	39.0878557610563	38.750518060726094	30.467960668442398	30.35238859375243	35.398370339776534	28.624653372083348	27.72175438040433	34.941363820767805	21.423267357833243	37.04016673222363	23.58180497672083	25.41498940856947	27.248158997103108	26.87647575734478	25.44777868995648	25.66476392515783	29.187047029044397	27.488598815639023	25.704086840645036	43.40677275126367	36.471452532675904	35.650026827510075	36.54119974317968	26.706962696024267	43.480444012420904	46.38050120010092	35.449118096858996	29.609839418406573	30.961287567763076	35.243453776613975	31.33496974873331	26.972189233673927	30.086117882216932	39.5265852173429	34.22246946494732	40.099200548491844	31.471495808540077	27.605602012198396	35.42115658030956	24.349653107111852	28.806925355210005	28.776646786196	26.116545293923934	23.316242587251402	31.10780625046218	46.23324231030415	22.291486963396242	33.20787150222769	36.86590214208226	51.22632025422273	29.225211759734567	34.68307431563256	34.73799153650138	37.39038808325857	38.976027828362746	26.37612535102523	34.04973839639186	24.555663838337246	34.28668096528347	29.632019655796768	50.077349145488654	29.588450476655854	27.1724684415548	34.71167893264605	46.35051287614455	39.19823570583344	30.85552654635876	19.06896283253777	28.0914477376151	24.249241310081338	33.50715589210709	30.356282359392143	30.016060712207143	37.587610488527126	21.652364488664876	34.7458482383098	35.352690870580666	33.664480964631814	26.2764492952399	33.3335657325014	28.527603718477916	33.85917665635027	31.88437437854724	31.66911789658291	30.18813493169669	22.55975025204922	33.18026461434658	28.577061927836574	36.23335598558757	29.832942766028765	27.189141719435487	37.20398332977816	33.636649145015184	31.05416592787485	28.34515404096047	40.734591842384404	39.2900884737109	36.80873071565064	37.4167918459133	40.287104048199076	22.411585414513457	36.586914672766184	35.70935733706806	38.52234495244428	26.729511046933997	37.67444593722567	24.9595136172103	29.900389167478018	31.137607279807835	32.79241463869605	38.01460549555264	36.82462516637877	24.57893119832688	40.25700593562311	33.011807004004154	41.749511406793864	32.77344688586792	17.790661857360334	36.12100612466465	24.799323817957806	37.732618744371784	36.55470229229544	39.994874849602496	30.478387585491785	32.962674482714164	18.364394566528613	40.26987098316467	25.03018468975478	31.279801754736337	22.407175584268284	36.062321690837884	29.47707092203453	26.585215959063206	32.393086805677584	28.257823627508632	25.915376942253786	28.48668223565769	28.38644349506898	29.434976318048015	39.30983953801169	24.613284337116042	36.39606974870191	30.60280061917201	40.41743679191965	22.2567192911413	33.01871180202124	30.441326595339497	40.39182125983487	39.0391158068554	35.362014110060315	26.86894861532452	35.542819727936696	38.32135258135859	41.461707071008796	30.774830272962884	32.36161675182062	22.404089493096127	29.868337304783775	41.25346428785974	31.543993751958677	35.180281745489545	36.66364587817563	23.152640279809102	33.46431455978095	28.958437179598743	29.295564014324196	30.362143186891263	33.798250690809425	35.24889495073279	36.723797669122696	27.020101944087603	35.781039893466385	35.19629982313797	32.18222030687073	37.32827480467489	30.7538469145188	37.07879809952021	23.544780287071674	29.41600434556398	25.904092166634438	25.72750226370264	27.190043241785936	37.89058482027087	36.04919812187548	35.7765559753151	30.459482119258517	30.19773449592851	34.43565965908977	26.020234662249873	42.25477736637092	44.59883047785645	23.96746519377818	25.862378991314802	28.17905529333583	26.921888746271726	43.5694434930646	30.178558042759782	28.687641232601447	40.80309865146023	36.58801589964933	36.53244457624991	25.797377735178753	29.52762242838856	21.37486976787755	23.944361645086634	39.261453193568435	40.946116141525614	28.58647314676064	33.62231303259196	40.49103356265361	26.226110038508946	24.22470160547306	28.99561433658567	27.599568159191968	44.37600627021399	36.835386648129074	30.66079698667721	25.31267457875833	31.533106902315954	26.09457181594768	37.06794465787545	39.09364509935174	30.33318624492787	30.012156200409606	33.19876086838309	30.42015009283558	37.95118570439173	26.134185618715737	31.066671555061948	29.858711339091716	26.51112530044113	29.036751364998757	24.266254381072176	30.221041253109675	44.224932460122034	42.01532652303865	31.418170136614112	30.502148493997623	26.377622936547194	32.95154149486407	25.736648838432824	28.019637484451174	31.26464145990361	33.08292874866783	31.770278116448413	33.390971310156	36.874191746580436	39.73379075623681	40.87997773030718	34.21446227986898	22.82068239589899	32.84041080988057	38.97738504815781	31.282395179014856	35.68447789491574	36.22978822604452	31.178777005890108	28.462993448692014	34.75776332220716	34.17999865468169	28.42649827088612	42.99199429705679	21.58252885130743	23.894638114589892	35.89230469099408	38.36160413012827	24.092403573094224	25.34228484743761	33.098694941382455	31.263387806203045	32.89373704031265	38.21766823712487	26.68592505115503	24.69446105833856	22.807492862256275	32.47541280406297	31.130740170133585	35.6480464669742	29.11472364888241	23.279009086490568	24.147954006871224	47.968319920958905	22.492511990463385	32.86701639426556	31.447180036734526	21.630301202683718	27.328010132941113	33.368096710178214	34.528814407641434	25.9820285156473	32.411804209788784	24.08667366743784	40.933393706772065	25.15267378028058	30.379084197707083	20.78348265310603	29.8466149908012	35.414066655309774	37.95205904932855	34.85250812829254	28.70581925355168	23.83150977118549	22.799605646101814	33.589645172676484	30.61383214643811	34.64275819217216	40.15756647672697	22.624454008571444	31.628814569780992	20.205249133082557	42.53192841257145	34.206810441718254	47.58055947748239	31.33380848987461	46.19433839303862	42.109068006450514	26.277463207134794	24.556402542743403	36.254485593526226	34.71244235476309	39.065864829422466	36.13418854303226	31.27428622687723	28.389708749291163	24.748316524698787	35.324859751286944	24.764885243662313	33.19488283375643	36.23723131016339	39.82179044726907	33.44796016696485	26.2934531745487	38.59351766054376	23.36982327223947	33.99432929285067	45.83371696566756	39.8299133928191	27.90510011490958	47.83905960428975	24.17833296039446	25.972950469253718	29.629461318095675	33.32942452624214	30.95619452359017	30.02010668248145	29.40249959079846	30.225043830607973	29.694322441327095	29.82663658655796	24.58188028736149	31.25861350900449	22.652977813914042	30.060807858465402	29.25640528266151	29.013073996058054	30.554815804037986	32.582711420300214	46.99452917601718	20.587430400911078	29.74498605258291	30.978353890253338	30.136941520138922	33.25591537153419	34.46485798856234	42.86631724275284	30.31510379929109	25.295315591934497	41.38249568476996	33.49515541161185	32.663148287186296	27.865613549115857	38.866341858180455	20.83050003291105	44.199682359876505	41.79730988573625	32.330614262262834	35.29922358048486	33.863009371321276	26.580229180120252	28.772138939925625	27.51293963498092	27.769165677610946	32.63296582448485	36.0725899457868	25.666825280961273	40.53366356800338	28.670462222785595	33.561093597379895	29.616496685126616	29.14858498520817	51.487442512599586	49.43412885372685	43.417188983296576	35.255060116135326	28.176635602284975	40.112574118771924	33.81451164433685	26.0093214451359	28.265082788665868	25.074121824358322	32.38416342550131	44.64975850708168	27.71109741377931	28.214491491505882	31.281393089343698	41.84560033855072	30.748059881813766	42.93117085993508	23.23065142277255	43.71778652767919	23.51149383918294	29.961327113628435	32.60749641560934	32.40383996583148	28.434285929787553	27.1635424703989	28.71310411006154	37.99635706602628	31.594005077695794	25.215324010984	28.80320083482472	26.629401083536894	33.24105460280737	34.88010285802765	32.57915722605023	34.88967170844447	17.073228680951527	31.63489947254387	19.852906281490437	39.980421497511614	36.92596325578608	25.727633309101257	36.89567890446773	37.132627108385115	26.032732690475054	38.83794458149498	30.895689438684894	33.48550217993987	25.339121431893428	31.928951404431224	35.78632767249809	28.521697406799053	30.81755409452398	30.07641188919018	34.38286363857724	34.35371333157958	33.68591804364487	33.026187512422354	37.29435517732826	33.87940167192093	32.15871013831717	21.916313598507436	33.91895623692572	25.512213682016682	53.58928673964945	30.608392288308405	32.854597806437006	28.293389498364096	33.32422705253714	24.654183679388325	41.82166409932689	37.9163254902778	32.775494764962495	38.89959504099808	34.092767964139796	31.090012165160775	33.138221714052406	50.90676452833348	19.694955691605273	33.82984778869119	24.63525051873889	37.27568559600267	37.68498027881342	29.065142358224765	21.272636943869283	23.071209215127794	28.390272636156066	47.4912829924193	36.85231348787735	19.88994122877111	30.55335822634352	32.3354553880072	38.20795313915843	27.117824215898846	32.495053603100736	38.450599448223734	27.172318578682837	26.645012619341806	29.18696540144675	33.13916801667824	34.14749405521404	39.10752766145635	24.185216791866644	34.555136238495685	31.762209086484905	27.930190467211858	40.628078842093196	37.30735912759607	41.625812821426756	40.34950948444792	30.856083588444825	44.07058929718421	28.652121495167727	33.82680466493772	31.244589557351887	36.018144329780476	24.183814982776443	20.540039947694844	43.55864770510043	39.73507402261713	32.69124380844213	24.493286978205003	26.83289074760723	26.464989248131378	34.72247986580781	38.63293681996975	20.80223135744726	29.384544342087324	36.068405740320856	33.50711821188446	33.78611030518575	38.771274376140035	32.96156939629417	33.31658608132466	35.59049676632174	39.30826232468435	32.79094854802653	32.044343876925005	23.416644027338325	24.5294029360317	37.09627405302172	26.41112742530331	27.604350523220845	38.12868630459337	29.86937952155949	24.205561682419	34.04455813531122	31.22962927376983	34.22869754990465	33.135153568334424	28.57155235084215	38.33674314283882	25.729575048795596	31.278801187473576	28.960723308480524	25.251552228438065	35.682380619616545	32.73736681683236	43.80639065301536	47.15074410786342	25.398048404817946	37.882287249427385	31.552474780341562	36.38949113506431	37.02490190302689	31.872391270907332	41.843095385149105	43.73591851842783	31.73105240835584	27.89881871324221	29.220863589808854	29.572622123982615	43.7031319099047	34.97863757771228	25.626119716078282	34.188935556597826	33.629051822049476	50.242316289161316	29.777832513399744	33.127019608498536	41.094923940582504	24.43091397059032	29.0964701980019	39.10031945587586	39.0869515920948	32.938913694985324	34.31534517023022	39.38717286437539	39.774479178909885	26.37850011720774	32.692558722822774	26.949210507129127	24.562411745020086	32.79658607372182	39.83196037406378	28.42011506450568	21.644430564703708	31.96401652090364	42.73002626047014	42.206475300578184	26.566499520520658	31.113844666722482	34.686320936733985	37.03607345118978	46.27268837496338	38.65023316258853	33.60108400610119	38.9807477811245	46.260041078230444	19.91179877228951	29.16579485609736	33.415688823819785	37.22538008478576	24.35437003844802	31.16650962129909	40.92994123144118	26.727134238598207	35.57271712365023	32.572500008013584	25.93207299640699	23.619058906533628	34.46635263413602	31.63589453181998	21.115600243071196	31.469422421511194	30.762646609023676	27.56132176098064	36.10225066156622	39.04960360189175	23.430092836215557	38.60116614341376	28.180500218353714	38.084076165695485	32.00649881433512	27.723432519675917	36.959207989712944	32.242004962562866	30.45767234729804	42.5057887773559	30.524498043861804	40.77187175439114	38.5185849310272	35.6462406484406	32.61471234522155	33.460306585408915	22.914409682713995	29.914805149341408	22.815406814750016	36.483645055451504	43.04452068168581	31.819588543335005	42.89719794102424	53.980681036961144	36.67993354490514	28.795371634750285	27.500298846128416	25.766256550125274	31.707918500793873	30.28595421026606	25.37363634872433	37.878032375937714	36.72243150659916	32.36558353825657	41.52110639842552	27.64999715931238	28.46870592140146	33.78934688652922	35.139143754957324	37.15037053219659	29.321660414412786	46.566665552440824	36.184750263191695	36.35047126208242	36.35064060108243	30.700903372937233	18.5821915901961	29.37184793223186	37.40188115644382	30.701110761004216	28.035065895224555	35.460763498947145	23.80666569896325	46.05018815238303	29.65339176005004	21.850181941016928	36.373487582794304	34.513188935444816	30.510186766768243	24.936335533487345	32.67210452425897	25.667907832362324	38.34489292241244	39.583493642684644	31.791296839336376	27.530065920595273	29.264232759596236	29.95957747113534	38.949062057600784	25.785250808428398	32.39301261095375	36.816512432527105	26.76130549151816	27.22544987238047	39.51262073687614	35.110647993148135	28.72351188242427	31.310349086289545	23.47976657568075	27.88992234726712	29.275481597765257	34.2631909188303	38.188756858033926	32.418536311448065	32.5380371705683	34.242375092130715	31.608348818687563	30.451152048061537	27.771388391842574	34.64087195135317	36.389397624291334	30.75034660542237	41.68150425375396	49.45999006613617	36.016127571389276	34.73913698138977	26.57117491063661	25.39055334647324	36.40280099939953	41.92063191621255	39.78339252259147	35.89169297654887	28.150466291586877	30.652738482462897	34.03711216889429	37.195425003115716	37.70436742176768	23.249282937341686	34.47439343680637	21.95742205162223	38.20392738127258	31.506003970991806	30.376572392118337	29.61803268045589	30.177913911066018	28.040347677236102	41.58822601610278	30.814501642287926	24.9399634589588	20.14634153513461	34.5778241633197	28.454707838498887	28.679911757080298	33.61203629657353	36.97913547831127	28.479079754651735	33.03266205964273	23.038963969364495	25.414180497545004	32.648810192273665	25.760362572281945	42.739651916141284	36.18516900949037	52.61706361668195	24.35618556983864	27.614397984153356	31.48017625085584	34.01403340664279	28.474332900702176	38.31273850369473	26.20462637507162	29.538400896950638	28.44380493080296	33.358637060867814	34.557270298027845	30.244934978695092	29.91702733884392	32.249101003857696	28.40907532731668	44.36777905215889	38.499778994713665	29.079340678647174	28.428138546267917	32.4394983367695	34.79647541218526	38.96736419276235	38.354961773427995	20.164177132045026	24.407417082470808	30.25640219773706	28.99689999950497	24.860700408753758	28.02135983609783	25.236366697995	24.027638448651963	29.81761292494039	37.18868600951177	21.927443953480008	31.485613344779658	41.39851567673006	27.354174404016163	30.714460791893355	41.19184288316874	24.412874663969653	29.331725517286348	44.32669572463245	31.405349018661436	34.161500343608	33.31020171830672	27.040396096084418	26.0849016672726	29.701398997837035	33.883100262998866	32.744211582476964	48.7929185819252	34.93920960245672	46.92451775911523	35.70334573123608	21.728441276618124	30.032610023352728	27.848230318112158	24.314053344940298	36.72466274082571	37.24581999966155	35.38350716014313	32.64764609903642	26.94365124507147	36.82803206450226	31.844996366327663	28.881771068212284	41.15868516137087	27.913756107673954	21.880497962847553	35.75286547708753	29.571474550382728	22.896106181022628	40.69089812338637	27.70029824561875	32.31033380613289	37.42110529246515	35.47183290723845	39.03132293396151	26.65439883922432	34.7974770891362	37.9762954658452	29.007083123729117	30.42150741123286	25.498420906886867	53.26232881609949	33.039850227703745	32.36421967630881	30.868979852699375	37.1052531860952	29.28017330091993	28.195987280513442	40.74035328025439	37.361549163659376	32.362426337722475	37.87643626272475	43.6875294933255	40.595519352600896	38.95783611879637	32.760580153510816	35.109161224290325	32.79851529315611	27.45521408711993	33.05242716457701	35.894379756345835	29.714161176034043	31.496127024345757	28.962199551644684	29.148487204500775	31.212142885865216	30.534307776659563	36.28708279425286	31.64213928420975	29.20585766129482	43.045702546693306	32.79683366732582	39.28275689957725	40.055315058799735	30.83595749667613	39.815198582711496	36.289860559488524	28.33676866796522	31.00929528080326	29.195298033636497	33.59126722340046	29.02439324655345	41.758127971291835	21.67682017537456	27.3665924504085	29.45660814136482	28.246865045933014	31.95019589289413	24.022426128341376	24.246141585602828	35.60366166289179	24.082393158507596	46.093583929138475	29.23203864656086	29.973302424612804	32.76719947694411	31.942357727643085	25.151218872320737	32.45669160754052	31.287116433946753	31.24209287164179	37.1158493731914	35.8316709046328	22.83328233310687	31.555756751488026	46.33982416766764	27.300839607118863	24.300897746883347	31.80631484037576	28.113371966589696	47.402293989893636	31.121790604431904	32.50842282473031	32.85309872405381	30.874606907477656	31.85546367937661	34.077237685932204	25.972449572763377	23.88567928207061	39.915863453835776	33.26409382827427	20.255710664703066	29.028338526914908	22.188444109145752	19.941126367836155	30.0926233719358	32.45970867432183	48.56510536338309	28.516011249016426	26.60228921849264	31.74366315722766	32.99555838387017	45.84302834614526	41.57199811540067	45.17872952890739	33.441709432742805	37.22452514424687	39.383221891347354	35.304295782171906	26.554693019233117	40.722992535051546	27.26670217599768	29.926559586855035	29.620648429402817	28.937366991425193	42.703726020969604	34.08498113347995	40.26744514387717	34.9500774284605	31.50721969523084	30.451432791647708	40.99225988881701	20.818368771175646	28.992989896564602	30.006594308516995	30.38957306035553	31.156221026186383	36.36847216181473	39.74867539199248	25.041781834488393	23.975220369649303	35.82940544635826	38.64718549321014	32.79090543229916	28.594294241707136	37.603214008499755	31.187350277855376	38.9525357915714	31.994988345416285	32.708525782091236	40.699015218546535	32.42409512771554	29.252530332159775	40.52429424016326	33.98474478019838	40.7158024951171	35.66941697430132	33.69831971712776	33.454048552808764	32.14637094066119	27.98994666828769	29.978500083933632	25.43278227477815	36.96527811065509	30.739053801048584	40.04008129544387	44.536548124694164	24.07699683833354	23.68711817952252	28.246797067477612	41.604533351689085	37.942269872483	35.78060289305048	17.704713383509063	33.850217124327116	35.5535986346534	30.1930320642372	33.42657670335172	23.655076267712616	29.73329740668903	32.57838197978963	26.99099313143743	30.297221578187568	30.60458349289889	33.89281914266378	28.48371348461448	32.25808837128509	34.00660495062603	31.80197259082771	37.03742591742615	35.5965942659098	30.18520836680645	36.7209913869005	29.978323941524987	20.09788888625914	28.735054648811126	48.83971339240029	36.87881248377191	24.29800028713221	26.759863888882975	32.91178678806412	26.733360057822694	34.060644235730045	27.321814986336115	34.41041445265382	35.71558069313389	32.11768986362323	33.573873654272745	27.10270660329042	33.24973179154256	33.164968426921334	26.951524596668367	39.16301281254361	28.820652846173715	37.20291783079392	37.61519743719433	30.002135182242057	23.672802878782413	32.97546208302502	29.17716255031751	41.58830693652143	18.989165403833137	41.815906742489126	34.58856321462111	25.439357501401517	32.424316121957624	30.67860446986641	37.236399928932556	44.67827437957679	31.93411619373963	30.026760415175527	35.125684613540805	35.17605919191669	22.575460643925382	24.98466071399337	29.727311045337128	41.316092316554226	30.059085277796704	26.354742851996317	33.09063625836467	24.48602941090193	56.4402468588686	25.844584896501267	30.445759653930967	38.62638939478281	28.69657538764342	28.33293814447936	24.889006426275387	32.62113086174898	33.54545537475285	23.24972460649843	24.851392938204082	43.233058671377755	42.6701629506495	37.8926676648684	46.138549744209726	27.195654627670603	27.42105823609884	30.758379503886516	26.711338436248617	30.660780261289556	35.30108841214456	31.548732368183035	35.104204410252386	33.95157320778665	29.931968087719063	35.14738261789941	40.560168527307184	26.97637431654109	35.785058656895316	35.00858442482509	31.695015092779865	35.832376890516116	39.68489767590882	26.35681911988252	36.788278259106455	37.89722956383437	26.3880487425745	25.381918530371454	26.75818897922974	39.87110386862858	31.240709484149647	35.97194138331958	30.268233398398927	47.89562962053673	38.66941630400657	24.35904713562191	26.622723258965515	19.553498554456954	32.43545323346657	34.15066407781923	39.88900515973723	21.71183829159288	42.046869466783285	31.141670367988652	24.169759813190996	26.027478344261638	33.654464633860044	27.213301152275886	45.92979257526118	36.8252709239652	28.075677574603173	41.77928637471494	42.42908105317217	33.09410913916446	31.010564522629995	31.380087400858983	39.23876016548232	30.7347465011554	31.466238940851238	23.788519540447766	32.712080702256074	36.437321453736	27.848528823555124	31.973467493994107	31.46271288550668	32.1735741325023	28.96614771588079	39.97936070385904	39.25861205804158	36.12211338418252	24.614221914615502	36.78978716435799	35.77628641580038	29.058577847781454	33.781310940427836	31.287108867707317	31.689503006910687	26.70679825279562	32.51268729354255	30.860478042908305	23.416289934414912	36.077476774129224	24.707634122418956	40.95532765354885	35.036883269159915	28.390155248547114	33.20938082242265	32.99806731789645	35.53983725712577	37.05588600271183	23.7192473952366	32.733580304174396	33.09165501608023	31.38753975699894	24.342259233349615	36.106067816824364	33.825657360755265	26.842997744573715	26.75142227628158	39.16435701013185	50.066728359564664	39.6254965316161	36.17172339958261	26.330540868022076	30.068714299693	26.8732195695276	26.751509727198833	26.67024730318744	32.25416685371157	38.62658260061211	36.80084073885478	25.360732430851144	29.343432602547256	29.540494942470332	28.330659693144113	37.46572595676614	24.977435003550383	33.343567924895936	38.75067542479777	25.198311506501494	35.284822353854096	30.36274696793832	33.42663388961046	36.917317907730855	30.152759615938944	26.436800440933926	26.286669159458935	26.66803477712452	29.79238587435785	42.864663547933354	32.36628047572017	31.297453357861382	33.48463200479972	38.21508870430472	27.90699839235308	37.84683080133755	31.996289225230882	33.37822062353044	33.313473798801034	25.939504423335286	26.876168283066836	36.088170912808216	34.41154595000687	28.690449034231168	30.11657094096516	39.96344468665984	29.853081018965916	35.52129388669904	34.35576397099582	40.20068137267916	36.95680513993693	33.99741644079141	45.801485173883	32.523313673406435	37.00045699404973	32.23938468068097	29.26553365013621	35.23309975001754	27.06118307086468	36.150566888062386	47.85781800350167	36.41429380025616	36.176868352681	29.109090403839183	30.375061288378237	29.801596149126084	31.71697184038519	25.07665584862259	35.25488461099708	28.015325980619583	35.83605140374599	27.750619044338436	26.50976136447083	31.92742896217664	41.05301099761639	33.548681086592715	32.92300212248084	27.21220958367207	41.39938663599902	42.457695292577185	38.16892403759234	34.84370740081823	43.19720096031462	33.29037422898307	35.44842583140493	42.044229603067805	44.56830123797151	46.12301486223673	22.836489272033933	30.71964236472482	42.452583758440646	28.99921016758949	31.083453982114044	30.0592519864551	35.59693977327179	26.228814565161155	38.98227194791728	29.42044974778377	38.44894204516136	28.429397965711868	25.810623667843668	30.824732144293158	32.44484708717222	36.99164138312696	28.69727635660323	28.268288679193127	37.45391787429398	35.165735831128096	33.48245656372701	37.17808609834949	39.61597373614615	29.117129760676633	36.49651623836412	27.36713914029747	31.489759020615498	26.594029924005298	24.864597601338716	24.205814197907916	35.94739440872436	41.789589067282606	39.10906752170284	34.48112187574546	31.545817104659804	29.95513178236191	36.072905428657315	39.09901247765265	32.56096580625465	36.50656309391385	38.57438895912154	26.93087641528084	27.348191549886028	28.10971060634872	29.989483982934075	29.913921217705212	22.8401158932737	24.246760751168914	44.394151083295036	38.064514520733475	42.07369908692068	31.748713346479896	37.706251481121136	31.138694704430332	35.0966460905857	35.07748405618011	31.08971565692412	24.564924567318997	33.28958256988003	26.035850155232158	26.312463380123937	35.58878497508747	44.823413081187354	34.89192452371733	42.32148552807275	48.57012303479508
G6	1.3137400329565996	1.2982393779390293	1.4509362713122076	8.617570568921566	21.208191565261313	6.146776505735992	4.9612419438952085	1.462939977323559	5.433790512202772	4.846701557943036	5.448496741153062	12.254072992365412	10.644374278360571	4.706303916729221	12.294580913822845	11.030494817866918	1.3164551279975167	6.208202436454038	3.395253962228072	1.6197685972409792	2.197672123612988	6.793940207502854	2.9878652258422167	8.708561801454321	11.847085476685765	0.6836630261960325	10.567621196773462	9.025412401282193	7.162108581565774	5.562847692650435	6.959155386646904	9.48008555802986	3.275170582464542	8.064943523116511	11.410844223693514	9.213661573029405	3.5190362910006012	3.74871811092282	6.538063496529861	3.5600303691008546	6.612588706164216	7.522111324376968	14.884462239197031	9.848056936392151	3.5881277461610925	0.6268604351604922	2.9505875041342358	2.57465466122578	7.743006400322404	3.9930395562730006	3.705605800660746	9.591226957761165	4.819112687372627	5.866642249384518	12.991615176178245	17.59161576049918	5.06143284667774	2.734666065472396	3.922218261856325	1.2410800659630483	6.182961734521646	5.88197329232593	2.3882068519535964	5.547320714868067	16.066310274483754	3.2036281156472897	3.9590074536096953	0.0	2.6844698415509285	3.9020897944565145	8.788502405965017	5.748325690807982	5.441757474580052	12.738264095829134	4.103981187382351	7.061955770857839	1.9834926699983932	8.132050405629041	6.669722511159371	1.9685766152536084	3.816435481827994	2.479126715397088	8.198683126327227	9.621723969518293	21.916128667472165	5.548504769519851	2.2447409458228305	19.32491911295435	4.942649063572429	9.945217671368958	5.436322012436096	3.567529500047122	9.911506541181133	13.892893911556094	7.399851971355256	4.5281400981853395	1.969496809149816	1.4721796224293147	16.339322006248363	10.699897787883234	2.156483046468949	5.87567411889748	1.3098847624768446	4.694065726252981	14.328963202292448	10.378256160554866	4.016630530624919	10.660213212702196	14.491819145766462	2.529835529115624	4.8743082517233525	1.706652949360203	7.164140882737398	7.681070409337814	4.677463023977026	3.9249611613755224	6.831518524145684	4.52350323305265	5.182025374996728	6.550550387388956	11.72391182095735	4.751621310958554	11.869947520206544	5.0390233537324	3.5760036060532565	4.453026280224946	9.830429125807518	1.8105074529586276	3.3185545661452127	10.547073319364186	10.103976535253269	9.474335417780988	2.690946836465546	9.983807534061444	12.844983922242303	4.740402248239959	15.174485457668334	2.691068298761421	2.306464858711073	10.79067847567739	6.870950599855007	8.824937049094718	1.5982964446387198	5.953741978834978	27.276006685504036	6.4641727616099445	3.80746560032168	11.908562779065452	8.647493878394336	1.662491511811038	9.273997344979932	6.674122434404961	5.314463760194759	1.7382690289957252	9.974555722908688	8.754177383000387	5.790539939094738	6.150269181042814	5.909205667923919	4.503886914526405	8.03480783988842	3.3119517562592073	3.116728619857812	2.9716695697056768	10.187335754798301	1.8081798669592197	1.612806282706479	3.8048007219187947	3.160656098347116	5.611032501190163	10.925005628086026	3.734206617378097	9.819075273087435	5.69657148275781	4.858782860433396	5.20382880398019	5.812380702778876	5.7362753213066116	5.845592534084169	16.002910985691283	17.091771982389908	2.0373314009855528	16.191325195694127	8.988780105963178	3.280543262310017	5.300480480620598	2.6299110622254602	1.8872746190750047	3.618808653567927	5.227555337223413	14.549181701554094	18.45721294971551	34.03277239584957	3.5126516203114857	14.41684103782772	2.3214143192796404	9.898328192557607	12.554876222594178	4.260352326447524	7.234954235044538	1.5644182762963685	2.968448222050117	3.033611981349879	12.478064768252818	8.917639884192008	6.862482916891999	8.424888128402706	4.392710286541845	7.844937864743846	5.24960433503944	0.7018693114316814	2.488974196470543	9.970527159259593	4.71793972195116	3.2859608956306774	1.2678814795857882	4.919570516683334	3.8596995871641697	3.9605480916245566	4.7424975305705095	18.800261131556937	7.397295951906275	12.41681092784385	9.587512834775616	7.077079470953699	6.20095897934107	3.195899689014415	6.209696047147648	5.551248937206895	4.6821126855309565	2.9413587465338007	5.831150033528247	11.871383786805419	5.141382424887635	6.886356914322857	3.0315570096279703	8.58468163486333	5.9400997048942035	9.391179615248442	6.654337141095038	0.7569243003962124	15.309691637962695	6.950839719339703	6.7375518158962056	3.3550269423532963	6.324479568414069	6.459814133266442	5.05199039967895	1.6466915213793234	1.3769044999401847	3.3042395346549553	4.929068549222506	2.133363050718247	3.4302607571826624	7.03647832762995	3.600482578963984	3.4814919094464023	9.654676647712497	8.035168882743589	1.1835625055353567	2.9608281364052966	6.514922569764484	7.8130085284937705	12.809211591851238	6.068347747574293	11.598908862891612	7.236664122960588	12.5803267942329	5.430428422647864	12.231959555402238	11.566196778733817	1.2665861968360466	0.0	7.762826212997454	2.406321476496988	4.653537517178234	6.398067932710363	3.8429520276119375	10.882447897009198	6.20162790004488	5.681937922115002	7.148405488909275	5.613415706804537	7.528326464858489	7.106169191982174	6.189234528230262	12.079541294430552	9.516616542778205	13.263288487216105	6.171055289307314	15.809898699939499	3.794141048010168	3.717236678022282	10.61876704270852	12.738134396626872	4.270721461592706	7.1368192004165	5.745282343264432	4.769048619386785	17.58096217822988	3.3933518475555657	5.222163686216263	8.322830908517547	5.120922938866257	6.716721627574572	5.6017664297264265	3.948533330130004	5.726789567977934	7.6868734505774015	2.1187275887686483	8.177747932023177	2.956833717566423	5.77015035579181	2.8451145578779404	7.877850181734008	5.924442929756907	3.328658351564416	13.429188340761039	4.747478783562423	14.670293900551753	7.84736634410274	5.976447475482856	10.973986645007804	7.3059352460512645	7.299487847145114	8.988281674750354	0.7318410890626679	3.7830763487027403	9.967409973993853	8.733571563614626	6.063065500682891	1.2027836552370792	6.06224095078519	8.80107778587481	3.5235643165560435	9.975457158249487	4.489429168664515	5.926926586747333	4.7809657720575744	0.0	8.808640068675967	3.469307079419915	5.699675973005849	2.1093878688321657	10.786379561986791	16.538903739181947	3.5385032539528223	4.933567045809734	8.022549788314878	1.0517886393744917	16.96393055805448	1.4190969928422774	8.652971190548916	11.589000232949822	6.837904251911087	4.840014238933463	10.218107078373164	9.031863506615123	2.992480269765707	19.189396287312086	4.818805826781296	17.259355737652918	5.961943571849966	2.5100735876923794	2.322860598195595	11.139770143657937	7.377170445831376	4.902282392758391	8.668518912857406	11.658427690464993	2.613107596254996	2.695490536137986	2.676044367755565	0.5549270759804344	11.146759632945741	2.7484902151033523	2.870133629413902	5.851504057650986	1.2353920687289854	1.9698416292808545	6.740477003632212	2.3512362551983355	4.469468723542123	1.3764323736026676	3.9173758841385875	6.9764625706608685	3.670510243598531	10.99206531349791	2.626952640060401	3.236778553376873	2.273189538316595	8.500728543239331	4.065574313006147	7.356963683843341	6.175907348700706	3.971991770075996	6.6808902046910585	2.542513521181218	8.616610741488998	7.159050401042857	0.8248384731354776	8.996142913563164	2.2660205527121398	4.579502994732462	8.16636844262103	5.16523562526412	2.6217984028888344	11.918411021640521	3.143324389087232	2.4651316515599806	3.586517046125948	5.827985992655246	4.589139963979292	3.895050676106469	8.867217594445748	3.9892374958830903	7.918026377109827	21.09552776937438	12.45574371730636	1.503303764812716	19.493814116025362	7.811782915639058	0.7067121350049981	13.027645582868848	8.635896917125818	8.96570133954904	6.853558845332116	8.448944532422574	7.348586050186288	2.8395805174174886	4.576624391265958	6.676909304219786	3.1211975494660567	1.8349381343245126	2.670214290648371	2.847129252685829	5.747582353717555	3.764377612685314	18.334035917252137	8.156141081887244	6.328841723777243	2.5248974688734833	5.759776940507416	2.601288693283095	2.939362992070102	2.3597377048852244	1.5214256789595935	4.357745846625631	11.631603325446697	5.762958742565974	6.238369583456741	7.064639150335678	2.5757302342371986	3.948569064511685	8.92911004527675	8.99158123171737	14.83893755072461	3.9357566240951782	0.0	2.3941024245188003	17.109854220514734	15.600862908027366	7.7203743493443575	4.685214516057221	6.994891631262494	0.0	12.617293137278747	4.871816916936749	8.371789849971714	16.64850667405953	1.2766942310018996	3.6108408394780462	2.944435334616471	8.14030626945619	5.28628618367505	12.344002208392766	7.468212812463708	11.430980617171466	12.697969372186376	7.971480327244713	6.922530000323712	6.109193766942807	7.920423434561044	1.5567059324155772	2.549202650923499	4.72819599124928	2.443844114436548	2.9662505024280232	2.274137500729196	6.121034783544846	6.3928696871155015	0.8505366672999114	4.214442399093399	11.64155846850276	2.8705007883278193	3.357018507808077	2.746279478632504	7.414963097095544	4.335498155740573	4.774396499327821	5.147441949814192	4.570612357175721	1.7926225047625493	12.664060195355114	19.74641408681856	4.029919226541961	3.6359977721740124	7.029503717352226	1.5407482761458293	4.4054301638028965	5.969581712006149	13.578634373333106	1.8289978747339815	6.745144063659563	12.767220748789143	0.6540958401151662	10.358487548064714	12.85847454666738	6.581671231133843	6.8388309617998955	0.6937063078425764	8.796970647579714	0.0	0.7076141633981554	4.571284082471004	9.82310212691802	7.046944720476146	3.91680520842042	2.317486803507757	4.8590781538155845	14.260971159787267	1.1430575275694457	2.1984628357969123	4.136230856999863	10.890699565055044	5.425904829623776	9.020884497690135	8.94419409694861	5.858424760790012	14.5735289423634	2.3853938970703	6.891942960595679	6.873153226719966	8.553122662866878	5.091170785405164	2.458217055902251	1.8089421346199916	4.569288659434518	16.047840047018255	4.831810258745645	9.601898988003999	6.103396962303493	8.66184409408476	3.0079041994664846	2.2759819970308213	5.262088962474464	23.16594902635122	2.943281788327809	5.501073314122729	4.995507259218429	14.518253936948778	22.114009801085437	1.3684126075656387	17.714895363908994	3.6322889371713027	6.671710350263637	0.9826087374171197	0.6843123869094638	1.976141387884398	4.329073715340831	7.640258125261429	5.050088402369639	3.9280356534171803	14.097668543629794	7.764021318589776	5.623569133277036	1.5189884839544656	9.206831797843876	6.7364395834714745	5.752058542071329	0.0	12.792580262039452	8.682020444631782	4.959755429513711	2.3992671743640903	11.323735853887811	24.00010242849924	3.225618829889163	5.117659471626723	2.6499809439455393	12.311691436187157	11.993426454449983	6.625674920686015	5.168584388767411	5.007251131627534	2.1751745406440404	0.7186707339443711	14.952904087845962	9.971301909152473	8.833024994956325	1.3945128821361723	10.722233481776836	11.45768591612419	2.957518717268426	2.6052172164260186	1.5908143855031693	4.808156979073467	10.999953595869009	15.660636945603738	5.281245910472779	3.2799909321368363	1.6643927431495213	4.684874457538175	5.195548808710357	4.717546364374912	5.288147849039111	4.760907707934921	9.882272393267495	7.616945604898192	3.5440155404428286	7.19855329144208	15.706389556174745	14.63417691079578	4.292563546566479	5.386673845458904	3.404544363575556	6.219139755773996	2.3939105860852217	4.523745533689648	1.3168358931708584	7.903095534537961	4.74184398746527	4.780353112086791	11.901235388524203	5.240953595804385	3.1869606168855587	2.2754353168652557	2.3756039519062186	3.2499128451701376	7.7534982665271865	2.441589655928003	11.616638644044283	8.185628058961589	5.001081115492985	4.03748050290731	3.8753429589514905	2.393892032729153	13.017592235044082	11.913319592084578	7.248467795966528	7.573892667447524	3.7807858910038474	1.199798872974253	5.499657867603151	4.585120533305729	4.647670821817704	9.858266409896302	2.5288444063494864	10.57575965800271	1.2112360953342591	6.63951959636957	1.7854505016767797	4.326974679621094	4.575164342804336	18.66275949109838	3.843697773518398	6.834908094551129	13.50126437473339	1.9845036976687676	15.84226452367386	5.951798445918575	12.71593381455356	3.3890944170224238	5.777824222550744	4.265736181252887	7.35864196544612	4.853636647945945	17.489468411230508	8.02076905927685	10.590190924402354	6.87276702909565	11.080272037934973	4.566308815736644	5.572205575967508	5.585346032616674	15.299737053476905	5.793130691334153	8.110941733568593	3.556482406847421	4.789447797591767	14.515133309527343	24.132604152205758	1.6361187732459492	2.3106663368742413	8.490474098924192	4.572538051828706	5.714522900255939	12.403761606921766	6.27040101897474	3.312585374577383	16.224348281404623	3.061147368032773	11.610256288100075	6.390337291672488	4.583794370472596	7.647758635942253	1.6935358856803624	2.6995164555004636	1.1997983893067807	5.667753722474385	2.630553483116052	6.3314136686156575	6.136370829175212	5.923194179341508	6.297137897890416	7.630571784752083	5.13393609248533	5.611864707660879	5.7443620614077435	7.776768408369128	2.0606419101970026	2.6958555396280666	3.206388407978019	4.154590000988549	15.325867257606703	8.235016151841311	9.73452934571759	12.620290503041153	5.33863555810964	2.7760075997674223	13.600579150592573	2.5581026120803783	4.679837455614846	1.9696446883349095	2.4184948796967505	17.624530932417134	3.4446744082054006	3.554436768844133	0.0	2.4531593252016255	3.2025060381441603	3.2415717345573656	5.222716632699285	3.0202547655140473	3.4396838639774074	1.7821371932665961	14.636651340853502	4.507514068973079	7.318823499169108	9.016125425734533	3.989434814422039	6.3849329649894075	14.544829914811855	6.694329515461734	2.5683219088979783	4.345763631289818	5.446420961989403	9.557548564079895	4.243257030898144	4.865698814296116	2.1526798776265625	4.538572943180081	6.752533896075644	3.7797020392789604	4.684977634484425	2.801748094546477	4.1741061938347555	15.248062642248062	5.2123763925960835	4.969627233751832	4.042166108777569	5.157583128103543	9.315442913515344	0.6326864117077302	3.6872341836388793	8.255253681318916	14.023091606694223	2.227034690918892	13.041786627703546	8.669826256468003	3.992587588415149	9.144199969356217	6.938690097515416	8.982439716565983	2.9622441289793495	3.6337912582523715	9.636815223544994	0.6742039104207754	2.7551636851325445	9.431850525522496	2.766983092083168	8.84833507379851	6.9572616983021085	4.799959939544926	3.9198682425170124	15.846036616189469	9.882328819791063	10.451407548403889	16.272763161156128	22.492802389972006	2.9975049777282847	22.786307015931293	4.989961684635642	5.1737736125745135	7.830151942282305	12.291947724238609	4.956624584802629	7.705599316795876	4.939968472286672	10.09544443268116	11.565080368694733	8.829922192096813	11.747659405557126	16.580668000011013	6.567043233261855	8.773593540670063	8.25427822382198	10.642793125282562	3.501996624975978	6.538663508970177	13.894162784668213	6.861153467103906	9.729781231240024	1.596225655793583	9.905386561072772	3.0240003399754243	14.540515428208497	5.448518940986307	12.801816719538401	9.241997194832484	3.2342517563443094	3.273143177143393	4.568706039322889	4.489738023160487	14.136403036559075	7.169662537480852	3.238606939194689	10.384170983365227	5.1797899697418694	2.6134679015582902	5.304717653546463	3.1029817403979894	12.140355985732107	4.986644783725381	15.386049799457643	6.243606942336986	12.257810576196992	1.5361746953087276	15.8804617523157	3.690369234155393	6.463997456500573	7.919760668664977	9.843189977869367	2.623172231927785	18.85819301374493	3.598499609533623	13.637173423122452	12.970644849255656	4.637867067812831	7.256115492050645	5.836296552255127	11.5147706481234	15.60294024053159	4.74041228418671	4.042821302761021	8.04846135308324	14.309922751647424	4.00932703636926	8.66329317725207	5.383470979804146	18.684973923177953	1.4386777518979157	16.963855348770924	2.2616024783149666	9.978832481744496	6.514834613026672	6.3387902392060855	8.508664244142224	5.9396583540739165	4.62413833751964	4.765757076100209	3.74324366939352	30.30944739175976	25.31431409060097	12.141584671669316	5.557755192226605	11.305642702988315	2.8809610634792824	8.926730831331497	1.2088215712192307	0.0	12.777038521252496	12.850092251964542	8.674872566350867	5.314697075737699	5.459166288242286	4.352295714500122	3.7300972537877604	8.094940556502902	7.323436874573761	1.9132333825579324	4.4745166265190335	11.896987297544207	2.0658631581627422	3.5993438048435666	6.2047886789720215	4.899636399228594	4.454143149147022	3.0088419940452806	1.2501857084606829	3.9839044112283886	0.0	6.094428403966142	6.835109327429009	0.7691200026809483	5.366551458258147	0.7091085591464863	14.89345044334448	3.0629255084058427	0.5979237452146353	4.800135395153225	1.9714878603931445	10.331854397633226	4.489286059952414	6.390596724046487	7.743846180873816	4.6958015000935704	2.624997360457426	2.1840484461034557	3.9933687926502146	5.819594372246423	11.718949406311673	2.2856467816383974	6.908374740667472	7.0824303847098	1.61501340178021	4.018961209975162	9.775360739069082	4.886211918706803	0.7397407465803459	18.833452611031905	19.704653640266393	2.7734610460666045	5.502795572168746	4.224198085213187	2.878401237335453	2.6348656535565773	5.581573787331329	7.172499309365848	1.8022453614920044	6.511451367961813	4.411995382165201	7.47268524913231	6.523594900676176	1.8645786710046275	3.4178294550291644	1.3315557955971096	6.397812992197612	1.5013287707419805	7.852860803905182	5.406201946782723	3.612917157741111	6.610555937331693	7.4204102351561385	5.644086061490242	5.951800268661912	7.630573662448316	10.752425453882502	2.989212778216087	3.9366767722310287	3.295050633455349	5.6591756591863795	8.570808953473778	22.21770566648765	4.141543773014674	3.031053483047943	3.318807683506015	8.587549778630388	4.5849452823956	2.396706412225561	10.910850470370814	4.257124645506017	3.9202371286627957	8.854370403437045	2.7299706174701184	4.9794287721940735	7.280469856660784	4.359790617468475	8.967834095615922	2.8520144153879734	4.0119688562817135	2.1157398072182545	3.540944009061714	1.265711020943905	10.11200825557358	14.57970082125057	5.074891995599758	4.5227295152577565	9.176342328760848	7.35109436952239	4.39936692491646	8.004979251537204	5.961279390305921	1.908370430448276	8.510744838703495	10.991024213450736	0.6978451072914407	5.347919265905488	6.1501565635378235	5.660418725285969	3.252826884338614	4.2927028420266	15.859984802385323	7.733741980840445	5.020759083009926	3.7094844516938195	3.4043559552420977	2.9484151611797005	10.901864308996657	2.940495342428198	3.7233742807970773	10.809640875329826	13.620806014343891	3.171393568853064	15.455651810420434	2.1335426856641893	6.457866246262402	14.5825126262169	4.52061998822414	10.94955295342223	3.016980571687071	0.0	1.214835240181802	2.849819792502637	4.884265074759262	5.885052795404132	6.532756463714864	5.666516242112537	2.910132280080824	3.924876720735492	6.1023853516557995	4.440907371641694	0.6987774725123113	4.7144892257163304	4.234728219105339	5.0226586347529665	1.1195126425518493	1.6184591866435019	5.473410123936656	19.824729147026712	5.464207421938256	7.153478997292665	4.308185731042195	1.9509092119896299	5.993858344028839	8.70127231534571	11.736353512970744	10.876896956819841	7.971701064680712	2.8733579217264187	3.312611151322557	9.483224169988786	5.153013533002773	3.434059636433431	5.884463244782491	4.569939141317676	9.74059091359221	4.17398393054423	1.246510746517334	7.668006159254402	4.8306436984987275	3.8817226705253773	3.7946159613463544	6.869258166578928	14.448229299419957	5.850950808244643	6.692230273989019	7.868854563261762	1.2558439973473492	5.300017512026804	3.5849546639464243	9.247804298126068	9.843182619308328	9.204008632188701	0.6650689117846309	3.751900426767282	0.0	2.952968020685503	5.301325071182466	9.337714649160954	3.695355423019202	7.795712380433858	7.798991830101474	12.825446865646478	21.61459646705128	4.970131364600064	23.17938282681265	1.7470710003292307	15.855572763553317	4.068528883753125	1.8760369496552065	1.9690152500373506	23.79398458147111	4.326265641571489	5.21745982913937	11.641961262642328	2.4806332430590006	2.2072245525602345	4.61872772423053	0.6282874834617028	10.765529698646743	4.387882686004527	5.977949236709452	5.720977727532878	4.223724289042064	4.227046516154241	3.0819449706581397	3.004788958724773	13.409672894668072	9.730591444791758	3.1083854057063256	9.694054619123147	4.965114741294874	4.655213657252678	7.365034832952417	4.81176911372849	0.6200839551873877	6.733366526329167	16.658967721151836	6.61625121789827	1.506265228051013	6.689810461519931	16.098995307002173	4.029606402591366	2.8916821128234003	16.172861849201883	7.950123309954873	12.584160314044714	14.505533105163307	1.5466334120184348	1.775136920627076	4.185012173390499	5.130657444406964	3.075527782341246	24.171336592026677	6.7767860585049755	4.387944158112802	9.715905703445584	5.213831367767882	1.5940364623140735	20.372194794635853	4.7724796745938205	16.934782937554083	10.85803382558685	3.26155824568183	19.57023582863475	12.820084345470404	7.604053302147595	4.802092289845308	8.57041672581634	3.0921664976439174	1.2625376339218612	6.856387923447473	9.084846446548227	11.667415424600405	6.212557983144692	4.070156760055173	10.778665665085539	16.30997146825828	4.074972723737409	8.700540112739262	9.659002110265833	3.9172836082110125	4.5761897565622025	5.264053804218955	3.9087913172987747	6.818620551432669	11.153961484325164	7.981805314042323	15.852486002651618	4.483290951534937	13.24061073307269	4.467002110291864	10.849785426029035	13.65030483322877	10.864746429171634	2.7363218638901317	1.248013378463948	1.60642431275022	0.6722360738397452	9.621667870815319	7.5356185453508395	2.5942807810224426	9.335670018723391	11.198854103475451	2.3606298337390204	1.2647297098592198	7.8421742563173655	3.1515392593280542	2.3458129595813726	5.609883496626012	4.127732481830884	5.405973597780299	2.181871755667736	8.322978669632203	14.658789057273006	4.675488191092229	3.820058198655148	16.722044519743005	6.724150119703342	11.688214532206874	7.618389028123715	12.92986430104596	6.750279429343538	0.5977185527640069	2.9538931077939505	4.9461299746002645	5.000598310379547	12.845963090288995	9.84756692201038	10.067883770572955	9.119616854272335	0.7275048431115455	2.6535527021443355	5.403591769803673	4.766038653332537	12.332681237580159	2.560750930504129	1.3124084406782368	6.5101540066823524	6.567356557505772	4.156305192651884	1.3545647110006978	2.1688368247344627	0.6752782316596073	5.579435153859803	0.7245014591505383	8.244471608621202	2.274336739053192	7.356839272662766	11.311789442940444	4.312661675048624	1.202396702450377	3.594577203368961	5.744181831674241	3.9764430843043437	3.447073031584272	1.431820498659403	4.251989451130006	5.224934170148942	5.641333558529985	1.7729497326449704	15.008581965316404	5.706087790374319	11.58843587063468	1.9953643025343586	1.449305458079993	7.845267760168999	4.795292449761406	5.303005337781781	5.2958486802478575	2.539515929696976	2.119847370033285	11.699154333103658	14.602634127618781	4.196798131087161	18.809577909736735	7.848687091233355	9.940186607731546	2.215958001137643	2.611017784793652	13.005917606152058	17.80235140993994	6.2079173705192385	4.688790650162644	17.71949129680426	0.9883414575088093	1.0703207295288775	0.7925629545925417	9.546971933222594	1.1633837003904839	11.713183664763966	6.870272272576821	4.9979835025868145	8.828859137216936	4.028905993006285	2.945049622765494	5.3948467736038594	6.076563276078049	4.0978860841555464	3.68281551631291	5.795901699745914	1.2348752440685267	13.95085238151576	10.227793661630557	8.009417598286182	1.3977999940203225	19.58623782858301	3.905093426331535	7.075318176271812	11.58327626116037	10.515791677888773	1.4629917287591143	3.917970882071832	3.435984392923267	8.003819771955241	4.709257021504255	6.746271627890309	5.600326742220296	7.093495136332122	13.003418704945803	7.067469134659109	16.659858814407233	9.779402834576482	6.748232570330592	15.913626608645606	8.371102478193807	18.306428267037592	11.11065331915695	6.881344147226418	5.581424480652524	6.480091951750301	9.855917809381232	12.444899556391068	8.716414512554277	13.669310185006484	3.0983603481645994	5.051830465435237	4.029726579902174	0.5994014898280611	17.75551192768988	5.8638604403051575	7.0342338077335445	2.4058424227430417	6.543166853104369	5.638557559922435	2.409883269916705	4.164272488980191	3.708460369795527	6.094673986140201	0.7581143798747368	3.493141880342721	3.624225083633319	3.365079462241172	0.7757228416186371	2.894153569308773	4.559029106462144	2.0085841934783377	7.786993872292499	6.763502733550119	3.9825707746422845	6.438548733721873	1.41515045332909	9.38994697482677	21.686252263216243	1.6157381088801346	0.7560909163802476	4.335485365124917	4.010503459780784	4.7964171586473485	3.8551146542120636	17.69468591025624	2.499491258746835	7.696908467584609	6.936907658955537	4.558231073417021	2.586239837790876	2.2901987954394554	13.544984924132212	5.203346092757578	4.288838792872655	8.71960745876716	1.2609896176750102	20.26732800699703	4.9702477084267	6.4697470698795865	1.411462015445425	12.5583345593336	2.108845799907116	8.64638609885374	8.209501263814563	10.851146454633477	5.58001980529424	6.8317013402078315	11.57320243940644	4.327957736939201	1.9648219876997208	5.6657898306765295	4.100656394568053	1.4469283285675287	7.769635663850063	5.80243662092155	6.384601703896514	6.276314601658882	2.9162722753949986	2.156342331755205	3.54483312791527	2.7665057023897823	9.510622521192873	1.9706455180613356	9.668332136934522	4.05440502480771	5.286654485208632	4.764404563966369	5.441094620051839	3.3100036300149354	9.435409319454436	20.693494213775956	0.0	3.5880109315487125	4.914187204587484	4.941086515262024	5.6890238046069435	6.026242815175442	2.7178190569023855	7.356076593845854	13.632988318621154	7.977882065402013	6.522626908454697	7.734996776521142	10.565612672346104	3.583530100979304	10.688067049781722	6.5527056830190205	4.40559200438406	4.90867835993554	7.656536505724054	6.55196569830395	1.8864544413453055	10.598656624394886	2.3831217223812833	6.386447601223194	0.7369566781766255	1.599327627589687	8.622758455992729	4.934973236401095	4.0384288131864885	0.6649708259738486	5.595530312273805	14.449387089468175	3.342901986912992	5.1556415500882045	9.777848418556376	3.341600045707654	8.313225307916246	6.197175961922088	2.811202903199171	5.69885498251554	14.900133804418969	8.930683485371173	5.677509846505203	4.533713836409995	9.654146767384814	0.7338609890524468	2.9075852560951616	12.319049105665112	9.669744824152726	2.2599847170980616	14.612605879867283	13.487862233857108	12.682123894278282	6.030707755364285	5.284885129269525	6.838254720636171	5.674956399398643	16.036351894424325	5.7144468275472455	9.26000614243649	7.638917666260982	10.869226705710314	5.316352521173765	6.611748368123057	6.866742648317711	8.340050150177328	2.9860186980347185	4.903447585509713	8.682811118899213	9.81516910169959	10.840550435681706	3.1953981430939096	10.35036576283005	2.3492256555329454	12.08504064483621	3.7904561714519778	7.61442572597122	1.8362444162526443	14.851906123396464	9.941589779868838	5.566361701166423	4.72453627763027	15.372823361085276	6.333823579316582	14.786025272667768	12.085580492169225	7.656984141772287	13.795822999645242	4.372991239639879	5.628857125665805	5.6907505924399855	2.3747223401986064	8.903818891327548	13.075438285420988	1.1810480850400196	6.789098640397401	5.238678463161453	5.556034825003871	3.0174832133801046	5.3209382705168595	6.403310118432416	3.1137799721503137	14.703853021145672	3.6341834860796487	17.81967403128933	15.862924605147652	5.990283268130471	10.678710416956434	6.125430940290066	4.277271474612529	2.869026829853029	17.12773263552501	3.07236639979086	0.0	12.622161501531	0.7877266303168653	6.72275833556265	3.773776757621889	4.862443132166396	16.701585428420564	5.7419202437087495	5.017312079334668	3.4038191361363825	14.731220666321029	5.49377908045236	5.164985971836173	0.7457383515400866	8.510262794516624	5.792555880506729	10.69433380158259	2.2538951056773677	2.729358418706901	6.3573342510803315	2.491775908129045	3.006151449734961	3.380266557685277	5.697336447131538	6.812746438816555	2.6759069380043647	6.28957432608187	7.534678878708992	0.0	11.846245400969812	0.6736239465319942	26.91510239858948	3.7521263411387773	3.3823696217043886	6.335971962327038	2.6923528142658895	5.238816905194121	1.2213158461511147	2.1325691836762015	5.474478940194084	14.09698040414299	1.4313874545564134	1.4070268152965488	14.611362712888779	11.561937021206623	3.750314935259977	16.757746680728047	13.728890437264212	0.5913491270673489	8.232049877265458	17.210218916458775	3.9746874560233567	9.765188004774732	2.698857172168112	11.992927664480764	6.100770279934522	3.1254295888615062	7.565628544344529	8.556335626698484	7.445371116433033	2.383868170879314	1.9307728347245634	3.84423086431485	1.9515156894484322	1.7658585215303755	5.656923912608458	9.963112371782476	10.884712496181885	3.793959522109666	5.719333557776735	9.727561397966397	3.867735781115146	0.0	1.6177357765675988	5.879258966186058	6.745986764287005	7.682686793885621	2.5244621025201766	1.9972887661481817	3.60870404529974	12.631990303909165	10.095708279851898	2.7230902183165373	16.549531829900527	4.871486247045529	0.7698697858766081	6.533574267794522	9.670352976066152	6.575802167790663	12.347914833689762	0.68951192799605	6.271142335617928	5.773743116701241	2.519760993324653	8.871664080029163	5.489357229810933	6.875835887997783	9.148643036689167	4.844940321094612	2.697266449914946	4.8705120280927	5.8198041010116714	1.4167456403126568	1.3047147653905196	4.847107898060106	10.87348513872964	6.662443867901535	2.513080993754268	6.232320233229988	7.3218035763619	4.001620826721281	4.596751504853042	5.19368416219144	5.336885489680087	10.761135254765303	6.903704790013766	7.705473893959153	7.855148237167742	14.518375682499379	5.679336131740296	13.114791487198538	0.6910145696894068	7.271883436679766	6.981815585914247	10.823343013999157	4.689355188719501	8.567400788664658	9.898711091704932	3.430976018504225	7.982461649337092	7.351761944148408	4.846313610983656	1.9641747829503526	2.087218400749836	2.292334082090585	2.5156909372496727	10.204313311539872	6.945425077012737	3.2840410809880565	4.704167160984563	18.57392213754007	3.3985217042776896	10.771018121256478	7.635618858585333	4.150853211267585	2.424960231781895	9.765713901337625	11.88744473146147	4.776888255228532	13.36061309842841	4.067172445036578	0.0	5.95266270984749	3.922019186317664	2.946777307841583	3.008972267398405	6.888543075943044	2.1929158026875104	5.87964126724998	9.451265122284074	10.07937186054635	5.701873215564069	0.7059872348709342	5.90410589433568	7.921788103772044	6.469938588640535	4.330978434695919	10.56472987800616	5.890846306082673	6.0345763876852985	6.766738669407616	3.5735431859925595	6.008417000745478	2.0242970468845267	11.506240244889039	1.8497579146950769	9.544418638401048	5.156423397011852	14.13783019610482	6.019616721584128	24.10464570610222	0.5842131576482131	13.673343850727653	9.262742583352097	4.201668925206245	8.433790899850788	11.2236890582637	2.050415660967977	4.8746269986515784	15.860595232070828	9.879307403728378	6.0027121855761	7.505930941637301	15.58353325962539	4.524890801714289	7.634541447878171	14.432320809344683	4.962058314800003	5.949010511603174	7.930093246247065	8.245739076282792	2.3488646640528112	7.260184139043193	4.548022478157945	5.710791289010094	10.525495817475356	6.549517425426998	3.3106665109680056	12.044729514344086	12.705178779668874	3.0201817818394856	10.606421367728052	5.88747662521449	6.934167868225448	0.0	5.876307780026496	2.896130214346842	7.645248038163393	12.489390257910632	5.825436628006606	2.8499784478340815	3.8629919650966675	3.884213302175217	5.310655119042546	4.555934712638299	12.162472780751632	4.266764640069611	6.752967122005967	4.837463072342151	1.8516346959023413	3.5995575027430426	0.6671134818329211	2.735116241004508	8.775012725015218	9.315865863945755	6.561860049042751	8.193960095787164	5.557086846045243	4.741320937795963	6.2917969936322935	3.5824169733871236	11.605229598423222	11.520668253981537	2.1721807613533475	6.9336190587566335	4.901769143074066	6.60999690057398	8.936063622188463	2.0547914672821994	1.7201335537000446	4.495416259377697	1.8112528412430777	5.944137999860998	2.1079429659945412	7.003191577422608	6.535640080314506	3.110776027351076	1.9441125731941296	4.572510806844759	15.763621646527282	5.199962630573706	1.3704036028110247	1.4695733755574014	9.805339883468017	4.752703069659127	3.4297069909832585	5.629331531724579	3.439117454372615	0.9917559170575337	15.822044036113867	7.096247202449863	8.55560842698709	2.25187019822241	6.2327091788664335	2.275328379483383	6.044182996964616	3.23873166502313	12.013736586273236	6.951674370055338	3.445808649467982	7.622715700786016	9.979225109142595	3.3897949959525566	11.041473189987542	3.7930260440823185	6.922061091101845	11.991971307301807	7.619803158941485	5.495354893179283	9.896820504921182	11.084264514520168	4.865994480564575	1.6738240135420288	10.249353293937922	8.745238508505293	3.767132663152305	7.566539975944475	3.358784834168991	2.663229076766972	7.2461103145798536	10.286933322486185	6.203844202862738	17.425668754595524	0.6836453359538461	11.691186789546547	4.253039145074434	12.875910133268425	8.534281728836953	3.0260683049473744	8.596824466243284	3.059658145441022	8.144789306512557	3.4889671708444467	4.6563350948049615	1.977181217033992	16.28956412840241	7.801057853172998	1.4770385302314433	8.071414371482748	10.217264927391064	6.601355930379576	12.474017747519296	5.548277797356426	3.370438847856534	5.699659945521681	4.548047436493692	2.660745950369269	10.573233175965346	2.7962448438038288	4.651706278418715	5.01273531486503	17.464311689436062	3.0672958331767477	1.804602752338118	6.066034441057167	0.7036670788175144	13.8597552294222	15.592101885244688	0.996196072659429	1.384447193343907	4.342504456513478	5.1037415942523285	9.873674931712388	3.982375491689334	9.19535158696833	6.502288205373101	11.834008166106397	2.356150090102923	5.833280844658123	12.663259341008237	8.4564337045648	9.740790846897085	1.9034701325608636	1.8757483989086268	5.817915946095256	21.664451260765798	14.924932847951997	8.211750172912962	5.5913528394003995	1.507399211152537	13.56373310050489	16.437946729353538	3.9389869391681605	2.468719359665745	3.8927281141327295	9.697977233651935	6.961479430069889	5.850643064618972	20.422392876636124	9.405034618869767	2.884874916584984	7.680649033460175	1.8309809261058922	14.129605660915075	10.125104795349888	6.979491726432919	12.098426418787293	9.485415015337233	5.703181117295718	3.9371283149550353	7.309740358143317	8.390017494543182	22.344152373769486	1.981857504492351	9.627705581315116	3.7165904304845316	10.490872465956459	13.935005491555728	6.958514099555402	4.17843438471196	7.399613520455125	7.413970403439431	5.730159325192348	12.976681210270286	14.671457105496318	8.87305786585379	5.99774702228183	4.953218758854868	3.339993678846137	2.854562845490131	5.708134935871473	5.446663508362009	2.759495487140696	17.830484020669076	3.326552189670263	0.6805359573645445	1.196682793281588	5.031973875240431	7.269613945526257	1.2438328074073275	1.8172683317086176	4.529699588440949	1.268008462086592	8.848351195499221	2.0898485137125005	6.829854507973678	13.797789151517831	14.332651338667485	10.676838746399211	4.929348307718008	0.6808693982963102	6.762878382239885	14.20761229185463	1.2609095605670824	2.271245765365079	14.669441807101993	8.081744772764495	7.008116614357509	10.812927553108384	1.6780157640518867	6.516416914056995	9.267431458713768	9.276080410446637	4.604178144466651	2.1120881817311203	10.54598293498518	8.232669606134882	4.762134075903365	3.6425276201372485	5.258745796723594	5.6605875098988925	0.7259784686868017	8.85344201969648	2.836820026111804	6.9056713450149205	5.641075983707705	4.245472412884684	8.20234767433231	7.886032566395364	4.37031319099047	6.801401751221832	7.0880756661493125	2.930480190565528	10.980914880669216	8.236445293305133	6.791435485512222	1.1042339869499511	9.225391088702194	2.714545996732258	7.460633384103051	1.421829798395486	1.474979305362068	9.981488998480401	6.1277402089696835	9.143450843515716	8.730983234394854	14.031117083621137	5.993635765850843	6.101708039349991	14.73744704701205	2.7911988147848357	7.029169477775962	13.195053422806208	10.306871697477956	1.7434918102311077	13.969431662076776	8.116629865495804	2.7673437000542354	11.235555018538674	8.671580234183496	3.642892470608831	7.876202276589511	5.904896733173247	1.493381511382275	3.89807477811245	2.846771758660335	7.964719508915805	13.690066973270188	17.690658789081063	7.013477407278477	8.659331569225964	3.710298764440368	6.548790597030588	10.888832467577046	5.248433673981181	3.4899107151443127	1.897468755834658	3.936509817755605	6.536722051301659	6.92035192883562	10.287087297906481	2.288685267018996	2.7966042371839706	4.921664600175114	14.636047565499817	4.594071011987264	10.696346729576668	22.175137997280245	4.9009565597136895	3.5263033486755075	0.5715446216845557	5.647365883637686	4.975277998615204	9.616036567781908	2.707348653093159	6.711440333266721	6.359270425804542	4.368414830827622	10.307790333655166	2.9098971957910695	2.7178926954351295	2.9523799928301986	6.706656492501657	5.837035151091007	6.677680043341469	3.3781152829121766	0.7551670295032599	3.1819588543335002	0.0	2.491416047859745	3.3962901430467722	10.103639170087819	6.036650966223311	3.607275917017538	8.647614136580147	6.532264633586797	2.950422831247015	9.182553303257627	0.9663797764894516	5.944699017230799	6.513114729164788	8.887499086921837	1.7792941200875914	8.68868919939323	3.5734722462668467	7.598939427040212	15.63821888768682	4.967110992260355	9.600035784112082	4.690383388655796	4.19430468474028	6.463348078513102	8.802090753250784	5.541858100421105	2.822783483505194	7.368266582641012	1.246002928676647	7.6831654247718815	4.959722020617344	12.55914222337719	3.916485704157553	12.91147114696455	7.936033654427849	4.930455562206403	2.9525987193646683	7.97962737071595	3.2672104524258967	3.992785662811917	2.644475373959479	5.792706386734339	5.610228854000537	3.1284165818858263	5.603789251837577	1.1305500932503902	6.613991670158624	5.672755177854247	5.398835435158958	6.136085405421185	1.7081684356288187	8.864099958449454	5.92689311053142	5.26659719897222	8.206717680692648	2.4084883912530417	8.385630919885982	5.229360440112585	9.343238807797423	12.72632805556554	6.137478780755453	17.222347415456785	3.968053313483939	4.643033910797385	12.321898692030745	5.437705722868132	8.92651769737797	11.295936505876034	4.851919683238845	4.010914774620309	5.304918723205049	5.495554451792908	5.375541428565564	4.342392122673721	1.9682351785656749	6.835918208665872	9.464728259843877	11.073374468433505	1.4466688190033261	4.740412279921548	9.551051063216976	5.702835066504725	3.545532517593155	4.912603302298302	9.42609185544192	5.8123207343354215	4.387650073775356	9.639843827541467	1.4149602733804658	5.601067372620765	1.6273163781491966	3.9490710240607854	6.814367657337488	5.216808870183461	3.7243187477106967	4.58939386161735	6.506077424076209	1.633487151497401	2.659832627947669	5.081197828303372	14.069390673284675	9.851803742099138	5.627259746699542	1.2657368779845215	8.258165514910683	12.671430183150472	12.297184111715325	3.1393086723340065	14.861747637854968	0.7123275319356881	5.263297310471327	8.418730178669112	6.218600571022631	2.7072939200150348	19.6751101567849	4.668592820519598	3.9274941932003005	7.8724805144578225	13.10231318753581	1.8461500560594148	11.588216823660463	4.351126573156671	22.75722678162809	2.1996316348141884	4.432152198347247	5.374850167309616	12.396687415556368	5.787101615498986	11.84608584452728	3.2310378531830195	9.862823577276624	3.93206040445691	5.25229817542419	2.2056998599676803	6.638358768477922	3.8407956441990527	22.454823715873143	6.174775958721849	10.739592592409247	6.088334793980512	3.909957186432255	17.6654566885965	5.148779667568278	7.600568000475001	1.304866175772343	19.934039957709096	11.302527867356801	10.935456971211712	16.307296279317328	2.61399666313986	0.7489425978757953	5.967591584525915	5.101169655180234	4.029699611330223	10.022983729360032	10.2484501030824	1.9594236304886308	7.72582745602412	9.640072355296395	17.135422498752135	8.712797210485423	1.5229865852314868	3.1995356447164065	6.500318065573344	2.1995867699585263	10.941347885378798	4.6980413571066215	3.161327370879235	12.929535504837787	5.943435262096517	3.9068790149814583	4.469498399959385	2.853508641947027	3.0799666131166434	5.592078560297852	5.0548279304218795	4.443487865068977	11.02758531695378	0.7621978733587198	2.537614191606723	5.730606609317216	2.9305627440235686	8.602610778293158	2.6018302478434805	8.951997587145001	3.9571854636598216	11.749212293139232	2.824234361695483	10.134809402068129	3.903132293396151	1.7013446067589992	3.9393370289588154	14.148031644138406	5.118897021834551	11.615484647925273	1.8213157790633476	8.194204433246075	5.406520946351522	9.169862241620828	10.61121182436541	9.541350819281622	9.316418777565433	1.3114412688610904	0.6571024722621677	3.3965044694235798	8.442372088101516	5.9181931660507425	3.971593590302318	4.9854146573369515	6.374918637621224	11.526870794753806	4.787612894221408	6.864805526474534	1.2479642766872696	0.0	0.7038113677714869	2.476180098002837	12.025793954750199	2.784826879965835	12.78442421250034	17.91808202707077	9.64241298210302	1.961463934824479	0.632842785684195	1.9047298474757492	9.933623664621532	4.77044853342921	1.4284638872573545	1.3351771686266578	1.8138798527456548	3.9162490409224424	6.048310093248087	0.6589946201852377	7.6060535594423095	5.947190340185212	7.709471166026334	14.257596682517486	3.5388244043467654	6.897170055800996	7.819026414402429	5.891321628272965	1.7654290653708133	1.9561344424220894	9.82735614341238	9.698456634241131	3.9559624069879766	10.703285848225597	0.6584797704162639	8.718327315640959	3.7466628030766005	8.936508948257485	3.9113091095073163	7.186062534948782	3.3809053757854706	3.815502004139848	5.554149843847429	17.466282057972425	3.5831670904632804	9.927514057872552	9.753597541369025	13.480676121503315	4.725145316616726	5.811084243819931	7.201429775179417	2.1625670743530536	4.017143558465563	10.714059060542132	5.509902173683104	4.610961224428605	4.116614254330354	8.95934915982467	5.011358483225324	7.950749869213279	23.88567928207061	3.9915863453835776	0.0	8.681018856301314	13.012703477582546	3.4136067860224233	7.200962299496389	8.207079101437037	3.245970867432183	11.33185791812272	5.032237279238193	13.029692678445375	2.539493052578213	0.7856085329492898	6.434109241564247	3.0234180447564123	16.196148321683783	3.2785989639943924	6.077473492938264	5.834551391310719	2.9420246485143253	11.38058272252848	3.132537887311657	8.389754515691594	5.985311917371007	7.616738167560724	1.4115788776304972	5.57005122012647	9.468050314855542	1.438123040852756	16.447095260452002	4.942308971800917	8.547770608181812	2.1202893045939835	18.835666983444632	9.664329965521535	2.1433281648940707	6.696007623468168	1.7974742899722913	6.612449483966314	0.6624779231998746	7.705163641381044	10.171305611366371	2.810149446773197	2.1470658607338966	3.702199000420873	5.361430170320088	12.819277502897643	1.3861044567935723	6.04435900214039	7.224674787674646	5.947004687652952	4.963294538847139	4.632013589673648	5.162211235087019	0.6536176490348913	4.325331153843431	1.9085532419586142	6.539393111955242	5.1404216517652515	5.247693890636669	6.203685620127599	6.219988148508375	5.450636378897024	12.433804667669316	4.285829346162909	4.639857177516768	6.552013302890815	5.018202605599343	6.955576864407466	2.786719785826179	12.493775625999714	10.401133337922271	9.836884781754852	27.077213000146305	16.721118195536338	3.8466155823098993	3.627918228025857	1.2848098750739234	6.366966991114614	5.656648672713886	3.243632444366076	3.9891896301783225	2.9989992368263816	7.431393972008271	6.8010185539775305	8.627263054496236	1.2659428215384214	15.640285270926103	10.592221214129419	4.297563863625366	1.3227652113366482	5.835507256706525	4.471882721008363	5.922740546274275	2.775770735326388	5.817809940759224	7.662681239682967	5.581681530560033	3.3526193167065372	1.1301395482387075	9.777642574784164	12.06765515562351	7.485340816190354	4.415268697224265	11.95329405652205	2.1506509032908636	5.791715788075766	10.705896621207742	6.714774730854549	7.670577340553892	3.911733151946183	10.204605669821948	3.992818458765684	2.6551195127148213	4.350287222063957	4.227604298953855	8.516648476345885	19.001352282086636	6.3127474343419765	5.38374891151429	1.9893519920671032	1.363551047099063	14.883399911112457	9.649824632882105	6.674985883523372	10.762805096746796	14.410807165314502	5.3354094730202455	4.728431737007309	6.058071102315497	2.9031014721581485	4.378902560546431	8.061632534255267	9.437479295392283	7.852334137017524	6.813998376543647	6.169819273560536	4.957931077986507	11.787876579528119	10.335193275292674	8.539519034416688	3.4980042015574186	4.211958720811089	10.050671904194937	5.581722603220677	8.047164457246419	15.160454921773884	2.764189087266279	8.96004231345914	7.675560202764466	3.946524161735629	17.43729345487382	4.733598654896015	0.0	6.440779313305584	4.420811227567979	19.224395726754054	9.435227115722453	0.7216067956868116	0.809431039575961	4.155097090083118	3.6500928882487567	7.267871143676821	5.347242774268311	6.5448516697080725	3.328585608606535	7.074828820733597	7.148620193471067	6.040876163641496	2.8396183491095885	6.091073813939628	8.335377244005972	11.121057927291181	3.5832376890516118	0.0	7.028485098635339	10.937055698653271	6.96071563417366	4.73631644097491	5.7109316693335765	12.559966255556818	9.344789969209824	11.715266056556118	0.6661470626540663	9.630801535854204	6.531222220982281	7.7338832608013135	4.372136665368036	5.631729920165782	13.035665702971302	11.794710266715114	4.878666296831319	16.680856703162842	2.1011456411218914	3.432397507492513	5.839063193997872	20.055758142860615	8.328793070163723	16.34645425073202	7.937212836080466	1.670174275464043	4.419032510875824	25.067569263038546	2.088964318735747	2.977479372152433	14.255923936870843	16.914853375979998	1.7433381889366102	9.80969004137058	7.862377011923474	3.9332798676064047	5.947129885111941	5.076012522763874	3.2388730181098664	0.6329211096262528	4.487504209683384	6.453889822668037	3.2173574132502303	7.241536928970198	4.6642587487835545	4.529839852850952	0.6567656978942277	6.891982136092341	2.082440782888188	4.208974872447103	19.372385231854302	6.623786458907419	16.62127658596951	4.527071858130098	7.630513786513034	3.3867382597440154	5.414118954896194	4.581448030646396	3.8380294440563008	16.80119120324489	6.8258879422581415	7.69102315664486	13.936985303832218	3.1329604549455334	6.060869507368737	4.738644967616769	3.087990500225986	12.452604882499214	5.0359354314114455	1.3506797965747033	4.565460328290754	13.983851048945523	4.4211511612438	7.29573001898643	5.752070945265796	13.123339229873983	5.22191426801758	5.006672835956467	5.547569514426254	4.989203227528637	8.425773077767065	4.716661066618509	6.449572696686624	12.113891197222113	13.062978270948951	3.071825414639197	4.743615407092715	1.388710971277539	7.077413701632877	3.334480977562188	2.9540494942470334	7.082664923286028	10.84534172432704	10.21804159236152	5.428022685448176	6.200108067967642	5.814994963038806	2.205301397115881	5.1559381643668845	9.165367356828673	4.712849094603939	1.2061103846375578	27.473537713127413	6.571667289864734	5.49047774823152	7.17224104382689	8.896439604288055	14.711945670781892	9.128423896042904	2.626245647435272	1.3648245965823114	11.046520196973095	0.6758362643095992	9.530809556451752	1.1509731249493256	1.2571122188226806	5.986039482308143	11.066657528321638	6.222098433242796	5.955844491347342	8.673856684767562	10.666285541591828	5.608904517425943	2.7770307924619457	19.82583844839016	22.561994249609192	3.1406782322405595	5.072502666265853	13.598966576316563	5.624743793283877	0.6637410953756415	0.0	1.1940512844696656	3.9395910682875668	9.78697215278265	4.030388968001122	12.574110221934742	9.733793492237629	4.965585518216749	8.709246084904684	8.396853001107456	4.88170627848936	9.7532496488049	8.920398330108336	5.8690045603159255	4.23058615331965	15.456731575514253	4.977229361631387	10.902028910275813	5.197992424406045	4.561061280310948	1.9549052856007805	6.58991949915214	4.115375265310105	16.521698675800902	4.072070816655641	3.724359236190981	15.267569615036935	1.6332987844133546	12.566458461182435	6.853900576555337	5.538816536157022	2.067748996872187	1.485610041265717	2.3452380438425453	15.886253406632303	7.679910591181205	6.263495964360096	4.833201694598248	5.828147621646383	5.893970977736294	8.038018658480727	5.142904816698266	5.658716895665412	14.710224873891885	3.9774767632925547	7.236574027635748	6.733206174220087	5.407847744612835	8.111211771793055	1.4506526032598808	2.002135559763016	2.718104680691647	1.6770410988489841	9.96362515215296	16.741228281863506	2.608988498129789	4.8509355595281	6.239384948716421	3.1736101076838366	18.570558702344712	20.993172680410332	17.06032108332415	6.216149400334679	2.575086616798714	5.470255670892836	2.882040625329835	11.052562560481237	8.917531519589343	10.515272368219934	3.0988067361064044	6.7112382192850815	3.5544556797866047	15.787134936365891	7.605533977898718	4.103658399906546	6.097556924214529	8.93002173057503	11.351998514102368	8.487589806490776	17.745546485079362	5.958291102593139	5.322459677085859	3.3505019685505686	10.150537205528927	2.75893108766693	5.919251640869133	3.3666295965286728	11.586491052811287	4.480422905181153	2.9853177920153287	2.3029419005128977	2.9957225082096337	1.8494212538822241	4.985588327597648	8.770821126707979	1.318103147225462	4.980379231243039	8.722981130929332	15.389631101117365	6.816859373304573
G7	31.529760790958388	29.21038600362816	32.64606610452467	30.161496991225484	37.59633959296323	38.929584536327944	36.14619130552224	38.036439410412534	37.26027779796187	41.54315621094031	26.697634031650004	22.97638686068515	32.559262498514684	35.63344394094982	26.824540175613482	27.02471230377395	38.83542627592674	28.21910198388199	31.68903698079534	27.536066153096648	46.15111459587275	29.116886603583662	40.336180548869926	26.63795374562498	28.630456568657262	34.86681433599766	29.354503324370732	29.89667857924726	35.25961147847766	46.886859123767955	26.6767623154798	32.86429660117018	26.74722642346043	19.35586445547963	35.373617093449894	42.52459187552033	26.141412447433037	31.489232131751688	30.907209256322982	29.666919742507122	32.23636994255055	34.26739603327285	32.74581692623347	32.4985878900941	34.44602636314649	33.22360306350608	32.4564625454766	32.18318326532225	30.972025601289616	31.278809857471835	39.526461873714624	42.36125239677848	35.340159707399266	28.26654901976177	25.98323035235649	25.410111654054372	32.89931350340531	39.652657949349745	25.774577149341564	31.027001649076208	35.24288188677338	23.52789316930372	46.171999137769525	38.83124500407647	26.77718379080626	31.235374127561073	25.73354844846302	42.7485891530422	34.22699047977434	37.06985304733689	25.389006950565605	24.142967901393526	32.65054484748031	22.419344808659275	29.31415133844536	26.73454684681896	31.074718496641495	34.404828639199785	29.104243685059075	31.497225844057734	26.71504837279596	30.36930226361433	37.26674148330557	39.08825362616806	30.881817667801684	27.187673370647268	35.91585513316529	26.953176657541594	30.644424194149064	28.84113124696998	36.015633332389136	33.89153025044766	35.68142354825208	25.114077455505246	25.045652826125483	26.0368055645657	33.48144575554687	47.10974791773807	35.562053778305255	35.990565286516336	35.941384107815814	29.3783705944874	31.43723429944427	36.88194499198771	25.58743428980794	30.096942865609112	35.34634866949929	22.289536717468227	30.915880844301785	27.828190820271864	27.079490287351955	34.70194330365746	27.633114833415675	28.419960514549913	29.818826777853545	37.94129122663005	42.35541484970324	29.402771014842227	47.3785177142558	36.02802713063926	28.332786900646926	31.479491185100418	16.81575898695927	24.635225284913954	26.4624266847941	31.913355008278778	41.77932378468196	30.175124215977128	28.760806239925174	31.138978371456165	33.28368741024606	35.11077243060013	32.82955140487966	42.43118201976114	27.666119217137265	41.873553192786304	27.097295460122027	31.620052510446698	25.94772966049957	49.32881588881093	28.465366770827885	26.474811147284154	30.900397929681915	27.78412923456323	25.327720493682317	30.704820617647236	37.313162883152465	34.02446508304415	22.0991510225633	24.93737267716557	32.1498574625971	24.642913603956774	39.194170231436345	32.447688541253534	35.908400602471275	45.36255553009291	33.778149644719306	39.36172275867401	36.932535424524495	31.527208401684838	31.06792364756856	31.132346508836548	31.790631922549682	43.08920876073231	50.153037562083945	33.1499642275857	23.654492146361694	28.53600541439096	26.549511226115776	52.10244465390866	26.450013625892485	28.628917399898747	32.04119299639058	33.6615587617507	30.232426687141132	34.6921920265346	48.67868838577309	36.05658773392727	28.696545167322284	40.42840670069377	21.07985211161422	42.10484895370143	26.66806502820209	36.77228225166755	27.55656340340414	33.12800300387874	23.669199560029142	32.083668524275076	34.7405630742521	41.82044269778731	32.97814519018928	40.8001549414764	21.020241773907088	37.936637499364046	28.83368207565544	38.690238654660675	18.806823565859453	31.13609303203356	21.834305673043563	25.32233982265588	33.63499294037192	35.6213786646014	23.76329385390739	31.67508748864177	27.74376852859736	24.508867560328568	36.22701895213164	30.74897200579291	29.138340640477143	42.746778156749734	44.217766620195924	35.467882299705245	32.212472360684835	28.307638331706958	31.545224598054503	44.37585178550259	37.17008834827408	27.569282765458354	30.364202035788267	29.809984477871776	27.64744284052491	32.43429763528136	33.1114958075836	27.803787220849287	26.286295177828023	32.69596552743474	34.35592165690496	30.48396241327027	29.606660998436777	32.77478879871669	24.119141721577165	44.15013596814244	32.51726863342354	27.991970979943794	40.457346871646784	29.557680843872713	29.509843119842692	23.22038975549552	23.75416020327547	26.0628204692889	28.763123415056068	27.748816093807385	28.872718834180304	31.237740237336954	32.879264035062306	44.27135697889849	37.14393126628204	28.291146238202124	39.52059651310376	38.55332599832517	29.7381558118946	36.96801411916879	30.400423472735017	31.444056940841072	34.54271179018339	33.60450407033051	30.172929881868818	33.79136826699374	20.590120262030446	31.36440639668695	24.870956345804494	44.79009266713083	24.480760055947147	31.530366995326123	35.06156476376258	29.963847895803333	29.75073028328242	39.676415274119144	25.34199930569003	24.973584092279566	43.78631637663516	35.464413511409305	36.525150943152575	33.43986676368134	28.274277348839608	35.48322356848403	39.18816608785097	27.44965734008527	37.768495642561334	33.827061272972074	28.409689610575008	29.189322413046206	21.943352308417737	56.46244848643867	31.15781876484492	31.565096093974336	22.583490246109292	29.73942669618189	31.117715296930093	32.089487504398036	23.714848049909246	45.52969257612202	31.596511763189397	44.40575308769017	26.45612528530197	30.606837141414395	30.194235078685193	27.905657095855812	34.74592565553229	27.348163388357587	35.63019439933344	25.45804797030428	25.523348119453814	39.26040919797464	44.03184178076664	31.509936167211148	30.930177752685033	35.633357311862696	42.70485250320779	41.66830924578342	28.894709359815227	39.030205071876786	22.11890969720194	32.00753877612683	35.450325817803034	31.23797181144551	41.275363559398755	31.65451537465102	36.19952572466348	27.167210926947693	43.94525152697534	23.905789901931424	34.56805793177458	29.223740984205058	30.525130997152296	25.378677669883352	36.59205445313339	30.895123514405714	27.908747927182787	34.934286254458506	30.315327503414455	23.454281277123044	32.33195173752102	25.36781244163916	40.520989640394504	36.38107904773342	46.39076807619998	39.71040813120714	37.650105454953405	27.111603082596776	36.70266695281653	37.46851645773508	39.185272314415215	28.476736229234238	32.359138685960374	40.546989812188	30.077277658598987	37.35415048970227	26.073286812023355	29.450081902485767	33.92786111610896	40.4442642960049	27.040534970465366	30.904000621199526	39.073738582349065	37.51011035173434	27.077983757688884	24.970446165347692	41.8947237767199	33.581443502796155	39.35358091871392	44.87432491789758	31.002106573619827	35.141030227693314	33.294335240803534	41.988364387633766	52.459878725912006	23.96671392015213	26.00555673857222	26.865072504114984	35.27695254944245	31.267690219200638	22.478772689146748	27.19142672304129	37.15586544315247	37.7917404576711	26.979256116490678	33.646148331493166	38.29715413059855	24.62302036601068	31.455559350283657	24.10017161578294	47.67433305111598	35.099025526868026	43.874609902352184	27.271626412583394	39.64151063086413	43.96826125399164	34.150384320785214	31.073074112417977	26.709977075219992	21.50184278584066	33.20219022288354	30.5596953021185	30.107548324915943	26.101660203356545	30.541212364301984	30.51016225417462	30.41156732290235	30.838986342953845	39.59224671050293	30.69272288156844	27.94758681678306	30.91164521444412	20.415921106552574	30.417498682110924	32.77248003611043	26.816424798691173	37.091227791229336	28.96529690582977	42.32090114428619	37.881908952259096	36.057528288408726	43.62456757239245	45.1421986626329	34.76335532126693	26.01637238193229	33.56106690582288	30.00701895532896	33.824334708286116	34.114174703044384	33.200077391465996	38.869167425274895	28.059544332332905	33.464100553862544	33.87042728274082	41.8067089565259	36.43607329607235	38.37594937319506	31.235385691592374	32.036370738861706	32.27172830372896	39.01496936832571	28.135718059642528	26.702142906483708	24.48531157309813	34.48549412230533	34.63227403670489	30.87837628168781	35.590433811871605	41.928576420024235	31.561218360918545	35.998605878171354	31.865786492717916	29.981502519115043	28.906786884844003	27.385662221272682	30.50422092637942	25.791816069468762	36.73886198385809	32.75144031314789	32.06259306690808	44.64599072677811	42.64454589672619	16.866096752189417	29.090409867320904	53.10777649733018	32.79797186745982	42.409607408462605	37.50760465079453	30.193860389143648	29.18871124727701	23.161123048033073	29.44991981521682	34.97445815631247	34.24462802059666	33.969635369596624	25.98302355699599	26.789727519909487	24.72050990996718	35.109091352552234	36.10840839478046	31.211014546934592	30.1191331969879	47.57657565307545	20.573337013987942	33.606957656086685	32.864069274367964	35.16360749220843	27.900181145356495	33.98332909249822	32.2121125893348	28.711534950283784	30.355765682103755	27.021548099789086	30.995951498189726	39.91612053579695	27.685004689328217	43.96665834743112	41.316984788927705	30.22083852090964	48.480590036094945	33.18873389286052	20.37272731987983	27.556807567947065	30.77266965490737	30.758330160684046	36.250930696911546	37.161412763490624	31.63037680804682	41.914884448486994	26.85234759840736	26.889337571438237	22.795308351639207	18.73377746698171	30.512245572389133	38.54157638504453	29.122229686173505	32.355713799062414	29.185974835194187	20.622191368748517	22.812105747199617	38.40895536941361	28.9077602728267	16.695596363801187	43.170325447600966	40.21530459836889	29.67340280000165	31.262938347885754	32.14250552045951	31.910490160758513	37.14276495644768	30.28843494123118	33.257865679713305	38.529394409398456	28.377850588874278	28.187778881904585	25.45923385473273	45.577240468985885	43.037549362366605	30.634678787691165	29.71949571680559	32.42732682800445	31.908066611141805	35.18533705633168	27.672114631081257	23.05337149409701	27.826381634951236	43.51972679444008	30.11862648088436	35.7809084560545	26.31469130409259	31.420129036434126	36.8442207015804	26.58722521267141	30.72771319877814	26.531151307759878	27.415731956607104	19.15387360450566	37.96422346157293	33.00652777126374	39.672080254972705	24.456971559768736	24.66481443562517	33.38106928978538	37.58634973196045	26.187594551527468	28.255505167946968	29.339057675321218	36.63371990093515	37.021547539219384	31.728796671122584	27.368252151312774	34.16444105896734	39.95517830888433	37.806358651493944	32.426088334764955	38.321493666929975	40.51089845163016	31.385784436221027	24.95817654252067	33.66725601579759	31.424285227337442	22.65696730226217	26.619501663736376	35.990842452973034	33.417746646998246	27.078917052481987	31.757500893508382	29.47930002811556	37.181770353332745	27.553249795161896	22.79030366715843	19.839021718054845	29.39102288596011	30.73585446055263	19.200081942799393	33.868997713836215	40.088332527742665	31.799771327346473	33.41744818393657	22.896541413040875	28.031701587517755	26.417209098144546	23.92353318444266	35.52785083051933	35.93353669721856	32.67486448825599	28.805983293107147	23.554733319883535	39.04636069981282	19.91271932329984	39.147093546757645	27.209172198869517	34.51912811764475	22.271401397044368	25.84384376251988	19.380870621293013	33.481361745773505	33.00778694045487	38.70389299921467	41.609818578738036	26.352418823652236	45.275496761618825	39.31288636979094	33.050924056494445	36.30192127300377	24.70568098316874	25.89761505665385	29.53346283702357	34.55305579892198	20.614636292479354	25.36590664537935	30.58451526928616	30.300040380706335	34.04544363575556	41.97919335147447	31.91880781446962	36.75543246122839	36.87140500878403	27.660834370882863	43.46690321843164	29.63818929493811	35.162740920639685	37.996913569581785	30.594821922101364	31.856094436113576	34.44625730264017	29.24921560653124	32.95236763274054	39.06543449484805	21.212992306515645	27.705202661100763	27.505946135211417	37.952316727328714	31.556364094319278	25.734339351838393	33.84573981111461	35.11294195561771	23.816394186747164	34.08251700351386	26.46550123702693	23.99597745948506	29.855285566988535	32.09584373314011	37.95597837817792	18.730706178802976	28.44949957143172	23.7954592305061	32.703374574025	30.17963452895259	27.376907692377287	27.58446358258448	36.60131474243469	28.485264486413318	30.108965892560786	34.174540472755645	32.7887849100668	42.99758011615663	30.04567409662284	30.94935191877659	42.06039646352332	31.631547892209287	24.844644156968197	35.34467121609535	28.383333295292175	36.402274859594584	34.007299688503764	46.66629270851985	24.710445490272157	27.4910681163826	34.9903327513736	38.48746001835171	34.82628484979692	35.99445221019634	36.33687550200765	29.492301701337507	28.076336770045128	35.56482406847421	30.65246590458731	36.28783327381836	30.165755190257197	22.905662825443287	35.815328221550736	36.7920544286715	32.57933361927953	37.1443988516636	34.258008247688686	27.589764483488853	39.75102449492859	28.392609492458092	34.28485052196706	22.11477388209538	33.69450571972766	27.50276622283558	31.100885119498496	40.644861256328696	39.142988604756724	37.1937500685102	27.205217867877046	38.80066387596177	32.80823446464477	28.45044657163053	43.68355707264362	45.65424975970551	27.6608227197263	33.65580327295938	37.67966303715162	29.870682719320264	25.27449732719967	43.96036075086939	38.41594143969995	28.85749567180217	30.46699334058269	22.47793864448983	35.685069991312346	33.530045524138366	44.95978491708411	42.70908446487712	38.86410639674391	34.00144787648143	23.53454403113948	28.59900667320184	36.11015261947334	29.626562276285195	36.22820247219077	25.835058061540504	41.231466518591944	39.346439723198245	47.427746953898094	33.306062796699266	40.19548950851133	42.52783543769418	32.46773872927601	34.396838639774074	33.26656094097646	25.235605760092245	24.540909931075653	51.23176449418376	26.518015958042742	19.947174072110194	37.671104493437504	27.58502225222938	24.717524364781788	32.74610433844922	40.19831358943082	34.23464604679053	31.53991026146365	37.482103772933606	37.95245075150971	25.293988562112112	21.684292950749278	29.46560245560281	35.2772190332703	30.11771336454273	29.69852980219266	29.218743356843287	52.52110465663221	40.20976074288407	25.84206161550953	34.647138075236306	29.4719035891631	34.77765354379062	39.859243937587	36.25780280578231	33.02101472527566	36.81061546757233	27.46676118799967	28.6919305809478	33.52332819167628	34.222179329272706	28.042213239359068	31.22410543881937	23.354343263071556	20.735708902855446	26.042170684141997	40.02984785164844	33.71019552103877	27.551636851325448	23.30221894540852	38.737763289164356	32.67077565710219	36.05126516392911	36.479695540541435	41.15861654642863	35.65358238642631	30.745022994905533	41.255556112120615	27.121271935260214	35.206125479956185	22.980871495916848	33.30306410020727	25.573553633757662	30.46777794071658	30.71828838895366	26.187192977725733	19.826498339210517	23.630504571507352	26.55233053854086	20.19088886536232	39.51402459304034	28.451971507867505	20.55840395972497	32.18600258825667	22.732072730521807	30.22015552897466	44.5731024086387	26.887056316503315	39.22236219973096	39.23198105382106	24.811004972621806	29.1599022351916	35.92534608457855	39.10752856694278	30.881499278638643	31.449603535744412	30.758782636594898	42.377369541004605	30.527409100437723	20.537771544072186	35.5767693197874	22.91200224000375	29.696589255598774	26.377210886067864	29.282549147158083	47.00112107904114	31.090626616269017	26.23369511587005	28.488844833580284	30.708247843309913	30.502126507892164	44.99323523577085	31.86843446254678	26.357979571119866	31.733727711381388	31.21803471168493	27.858660400447707	45.317153511607465	21.835634909434088	42.80828311620255	29.08798855425258	27.71916234032742	22.639336949099544	40.00337653689872	45.915600381292	35.98499609533623	37.9892688215554	26.46011549248154	34.20426962511963	37.08681251492552	26.52862069206876	27.5353211150777	27.30514542093028	30.812679847213612	35.57682746429698	32.19384541233296	30.270990436177243	25.20148422860678	33.570261061851774	38.35723073110454	30.48601008518508	33.089588293652064	28.938341477315102	38.44724213135443	41.578468673935404	39.08900767816003	33.998965828469004	35.73638982539734	28.849769148359023	26.58879544073793	36.7644117299159	50.90811390375187	39.10896437646421	47.25338630245514	44.51914379612082	27.788775961133023	27.236321057199124	33.419148336359676	34.71506434406693	25.98966378121346	34.739330815578825	25.554077042504993	31.630996312528104	39.51886391337617	42.51757660590159	30.415355034492737	25.0257003583757	31.97226217532366	27.17587186825974	24.062721159313785	33.80045642519014	25.728470602484443	45.208551730667985	26.167600003394735	36.71330680940438	39.48501886618559	23.409373907425504	40.8296455338477	36.10610392854337	29.37936414882605	23.90342646737033	38.29248569918235	32.30047054102055	30.378263677462265	39.99424013940931	37.565860207807034	39.00097075305674	23.82952070935117	26.54535440618397	32.88580598680495	36.343882277588705	30.229480526028215	22.838836036873445	33.3489821596465	41.53887870630217	30.975384723495264	31.696660125631603	30.1874696452604	33.48874284025299	26.812619036365724	27.15810707048331	33.482712589461926	35.42752511539516	30.290566170618913	20.74140326950727	44.41286854895577	27.127988167332344	33.12761139351189	19.544847674827214	40.68574106191903	19.37155125706139	30.075523977248704	33.9748978143159	36.16122804568033	34.49761769590769	37.41921608536089	29.642238602511494	32.931285345254835	30.345189385778585	27.634428876210734	28.41360596928791	34.03539294813155	34.160846853176274	28.812544144653113	34.80546852541971	36.22899222330914	31.291561196532076	35.18797145708687	39.78521242466248	37.02062950412443	28.652870317948434	21.677502946446666	28.42539053052628	30.25244172794426	43.0361562188631	38.26157315568372	26.707007818569103	26.39231702316614	28.696442670874433	24.18244302941918	40.36437025982802	26.032208032257348	36.18786002577817	29.94560328961379	37.964151252634515	42.4347487626712	29.205507614852934	26.299371197055564	32.66773513706865	34.75224297727063	37.69202889764463	45.40932955206418	42.33856098955819	29.688183117406563	36.8546033358466	41.495239768283945	30.44560121876328	25.61376987762729	33.62937785855971	27.80714055003274	29.230058810052487	38.08331652992858	31.278338746711807	31.009920013125676	32.35842641783545	26.999445965278834	24.246706201198844	41.45835388986277	35.39446326807756	43.28977795385408	32.99525193687345	26.8738589158749	34.06445365889098	34.35066774806897	25.532234516110485	19.983680388092246	36.98579068644636	40.49138872757012	31.434133546971097	25.471884263786862	27.106890702821786	26.982703578452913	27.754973404174315	29.968250175756722	31.55905709320525	39.32053518795448	47.660983373389364	32.432566772976706	37.377820487988544	15.682641826283724	32.44654730408882	25.550060250779588	32.10618560523917	28.542542119677574	26.081412430084484	33.42550207540563	46.01229700461961	28.19285774401934	34.873354194871936	31.853244955410126	33.941031431479544	28.461993615895945	34.62280434518136	32.060472665654665	30.933678806808658	34.32947463985743	30.882121464833904	29.362856890946784	35.503613816986054	31.399013765883936	37.16907441463078	36.267410201740496	44.72175824078792	38.38941226654726	40.22991808150072	28.46173226360014	33.58537927655548	33.17841332619179	31.19843770643894	26.763384348486063	28.960299336272758	35.76739498646333	33.23457563946836	36.41697195713976	27.24481065467654	27.19147598545534	34.231031079498	24.72022035640873	36.792466452372516	33.330951892026455	31.801067052696546	38.72316536078754	31.654225988445607	35.19911127344266	24.51859685326038	34.274543559882574	23.377418192621306	29.21788751380961	33.65579015596801	29.905224021092167	37.03493502182358	40.75808804051646	37.313723619905815	31.40232304721796	30.00786085264145	24.5739933946275	22.865120102795817	37.37705917549337	40.814929913788845	21.730071799309894	27.484652423589253	30.312247421635448	34.82972311447562	21.476020141773635	42.56441035421638	39.01976443837973	33.109933434700324	28.348492998580827	35.34216714121644	27.3906296375388	25.33958004356024	29.38383897240454	28.076370588365304	20.718029552198157	37.334302988543115	33.370882019457575	27.04261329794809	31.447278005926155	28.738225633940385	37.9729362483625	38.771430292874264	34.78593608399319	35.69097687220667	37.700314876551545	29.814056166510685	37.836374103587566	27.907123984413758	41.937266498644455	27.135025379854362	29.529511722700033	23.488428433411077	38.75963039303999	40.65005480962427	38.41227902772075	38.01351860137857	24.833898282406167	43.91771583187849	27.644058420267914	40.22901868400422	33.08401091229197	33.570562381628314	22.296325623983236	38.302313718560455	29.261342988445406	28.2326335263176	29.83296850511664	29.76402984899461	50.500248947468755	34.297874720018484	26.973947272969873	44.434824227504876	39.530698181708686	31.62302649589713	39.6244629588151	39.0377085231159	33.297068513062705	33.78802406730821	29.363040732770997	20.722190150233295	44.07905224252539	27.810478423157523	36.46939179668863	29.64379856768468	19.47834262149456	31.906164301475215	37.272323321777364	46.80473768653656	34.9772605324041	31.28298820660729	24.441892422149127	38.80418056121115	31.28625564455949	26.896419959644717	31.488298094201863	39.954088509602414	30.753227730711753	30.981870501553477	28.243626550833927	32.01394859896872	35.06079569652139	30.148623352028196	27.77582794628095	24.568723392353444	27.25453933964468	30.436735890261925	37.84012589733585	36.63141084049656	26.45672481430087	28.99550483245916	28.01543747569469	28.276755366402597	24.68411650401268	20.146029985085207	32.605352015505694	26.905163888230213	29.315934879740812	40.91172330859602	29.912896707962936	20.9522389493611	29.723411254971783	22.976866126616553	39.72183219921807	29.03551371689711	32.54935627808711	27.30060966645754	27.161866072929083	41.04482795835197	26.832287636974883	40.96381997513061	34.956275839666745	32.60676333998525	34.448541921603834	28.53708859124687	39.67659757957441	31.463447243097693	28.917715463303	30.98587789155089	33.32924058934881	30.25477688954932	37.53300735330196	32.85788905166664	30.957993613731624	40.93094295462227	31.637140457182173	29.724923820115013	26.602987548384345	32.14398131375907	25.78539284092225	28.666362033845154	42.5862840914545	27.950078229190353	26.120190953567022	28.843543440794836	30.63588356394375	28.69049053267233	30.129709699498296	31.08995984034452	33.75403859506194	34.004019944882636	24.61891730502595	33.00028569243357	33.79622716583277	43.65029058669273	33.16940877680419	32.42155061882204	30.979251246661494	25.201566007229022	40.33182715544003	32.81021101695592	31.465744365631373	43.50873719347574	35.03171519520874	29.123141286515	33.25549797926176	42.542528594555264	27.897175769299018	31.878064202623687	39.57346372138177	27.292040868638303	31.003822649078803	17.48185641181705	29.572537200333425	35.47070272228612	25.675551452635435	34.46509099004545	33.1370257025362	31.023657284258448	36.511422715814774	32.59858579199672	28.214644518804292	32.43766796154741	26.003262745459566	32.01830819267499	34.236526742245914	25.10827771970847	37.246800313974695	42.02985828431979	28.43909563061262	44.756062864439784	26.515026688908904	23.301734193090574	27.934675226666737	40.27710003063241	40.11138628492683	28.59682516658678	20.983990655435804	31.679289111135553	34.338006024145926	34.23842053774199	31.023412015927	28.06844118653176	35.11597753661056	29.13112048899263	29.66004965914747	26.9605462384352	31.501317860985353	30.638585182773088	24.61737677916418	39.62814772962708	31.50500737963456	29.66628435995734	30.34779404052482	21.592284285241437	28.87723801494604	30.90100698025928	46.73530951887291	25.916436680336346	29.971370964465887	27.344534742351218	35.51501272934807	33.14533964681619	30.267486654228662	35.811382077987275	34.877130953789404	23.523925421750278	28.83390335383026	39.837299829579194	38.19316376573687	38.40008535892676	30.0701022491552	45.36783202287812	34.31468863311073	39.50077667649609	43.09767970279015	34.359843929232674	27.21298722464782	32.964799150529785	34.85573674409993	35.842091150209896	30.953433322176533	27.567247654485104	30.39011727903417	27.439767459023678	30.424808818682386	32.99135923272734	40.579747852046296	37.66996115187213	34.68586408491333	45.29727891656296	20.644032441679254	31.00791378140291	22.97487146529652	25.625386304391203	39.66811733599653	34.195164626174474	26.362241071083933	39.504094439098644	42.09858721196031	41.10321111500218	32.3676804507153	29.59251987948313	22.922363539374707	33.547884313806136	46.51295350636547	24.662705830931852	28.192787799612173	26.50871596908376	25.50616899500367	27.1953760451672	46.47188914431903	35.63137585411263	29.691705982913128	27.181688127249892	37.01587408465289	38.78614208093186	40.518149970322824	26.847615849165955	39.502155805073976	51.39415955713049	28.986440286643365	37.43616528163747	41.04574817747694	36.793911786556336	36.706156356141015	17.65160067936206	36.354107449803024	36.292363986251885	24.7742020864281	33.086653543191474	26.979846517391337	33.410993669837886	31.457219396011094	30.827058857877628	20.011962015719984	25.613197509989675	32.477396398096275	34.91423781017683	27.482385545273466	31.927464464025928	32.70674686876192	31.859945318482577	39.63457935803254	28.372266397687728	33.29632458292369	41.8920878281679	27.496425046988243	33.16935736296749	25.662683664725183	36.553327198390015	30.879950353049075	45.152256950980096	25.648164347315493	39.06013863705968	29.9543827993728	31.412978049817482	21.098793967578604	33.401973790895255	30.59526508565326	32.80525115654442	33.27935155705316	33.020951571362765	27.85169578042344	42.297986288314405	27.615784247299082	40.82781185552998	24.25885123224606	30.131081587279795	30.43156272628761	26.629743059340047	29.559682770920034	25.442979307722425	28.96003589148364	25.845866372131088	36.75397806488341	23.396706866222907	28.13503085512695	31.081348346438144	26.605921131997658	40.59123482878924	39.468120247035834	32.433635550277394	42.35217013081734	28.445119023034714	23.100597458172526	33.1573924942091	30.650319141024394	27.265976637242307	32.48137698056534	21.57484285104246	31.49248687583608	25.579904364627406	29.8627508414942	29.519423280349518	25.66476392515783	27.534950027400374	25.525127471664806	31.719936952285366	35.21681562838373	25.152725884604074	25.051370203115187	31.774956298417113	26.706962696024267	33.16305051794815	29.58756111040921	30.65869673241859	21.713882240164818	35.67278784981398	39.233278732457066	31.33496974873331	37.56840643261726	30.643268213369097	44.682226767431104	19.55569683711275	44.276200605626414	29.096288577706865	28.73236127800241	27.54978845135188	22.27734220437893	36.753663384233455	26.792050456113518	28.387549232526016	26.554609613258542	25.74439137969284	33.75760549641255	35.860218158506996	27.851763195416773	38.07462024510136	32.39311427840555	25.97796600865295	24.085468274744834	24.26145440644541	34.375034205576426	40.29724911068013	24.422338287986324	36.88721659609118	30.56929579874637	36.735729605660865	35.18802334125866	35.64828244255125	28.98460454856084	32.48882096272856	27.548951533846072	37.76708456574741	42.53425576590437	29.860186980347187	26.69654796555288	25.026926166238905	30.600233081769307	24.637614626549333	26.628317859115914	28.981024135924137	32.301852763578	31.72323169269505	40.43153249548776	23.931052281623835	36.72488832505289	32.559948039753785	26.900772345527443	27.831808505832115	35.43402208222703	30.176282893982208	34.202647328309546	33.884641249863634	41.89667903951998	45.94190485063372	26.6062300707444	25.61323440360501	22.51542850266322	32.24758669049325	53.82703971116841	34.625962355162685	20.15796735669069	38.974586806320644	35.64276786208635	34.70624481844463	36.80873071565064	28.967838848449006	27.364825391229562	21.34436706144139	34.25157969365345	35.70935733706806	36.34183486079649	34.64936617195148	42.631609876334316	31.94817743002918	30.434324688325837	29.60624954473532	39.92120042971693	36.580092080626116	37.681011798155026	33.18155711774129	38.793114810691364	32.040871503886386	46.47587118869505	32.77344688586792	28.03377019947689	40.98344925683105	25.811541116649963	45.11508762914018	36.55470229229544	45.10060355380707	26.922575700517744	34.532325648557695	25.824929859180862	39.52413263162459	26.031392077344968	37.072357635243065	31.064493423644667	39.818813533633495	28.385327554551772	27.74109491380508	39.24547055303246	33.66889623703156	25.915376942253786	31.335350459223456	38.605563153293815	36.793720397560016	42.454626701052625	28.129467813846905	32.68218508046702	23.692490801939623	35.028445219663695	26.39750427553968	30.01701072911022	27.05895697363511	36.43183878338047	38.36602760328893	34.05230988376179	36.02881746145788	28.434255782349354	32.06480522113678	48.0955802023702	39.36315500030136	33.768643567117174	30.196816273303476	36.6128005671543	42.75359026196374	24.643745118717717	37.75444870247659	35.48094762404093	27.78316833577092	39.201054198600545	31.797499648186854	31.736861015517878	39.80814328947965	32.70798453949299	42.70539195954165	53.13230301064561	29.18171009961461	35.781039893466385	29.78148446573213	28.010451007831936	36.04109291485852	33.49972610331512	41.63233470823322	26.48787782295563	27.71892717178144	21.918847217921446	28.69606021720679	34.14563569898699	35.0309180413825	32.04373166388931	36.74348992059389	31.728627207560958	34.51169656677544	39.47502448724925	24.092809872453586	28.810075477071077	48.80626731539008	35.95119779066727	29.47108303661454	39.839354035405826	32.53061556841167	38.12326305643152	21.417041191635974	28.146364982929722	32.33453100681754	29.401084205075353	26.32484976818008	34.9023345828889	23.622097942710848	28.9595009758341	28.505192434626945	31.755587141856825	41.576056389856774	29.57221360009721	41.85634887730836	26.739361786658044	33.54502446786028	31.222948735943056	31.018564174021883	28.14073616231338	44.37600627021399	29.043285626409464	31.96551175206773	28.005512299902833	29.358409874570025	21.097738915021527	29.52870167661265	31.72817573280721	24.580340577786377	37.34846104939862	22.47300735705932	41.54947329753152	35.57923659786725	29.721230703637506	33.82815347106745	26.00597439211214	38.293847656192746	21.527246701637008	22.201041242257524	31.931666229700788	39.38783047229619	40.3993524259987	22.690900654221302	21.646686027998314	26.963792335137132	36.246695644350474	31.675875493455784	31.4506135029554	34.5906671471274	48.521628831379495	28.539402375792644	41.902395369607525	34.09123387891399	35.9132339527525	28.93044577837124	27.61167131357848	21.828478813468603	54.186677836302934	36.96131340773585	33.237544877703286	26.055333066128952	31.333870898200665	31.815078577438886	33.79980472032177	54.96576525372296	28.686784585179275	23.77488946292294	42.99199429705679	27.235095931411756	25.92822433710818	39.95558446733303	33.07034838804161	33.057018856106026	37.12939407880394	31.895106034423094	30.733499877284352	24.67030278023449	39.1976084483332	27.241881823054094	28.222241209529784	30.219928042489563	38.12331068303045	28.983792572193337	35.6480464669742	28.575562099829032	23.820381390827556	25.154118757157523	30.295781002710886	23.58970769731526	26.100277724857946	38.59426640871964	39.0547105048456	31.376604226710167	31.642160673444856	34.528814407641434	29.163501395114316	43.461282917671326	27.22841371101669	33.70985364087111	20.43654744647797	26.289592094169592	26.799753947426197	26.759034129683837	33.61335140164996	39.35769086597034	31.898905744538936	45.1091445412955	29.247761991909467	22.799605646101814	29.637922211185135	21.00949264951635	31.755861676157814	29.96833319158729	26.583733460071446	26.720895067573597	38.486188824919154	33.3166772565143	43.13032620912301	34.694157952330904	29.68466067461805	31.31819552070415	38.47897593692892	27.28813486894767	34.26474773406056	31.57648745242607	37.98720106747659	30.458131900905652	30.111823785860217	24.433036114747836	33.22199960023434	25.75845189305384	24.531152605060374	38.63322098011321	31.41658553909091	29.381538900132476	35.47759512574881	34.40361617173527	32.866816468185874	41.50623597454707	38.18971120097669	39.40251804398601	38.06529036131713	29.872435044614324	38.72544505742554	34.05492378610457	26.311715280429265	34.28429461941491	28.420095550010135	38.26711704864839	28.79646002194434	40.026808909975266	31.453836771551842	22.425032519483334	34.93449698979658	34.00236570867607	39.07888661067724	34.03715693202711	27.394298751710004	29.36171930361737	41.197795193951926	30.94727892912859	27.048525465869695	35.47895243543801	40.831312234900174	28.430261029829587	29.194152977535076	25.616715716940263	43.150620812926185	29.24227041290076	35.963330075021574	35.017554930699504	36.259241799152086	31.092158748419482	36.28926544664442	35.946020441729786	38.88470034188845	29.809726122309986	42.67676753055108	26.460364906670794	26.649808481690247	37.686099077303176	41.882841203385944	37.26029155717846	21.98125169717346	45.44361763052817	30.023101502531087	26.939753392585484	29.752677511726013	25.710821558685033	34.29852814517434	28.518694756623635	37.5311699703735	40.51260966263182	28.441604743542285	29.616496685126616	33.68280931624055	30.03434146568309	30.123922270239795	31.012277845211838	28.58518387794756	28.763648843999245	23.728564971667897	29.67395919809152	26.0093214451359	26.534567515890405	23.43885300972626	36.19406500497205	41.215161698844625	36.61823586820837	29.222151901916806	36.84252963856036	29.291920236985504	26.1358508995417	40.54610581216091	26.997784085924856	38.673426543716204	27.989873618074927	31.958748921203664	33.21133894182433	35.48991996257734	25.332363828356183	26.138503131893284	29.396749446015384	28.058848294911716	28.556119974071198	27.897805288748252	25.069452578458552	30.260683049473744	25.79047339872985	38.55169263255688	39.90946760191153	42.565399484302255	28.45538113491921	25.703355821441896	24.434346192603616	40.95555372915824	40.618559581364686	25.223169910883588	28.94891729427468	41.25847456487235	27.117429885911513	34.87488901195468	23.593071934995738	33.48550217993987	34.43521630488081	37.25044330516976	35.78632767249809	27.403199469277524	26.165847816105266	29.57513835770368	28.925266235628474	32.51333583167353	28.272109786630516	31.678179858854094	36.59068809851075	42.349252089901164	25.337165563522618	31.878274325101728	38.764521413629396	25.512213682016682	45.933674348270955	20.734717356596015	23.894252950136003	39.610745297709734	47.95437551462662	24.654183679388325	32.39706373891519	37.18716538469553	42.45916367279232	46.5103853751064	30.196451625380963	22.841641590730365	33.138221714052406	38.54369314288107	36.43566802946975	24.874888079919995	26.688188061967132	32.92685560980235	40.6997787011185	24.220951965187304	31.908955415803923	31.511895513345284	31.47617183573825	52.94110235220512	32.00332487105138	30.829408904595223	31.20342967796785	39.99385271674574	42.32265578491395	35.1954739823368	25.405223726060576	28.685367842325643	26.085425835535524	26.645012619341806	34.26295938430705	31.561112396836418	30.98568905010163	35.84856702300166	25.310110596139513	35.219658089235985	22.173617664149837	29.96147704664545	32.700648824123796	27.077921947448765	39.39585856313604	55.682323088538126	28.865368518222578	31.69989756464128	29.249040692983723	29.5984540818205	22.77148052484968	45.841274601538785	28.902608150147454	22.496234228427685	35.49223146341516	35.236763755905756	23.775450042503365	27.276615043910116	23.9783279021171	27.50283196374437	35.403312804353064	33.113945845688356	22.78339624863271	28.275693612197237	38.79054956977904	38.89219078165161	43.850058055666615	50.887297618683796	26.74240535925754	33.31658608132466	27.825297471851545	39.30826232468435	27.586036080085808	32.740960048162506	27.319418031894713	28.61763675870365	39.62556546572775	28.096944069471608	26.61848086167724	42.894772092667544	37.19583110231937	24.731769545080283	29.631374673326434	33.50087503913491	27.38295803992372	36.367851477440226	27.49338056401792	33.4217760732441	25.1702364607783	43.65999332418187	25.48543651146286	25.251552228438065	30.50268020709156	29.041212498802903	34.882866631104825	44.90547057891754	31.218434497588728	45.89584801372933	38.7832502508365	38.81545721073526	32.669031090906074	31.282161802927565	34.7510453198696	39.89943443786399	38.78239738799047	30.324802949176313	23.06910283405962	28.586868053183196	25.493493614111074	44.694925793743465	32.714195382227594	29.30480190565528	38.433202082342255	47.77138270116978	19.329470227996325	33.127019608498536	37.740236271963525	29.317096764708385	43.271673627797696	39.81123435507361	47.19933777158617	19.962977996960802	27.574830940363576	33.76043388375033	32.01360519278113	36.480904417414955	27.78867491439936	26.440734837183292	28.492397624223297	35.587784888506654	35.14584738887981	31.972629447568888	23.1904613193254	31.96401652090364	38.62136988927109	24.349889596487415	30.994249440607437	42.349399685261155	26.978249617459763	31.571734745276533	29.53575853721067	26.840439696242033	34.34777476179232	35.08267300301205	34.16126110392402	19.91179877228951	30.95145576565434	30.467245692306275	30.75140093960563	27.60161937690776	34.87680838573946	37.65554593292588	35.63617898479761	26.242168369905908	32.572500008013584	30.359500093354526	31.49207854204484	38.03183738939147	27.68140771534248	30.86126189371944	33.18593637177544	37.7541572019836	31.49865344112073	38.053723670299526	26.79874756992571	30.05164081166778	35.315960514187054	28.793119788317924	28.915687459139164	29.14877570591234	29.777020113725985	32.69468399089991	27.716811283606678	23.01246355129185	42.5057887773559	33.06820621418362	38.58766433897733	28.210794597372033	35.6462406484406	42.80680995310328	25.587293271195055	29.062178134173845	32.83332272488691	32.2754535428171	35.80802199886907	40.02385256367277	35.0015473976685	35.97829504731065	40.69312878170917	37.359191573514494	25.764279883723937	35.54916680109283	23.189630895112746	41.316378652549595	29.692111970849076	30.68439744496896	35.582394050123305	28.991393294683547	36.989238329436084	48.034221127590314	33.5749965505936	27.875607881372265	29.927707242354458	36.92587987809075	37.15037053219659	30.299049094893213	29.802665953562126	35.44628597210615	24.624512790442928	42.64209762819285	46.05135505940585	37.1643831803922	28.263476312147635	27.522138964175642	30.087088545784134	32.39607614559282	31.323674424069978	26.782498911333654	45.212912004157886	25.177408098155695	27.809322470385183	29.098790066235445	30.568824485679695	24.604989328038904	26.931242376166335	26.791125709892352	24.527111928701775	29.750347957044138	38.61804257822892	29.92122055466953	21.898916073200784	27.39630300898371	25.43737709813378	40.418837984302705	23.722430743754124	32.39301261095375	48.40689597610046	29.03886340568992	37.35584982489413	34.57354314476662	33.940293060043196	38.68881192326534	28.901860695036504	29.6292292502638	33.1192827873797	38.618720405562684	32.30529429489714	34.7790464242809	26.846600382917927	43.64858644832333	29.018961942483656	26.78673628702336	27.732299186627472	28.763223691551236	27.86331004782755	32.143967901457344	44.1200625208234	41.68150425375396	45.53459402914124	27.415261285684373	42.70018920629159	27.555292499919446	25.39055334647324	24.02584865960369	46.66636383125548	31.10337960857151	39.95490350219591	27.647779393522825	32.79130163240217	36.16443167945018	28.773819342032912	39.4182023045753	32.54899611227836	28.833129056238057	26.241797086085104	38.20392738127258	32.2061373925694	30.376572392118337	34.554371460531875	24.337027347633885	31.952954329873698	29.794549981685574	36.7151508929388	27.65082905232389	29.402768726953216	35.90774047729353	17.276072616231467	29.22104216759125	27.237339757568204	43.41028947453932	36.70636946155113	35.98200688639655	32.254549557110295	45.089675076289524	31.393086723340062	30.714278451566933	35.616376596784406	35.52725684568146	26.659312232452187	27.983702569601842	29.238774336162376	29.51266523517735	36.014858901151186	35.3474477388027	23.09260950907628	29.873274067581647	31.384550953010052	25.810119289061944	34.80901258525337	32.02868954451361	31.344750796102186	28.2549702644637	25.679839688257054	23.76031754648304	34.72260969299391	25.66651932980911	40.387973164787745	23.78680980402009	29.490453033426824	33.48340086832921	44.113997199353605	28.02862591135123	24.00497277624408	19.525933665976645	29.638924601864876	26.84898148102312	24.35333917592205	33.234636084674165	20.6938206923559	34.32519778378852	38.00284000237501	34.578953657967084	23.920847949250916	46.017434888524114	33.587474983007404	28.40625803493986	35.942454118173075	38.94501508954136	28.2104329450316	29.331725517286348	36.267296501972005	32.74174684924277	25.621125257705998	37.88219018944686	32.834766688102505	36.85910018201563	40.55383324704672	40.65972031559864	31.982718289861225	44.79349902602969	37.37682887704673	40.32575744923965	31.67232282609652	27.01373780336307	28.97883423305965	26.853650663893866	27.55592712426567	34.38053533183683	30.54157239972247	31.388595061417295	42.503539261009685	24.91016813223589	36.82803206450226	34.80732160970698	21.530047523576428	35.82330004785983	36.1610022303958	22.40146220005821	34.580640379478105	25.27016916123615	22.896106181022628	39.877080160918645	30.52685929109005	37.20583892827423	28.24234361695483	34.204981731979935	39.03132293396151	33.45977726626032	42.01959497556069	39.46556195470187	29.575849459488513	25.9965608786899	29.141052465013562	33.59623817630891	43.85289212040679	29.66720136994974	21.22242364873082	28.09397741232922	39.927509046709	27.540266646082898	34.826431029894884	39.39945184531352	34.47301935974786	32.550062413279086	46.070485647506885	29.91248794402171	34.70789036038222	24.267096410008012	51.06787087169502	39.66332081963064	34.31901760889991	39.381615345027924	38.00581385966029	32.80938629853759	33.786754444298175	25.063441919692515	27.10297933050072	30.056137593796134	26.78448050584172	34.32561885942838	36.70488156968331	29.840767610453405	47.18471240695228	36.37467006739772	32.140437463290475	42.72566939605305	35.67297043733121	31.32999232737954	24.19324037299235	35.585709490002834	28.668971108667165	26.492029697188674	30.837884664105335	35.134791824775235	36.096008924337006	38.42709031089126	26.389214148608197	39.93006881385009	18.83124336395534	33.25428552117552	29.482068430237142	41.70336352723686	24.866049415352997	28.898871790209114	30.9485492095644	21.026554114192898	31.222190025638337	29.78836316085828	39.764975946657714	26.691089415524047	28.399605156597953	38.91812044222645	38.18478017645108	30.020172287140106	40.8481048312814	28.7897907678304	32.129497783333264	32.85914804616433	29.9259203385726	20.602935046270662	31.20619569244414	33.519789652472326	45.79543656650741	27.550437584251195	30.304461955257068	27.66576734657163	27.44409502886903	26.878047479474013	22.049977326191424	33.92319944197666	24.88091591882355	43.10913253014264	39.540337946816585	28.936729521004384	25.524918359873453	21.61950964480868	29.357769374869893	25.71551451783605	33.00070381889386	29.948481640752906	34.10738600372553	27.145193080094533	30.473916630938557	25.925081587326563	41.821710070167605	30.234180447564125	44.3263006698714	35.408868811139435	41.02294607733328	31.360713728295114	40.20767019636245	26.554693019233117	41.50612700687946	27.26670217599768	31.921663559312037	38.08369083780362	43.75894520654541	31.563623580716662	28.404150944566627	33.07682993961339	33.922133974682254	28.41827658785527	29.382961465624984	36.04491817809772	30.731877709830716	27.287519902649038	32.14992247341107	31.934805588848185	30.55706292952895	37.02971711021136	31.136462390394108	29.857509110351543	40.685222445465484	33.721793361278365	28.627544809785288	31.733134289321768	29.785723168444935	33.33012150753387	36.03871587663288	35.594558568160075	33.02708474365552	33.30322625085653	31.76508504862169	33.96809965760676	33.84116254112602	33.33450010077946	28.42360472525683	30.536851871337827	35.66941697430132	33.12716175582051	37.389818970786266	27.634599580568395	39.652424446740895	38.835784199641296	22.04174463814106	26.786433413518182	33.058982389806964	35.672072426849994	35.75469356489531	35.84797307040771	41.800796787392684	26.07396652382549	38.137488905714996	31.61855822706917	30.945386285881494	19.671903759454516	37.69683270663702	35.5535986346534	33.40505675192201	28.651351460015764	26.740520998283827	31.35511362887207	25.929732596159095	41.23623950636274	28.01063881756964	31.738086585228476	35.125285293306106	26.584799252306848	27.37049922412068	26.75929569885327	36.09953645445307	43.65125197410939	31.511739186215234	29.06723768655436	33.759621113763366	27.75770735326388	25.915698827018364	24.90371402896964	30.69924841808018	29.05603407812332	29.383628254206396	28.81831495725859	27.426488990053432	28.87202886244851	29.014622867473744	24.475792591926105	44.44678533467785	21.236291222944477	27.251373217619708	33.573873654272745	22.500360198958084	33.24973179154256	45.07034170838027	36.93357074358258	35.844113421650086	26.10172333238374	33.82083439163084	37.61519743719433	21.00149462756944	29.98555031312439	35.667336538782166	29.84027988100655	39.54298036587283	32.84612394176543	45.83666700619	29.127211128101987	27.39623115535548	27.62071373351946	38.01479249526925	37.236399928932556	43.16375660399792	37.74031913805593	31.903432941123995	38.580669985364494	45.471491150526454	23.557002411052572	31.79865909053702	26.361955077940472	39.66344862389206	27.112116132914675	27.388262179525583	24.017397284296937	34.39704131531462	45.48915418475976	30.869920848598735	27.908613016103384	41.84525517768138	24.365016838565168	40.08074176536105	25.8845666833264	23.986125633638956	27.625669132149405	42.62449511191379	39.05218890289213	41.76753125878868	45.08545519313909	27.156411826489016	33.64269252181959	32.7457882251544	41.13158735414826	35.61496574134228	36.20870321358146	34.31087314953832	28.03321726846774	32.083456645609864	40.45908304910445	36.61444169467188	37.55101451004755	37.530256015723104	42.28613314549047	38.334847712979446	38.069211337122674	31.118741710955632	25.578433232769715	25.679870104869885	34.115087475781266	28.113940394541356	22.868389188093204	42.53770665328348	40.59699806549923	34.26559001600146	38.77206974541452	30.526313899418756	35.14579816966835	35.97194138331958	32.3319765846534	45.71855554687597	40.21619295616683	33.72791141855342	24.06284602252652	31.085048984008488	23.58942053343023	34.15066407781923	43.515278356076976	28.015275214958553	46.33736635114892	30.16849316898901	27.255261065938782	23.424730509835474	40.38535756063205	32.315795118327614	35.90874692247692	36.088765505485895	29.078380345124714	29.24550046230046	35.72975246582919	24.438726748921447	29.319079185031995	23.825621915467007	32.371977136522915	38.59712351307888	38.54614270254277	23.788519540447766	28.20006957091041	38.05675796279093	30.380213262060135	35.33909565125665	36.30313025250771	40.21696766562788	30.941112332872663	31.98348856308723	24.914119190680232	43.34653606101902	26.58335966778474	38.17808101961678	35.074790603725866	26.152720063003308	37.755582815772286	43.99749684521342	33.953038935975734	27.251834951832265	39.286163813030576	30.860478042908305	24.434389496780778	39.14790032937427	34.590687771386534	40.10209166076658	31.618650755095537	28.390155248547114	38.84870964132461	35.01835715368603	54.49441712759285	31.651902627316353	32.02098398356941	47.00206402650682	39.1697141006664	27.963444510780874	25.896020461010227	36.84292634369833	35.81540191138793	30.677711708084246	27.760909909348808	35.24792130911867	36.47718780482568	39.6254965316161	28.68791855828966	34.756313945789145	34.785375366311506	23.110968829793737	28.265746126851596	23.404502735450205	42.23759945128895	38.62658260061211	41.66132913832617	44.23383563520548	29.343432602547256	23.632395953976268	35.95814499514445	20.704743291897078	28.38344886767089	24.03838617841335	37.20064840780586	35.85913560540597	26.463616765390572	28.07121889488637	23.722127276497744	38.488267605932165	35.58025634680796	30.06538089361113	27.2976948963612	37.648990273587565	25.37869907815669	39.62959460091952	37.2702623659808	29.341362522995045	31.514947769223266	38.897501002595874	32.558164791078596	34.46764947978956	40.165554559332385	30.500787811157124	29.542137142332994	44.89529611731107	31.6190215094904	33.5993315395111	42.35267193846999	34.69542673907025	31.998856624775485	28.74563565180796	38.87843109446724	38.825600294764065	30.766355794921626	39.57254572623105	37.68144837797491	39.82554497349851	32.1413931044793	29.204608196528227	43.981675294813826	27.463179542802308	28.13993620205405	24.141197976863868	25.33387351314991	40.07997633241699	32.44597830745876	32.27630586840887	39.52657838533665	25.750349203396198	28.205414053494078	28.176054540991935	22.796573510276858	25.61020171774222	38.78037307209679	26.0832345336803	16.922579829546716	26.759525507040635	32.74735227375808	37.248667122539416	28.020309093611186	28.1569287691046	28.80762685717073	24.296615699707207	30.54053112491731	40.223079750862595	29.360710798147952	29.399378119440385	40.840989998842915	19.582573075872393	36.00230748502064	30.326985287458744	34.91183596974435	36.74206268686655	33.758288489093644	37.43956413200838	30.621535825760464	30.932490845428788	25.25530636046766	33.006237475323246	30.429642064248466	24.685943120151677	30.179823443548862	27.3189890515135	32.48272690022253	25.32800909672512	24.127322124288646	27.039238723064173	23.792887863926296	39.89294658964672	32.701547476129264	35.33536084899141	30.186739779281712	33.40744903957169	34.46723469795428	27.394379230362784	37.1905059563821	27.037334777771157	44.430541507573714	27.36713914029747	34.352464386125995	23.08161087743856	27.454659851478166	26.265883491346887	38.29178969624986	31.702446878628187	45.06044736196197	26.75259455876803	35.369552511285235	30.988067361064047	34.39509587383604	36.25544793382337	25.654094271594573	30.42213591159487	38.57438895912154	26.422746671596293	30.138823340690728	24.86628245946233	31.121162623799513	19.266593326657595	23.833164410372557	33.11752687964535	41.04364911474447	44.831539324419424	35.17637136775336	24.753234134543646	39.05290331973261	44.173497138843025	36.59012039231275	26.86786012813796	32.241186607180566	40.741826111651015	33.28958256988003	28.251667189720003	23.388856337887944	23.725856650058315	40.67309705515149	30.53043395825266	21.160742764036375	40.901156239827436
G8	0.0	0.0	0.0	0.0	0.9640087075118778	0.0	0.0	0.0	0.0	0.0	0.0	0.0	0.0	0.0	0.0	0.0	0.0	0.0	0.0	0.0	0.0	0.0	0.0	0.0	0.0	0.0	0.5870900664874146	0.564088275080137	0.0	0.0	0.0	0.0	0.0	0.0	0.0	0.0	0.0	0.0	0.0	0.0	0.826573588270527	7.522111324376968	0.0	0.0	1.4352510984644369	0.0	0.0	1.930990995919335	0.0	0.0	0.0	0.7992689131467637	0.0	0.0	1.6239518970222806	0.0	0.6326791058347175	0.0	0.0	0.0	0.0	0.0	0.0	2.377423163514886	0.5355436758161252	0.0	0.0	0.0	0.0	0.0	0.0	0.0	0.0	0.0	0.0	0.0	0.6611642233327978	0.0	0.0	0.6561922050845361	0.0	0.0	0.7453348296661115	0.6013577480948933	3.9847506668131207	0.0	0.0	2.5427525148624146	0.0	0.9945217671368958	2.038620754663536	0.0	0.0	0.5343420735213882	0.0	0.0	0.0	0.0	0.9611365886028448	0.0	0.0	0.0	0.0	1.3411616360722802	0.0	0.0	0.0	0.0	0.0	0.0	0.0	0.0	0.0	0.0	0.5846828779971283	0.0	0.0	0.0	0.7402893392852469	0.0	0.0	0.0	0.0	0.0	0.7152007212106513	1.4843420934083154	0.8192024271506265	0.0	0.0	0.5022415866363897	0.5943515608972512	0.557313848104764	0.0	5.823887728202509	0.0	0.0	0.0	0.0	0.0	0.7707627482626708	0.0	0.0	0.0	0.0	4.870715479554292	8.888237547213674	0.0	0.0	0.0	0.0	3.0913324483266442	0.0	0.6643079700243448	0.0	0.0	1.5916686150909793	0.0	0.0	3.6932535424524495	0.0	0.0	0.0	0.0	0.7429173924264192	3.1345648476302466	0.0	0.0	0.0	0.0	2.4047282147957842	0.0	0.0	0.0	0.0	0.0	0.0	0.0	0.8194679030438017	0.0	0.0	0.0	0.6791104669951843	0.0	8.988780105963178	0.0	0.0	0.0	0.0	0.0	0.0	0.0	0.0	7.006747257969029	0.0	0.0	0.0	0.0	0.0	0.0	0.0	0.0	0.0	0.0	0.0	0.0	0.0	0.0	0.0	0.0	3.749717382171029	0.0	0.0	4.601781765812119	0.0	0.0	0.0	0.0	0.0	0.0	2.0324989416730754	0.0	0.0	0.0	0.0	0.0	0.0	0.0	0.0	0.0	0.6688732407901367	0.0	0.0	1.032294242330906	0.0	0.0	0.0	0.5365426021789581	0.0	0.0	0.0	1.5138486007924248	0.0	0.0	0.0	0.0	0.0	1.6149535333166105	0.0	0.0	0.6884522499700924	0.8260598836637388	0.0	0.0	0.0	0.0	0.0	0.5802486515744003	0.0	0.0	0.0	0.0	0.0	1.041734470465836	0.0	0.0	0.0	4.0203689572003265	0.0	0.0	0.0	0.8261569127667012	0.0	0.0	0.0	0.0	0.0	0.0	0.0	0.6401439939417176	0.0	0.0	0.0	0.0	0.0	0.0	0.0	0.0	0.0	0.0	0.0	0.0	0.0	0.0	0.0	0.0	0.711786910265451	0.0	0.0	0.0	1.953440242025542	0.0	1.9583113823310982	0.0	0.0	0.7463024030638413	2.8008832148632132	0.6580888883550007	0.0	0.0	0.0	0.5451831954682118	0.0	0.0	3.5563931973474254	6.302280145387206	0.0	0.0	0.0	0.5934348479453029	0.0	0.784736634410274	0.0	0.5486993322503902	0.0	3.3179490214295972	0.0	0.0	0.0	0.0	0.7939610512376933	0.0	0.0	0.0	0.0	0.0	0.5867915975440875	1.4964763895548383	0.0	0.0	0.0	3.6702666952816525	0.693861415883983	0.0	0.0	2.9417398805418524	0.533513023844579	0.0	0.0	0.0	0.0	2.993634804362555	0.0	0.0	0.0	0.0	0.0	0.0	0.0	0.0	0.9594698143656044	0.0	6.0407745081785205	0.0	0.0	0.0	3.427621582663981	0.0	0.0	0.0	0.0	0.0	0.0	0.0	0.0	1.486234617726099	0.0	0.0	0.0	0.0	0.0	0.0	0.0	0.7449114539236872	0.0	0.7834751768277175	0.0	0.0	12.562360358283325	0.0	0.0	0.0	0.0	0.6775957188343579	0.0	1.5439768371751765	0.0	0.0	0.0	0.0	0.0	0.0	0.0	0.0	0.0	0.0	0.0	0.6554496007222086	0.0	0.0	0.0	0.0	11.655971985310492	0.0	0.0	0.806110690404159	0.0	0.0	0.9588876258806537	0.5661701689684709	1.503303764812716	0.0	0.0	0.0	0.5010632916488019	0.0	0.0	0.6853558845332116	0.0	4.899057366790859	0.0	0.0	0.0	0.7802993873665142	0.0	0.0	0.0	0.0	0.7528755225370628	0.0	2.965869484322634	3.1644208618886216	1.8936731016551125	0.719972117563427	0.0	0.0	0.0	0.0	0.0	0.5057218837150738	0.0	0.0	0.0	0.0	0.0	0.0	0.0	25.772891535469057	0.0	0.0	0.0	0.5032310064857275	0.5032536421944311	0.0	0.0	0.0	0.0	0.0	0.0	0.0	0.0	0.0	2.1665045036868276	0.0	0.0	4.531102443150043	0.0	0.0	0.0	0.0	0.0	0.0	0.0	0.0	0.0	0.0	0.0	0.0	0.0	0.0	0.0	0.0	0.8505366672999114	0.0	0.0	0.0	0.0	0.5492558957265009	1.647769577132343	0.0	1.1935991248319553	2.9413953998938243	0.0	0.5975408349208498	0.5065624078142046	4.556864789265822	0.0	0.0	0.0	0.0	0.0	0.0	0.5431453749333243	0.0	0.0	0.0	0.0	1.2186455938899665	0.0	0.0	0.0	0.0	0.0	0.0	0.0	0.0	0.0	0.0	0.0	2.317486803507757	2.0824620659209647	0.0	0.0	0.0	0.0	4.188730601944248	0.0	0.0	0.0	0.8369178229700016	0.0	0.0	4.385781884015432	0.0	0.0	0.0	0.0	0.0	0.0	0.0	0.0	0.0	0.0	0.0	0.0	0.0	0.0	7.554113812940615	1.1773127153311236	0.0	1.665169086406143	19.599642814880852	6.730350809026003	0.0	1.2653496688506423	0.7264577874342606	5.189108050205051	0.0	0.0	0.0	0.5411342144176039	0.0	0.0	0.0	0.0	0.0	0.0	0.7594942419772328	0.0	0.0	0.0	0.0	0.9840446355414962	0.0	0.0	0.5998167935910226	0.0	2.880012291419909	0.0	0.0	0.0	0.0	0.0	0.0	0.0	0.0	0.0	0.0	0.5538112625128134	0.0	0.0	0.0	1.0211650935025558	0.0	0.0	0.0	0.0	2.4040784895367335	0.0	0.5400219636415082	0.6601557388090974	0.0	0.0	0.0	0.0	0.0	0.0	0.0	0.0	0.0	0.0	0.0	0.0	0.0	0.0	0.0	0.0	2.3321774084152485	0.0	0.0	0.0	0.0	0.0	0.0	0.0	1.3102383989510962	0.0	0.0	0.0	0.0	0.0	0.8138632186426676	0.0	0.0	1.2502702788732463	0.0	0.0	0.0	0.0	0.0	0.0	0.0	0.0	0.0	0.785665409657593	2.2925602666528646	0.0	0.0	0.0	0.0	0.0	0.0	0.0	0.0	0.0	0.0	0.6406162955863997	0.0	0.0	0.0	0.0	0.0	0.9781487549656586	0.0	0.0	0.0	0.0	0.0	3.886548535829002	1.4583216471412452	0.0	0.0	0.0	1.9569894924585618	0.6965256969959385	1.2411880072481498	1.9124671316846131	0.0	0.0	0.7112964813694842	0.0	0.0	0.0	0.0	0.0	1.1320632131898922	2.286269025914353	1.4286307250639847	0.0	0.0	0.0	0.0	0.0	0.0	0.0	0.0	0.0	0.0	0.0	0.0	0.0	0.0	1.7267491823497247	0.0	1.480798544835377	0.0	0.0	0.0	0.8016949582372684	0.0	1.944192102092282	0.0	0.0	0.0	0.0	0.5108622419202234	0.0	0.0	6.310145251520576	0.0	0.0	0.0	0.0	0.0	0.0	0.0	0.9791406073565073	0.0	0.0	0.0	0.0	0.0	0.0	0.0	1.5101273827570236	0.0	0.5940457310888654	0.5047121152018449	0.0	0.8132026110187898	0.0	0.0	0.0	0.0	0.0	0.0	0.0	0.7780601374270576	0.0	0.7072095051496907	0.0	0.0	0.0	0.0	0.0	0.0	0.0	0.0	25.413437737080102	0.7446251989422976	0.0	0.0	2.94719035891631	1.8630885827030688	0.0	0.0	0.0	0.0	0.0	0.0	0.0	0.0	0.0	0.0	0.0	0.0	0.0	1.4825869574684607	0.0	0.0	0.0	0.0	1.3612823190459247	0.0	0.0	0.0	0.0	0.0	0.0	0.5424254387052043	0.0	0.0	4.6741142596782135	1.2474904211589104	0.0	0.0	0.0	0.0	0.0	0.0	0.0	0.0	0.0	0.0	0.0	0.0	0.0	0.0	0.0	0.0	0.0	0.0	0.0	0.0	0.0	0.0	0.0	0.0	0.0	0.0	0.0	0.0	1.309257270857357	0.0	0.0	2.019486148079868	0.0	3.238606939194689	1.0930706298279187	0.0	0.0	0.6630897066933079	0.0	0.0	0.0	0.0	0.5676006311215442	0.0	0.0	0.0	0.0	0.0	0.0	0.0	0.0	13.11874296608343	0.0	0.0	0.0	0.0	0.8062350546722938	0.0	0.5006422020923218	0.0	0.0	0.0	0.6707051127569368	0.0	0.0	0.0	0.0	0.0	0.0	0.0	0.0	0.8315693734787081	0.0	0.0	0.8508664244142223	0.0	0.0	0.0	0.0	2.9331723282348157	0.0	6.475511824890302	0.0	0.0	0.0	0.0	0.0	0.0	0.9828491170194228	0.0	0.0	0.0	9.35857077984392	0.0	0.0	1.1564200795004145	0.0	0.0	0.0	3.1725299460117884	0.0	0.0	0.5640716980883655	0.0	3.711785957622518	0.0	0.0	0.0	0.0	0.0	11.39184887904835	0.0	0.0	0.0	0.0	0.0	0.0	0.0	0.0	0.0	0.0	7.988245905058109	6.335874147987667	0.0	0.0	0.0	0.0	0.9699323953744039	0.0	0.0	0.0	0.0	0.0	0.0	0.0	0.0	0.0	0.0	1.0370870336982312	0.6933652615166511	1.5722273063339274	1.4080660284043955	0.0	0.0	0.0	0.0	0.0	0.0	0.0	0.0	0.0	0.6215262236682092	0.0	0.0	2.399179872074104	0.0	0.0	1.0812403893565445	0.0	0.0	0.0	0.0	0.0	0.0	0.9774932230802275	0.0	0.0	0.0	0.0	0.0	1.931974405781535	0.0	0.7577633707619857	0.0	0.0	0.0	0.0	0.0	0.7095207742510028	0.7840474257325591	0.0	0.0	0.0	0.0	0.0	1.1209792619519903	0.0	0.0	0.0	0.0	0.0	0.0	0.0	0.5638768883999731	2.2613647576288782	3.2772651174145886	0.0	0.0	0.0	0.0	0.0	0.5319215524189684	0.9991840194046123	0.0	0.0	2.050052187845941	0.0	0.0	0.0	0.0	0.0	0.0	0.0	0.0	0.0	1.5574091869995226	0.0	0.0	0.0	0.0	0.0	0.0	0.0	4.036166403914001	0.0	1.291605710921183	0.9954139048565664	0.0	0.569239872317919	0.0	0.0	1.0853922388353916	0.0	0.0	0.0	0.0	0.0	0.0	1.4803024572138979	0.0	1.3469969216332374	0.0	0.0	0.0	0.0	0.0	0.0	0.0	0.7153478997292665	0.6154551044345993	0.65030307066321	0.5448962130935308	0.0	0.0	0.0	0.0	0.5746715843452838	0.0	1.5805373616647975	1.4722895808579353	0.0	0.0	0.7616565235529461	0.0	0.0	0.0	0.0	0.0	0.0	0.0	0.0	1.6671033807023028	0.0	0.0	0.0	0.0	0.0	0.0	1.0275338109028966	8.32884683172243	0.0	0.0	0.0	0.0	0.0	0.0	0.6225143099440636	0.0	0.0	0.0	0.0	2.94744497277972	0.0	3.8632304711354415	0.0	0.0	0.0	0.0	0.0	7.648066472615715	0.0	4.472108424976603	0.0	0.0	0.7357415175200782	0.0	0.0	0.0	0.0	0.0	0.8172825325046968	0.0	0.0	0.0	0.0	0.0	0.0	0.0	0.0	0.0	1.9950915673940048	0.6137529027460348	0.0	0.0	0.8416708157911459	0.0	0.0	1.506265228051013	0.0	1.1499282362144412	0.0	2.1687615846175503	0.0	1.3250205516591456	0.0	0.0	0.7733167060092174	0.0	0.0	0.0	0.0	1.9337069273621341	4.743750240953483	0.0	0.0	0.0	0.0	8.730940626272508	0.0	0.9961637022090636	0.0	0.0	0.0	0.5341701810612668	0.0	0.0	6.233030346048247	0.0	0.0	0.0	0.0	0.0	0.0	0.6783594600091956	0.0	0.0	0.0	0.0	0.5366112283481018	0.0	0.0	0.0	0.0	0.0	0.0	0.9977256642552904	3.9631215006629046	0.0	6.620305366536345	1.116750527572966	0.0	4.2000937948396215	0.5432373214585816	0.0	0.0	0.0	0.0	0.0	0.5382584675250599	0.0	4.667835009361696	0.0	0.0	0.0	0.0	0.0	0.0	0.0	0.0	1.5445638850800856	0.0	0.0	0.0	0.0	0.0	13.5368931826491	0.0	1.0163664810614674	0.0	0.0	0.0	0.5977185527640069	0.0	0.7065899963714664	0.0	0.7556448876640586	0.0	0.0	0.0	0.0	0.0	0.0	0.0	0.0	0.0	0.0	0.0	0.0	0.0	2.0318470665010464	0.0	0.0	0.0	0.0	3.2977886434484813	0.0	0.0	0.0	0.6160945250069464	0.0	0.0	0.0	0.662740514050724	0.0	0.0	0.7086649085216677	0.0	4.231000168897489	0.0	2.001144262042187	0.0	0.9657029892195567	0.0	0.0	0.0	0.0	0.0	0.0	0.0	0.0	15.877423737783538	0.0	0.0	0.0	0.0	0.0	0.0	0.0	0.0	0.0	4.138611580346159	0.5860988312703305	13.781826564181092	1.9766829150176186	0.0	0.0	0.9546971933222593	0.0	0.0	0.0	0.0	0.0	0.8057811986012571	0.0	2.397709677157271	0.0	0.0	0.0	0.0	0.0	0.0	0.5113896830815278	0.0	0.0	8.813807022862354	0.0	0.0	0.0	0.0	0.0	0.0	0.0	0.0	0.0	0.0	1.6800980226660887	0.0	2.6006837409891608	0.0	0.0	0.0	0.7498036189256214	17.504989269510165	0.5979358912995576	0.0	8.546656399351502	0.0	0.0	0.0	0.0	18.6673493345866	0.0	0.9763792989290346	0.0	0.0	0.805945315980435	0.0	0.0	0.0	0.0	0.0	0.0	0.0	0.0	0.0	0.0	0.0	0.0	0.0	0.0	0.0	0.0	0.0	0.0	0.0	0.0	0.0	0.7965141549284569	3.2192743668609367	0.0	0.0	3.5303201358724117	0.0	0.0	0.0	0.0	0.0	0.0	0.0	0.0	0.0	0.0	0.0	0.0	0.7633995984798185	0.9674989231523008	0.0	0.0	0.0	0.0	5.066832001749257	1.4200707738362002	0.0	0.0	0.0	0.7029485999690387	0.0	0.0	0.0	0.7971456864706057	0.0	0.0	0.0	0.0	0.0	0.0	0.0	0.0	0.0	0.0	0.0	0.0	0.0	0.0	0.0	0.0	0.0	0.0	0.0	0.0	1.361258446847534	0.0	0.0	0.0	0.9854044863702835	0.0	0.0	0.0	0.0	0.0	0.0	0.0	0.0	0.973784879901511	0.0	0.0	0.0	0.0	0.0	0.0	0.0	0.0	0.0	0.0	0.0	0.0	4.817571192906767	0.0	0.0	0.0	0.0	0.0	0.0	2.0192144065932442	0.0	0.0	0.9632924726312118	0.0	0.0	0.0	0.8354000114269134	0.0	0.0	0.0	0.0	1.9866845072558625	0.0	0.0	0.0	0.0	0.0	0.0	0.0	0.0	0.0	0.0	0.0	0.5513966910555775	0.6030707755364285	0.0	0.0	0.7093695499248304	2.0045439868030406	1.6326990935849273	0.0	0.0	0.0	0.0	0.0	0.0	0.0	0.0	0.0	0.0	0.0	0.0	0.0	0.5175182881415025	0.0	0.0	0.0	0.0	0.0	0.0	1.754398196447442	0.0	0.0	0.0	0.0	2.4643375454446277	0.0	0.0	0.0	0.0	0.0	0.0	0.0	0.0	2.1792397142368314	0.0	1.6972746600993502	0.0	0.6945043531254839	0.603496642676021	0.0	0.0	0.0	0.0	0.0	1.97996378125437	0.0	0.0	0.0	0.0	0.0	2.869026829853029	9.420252949538757	0.0	0.0	0.0	0.0	0.0	0.0	0.0	0.0	5.7419202437087495	1.4335177369527623	0.0	0.0	0.0	0.0	0.0	0.0	0.0	0.0	0.0	0.0	0.0	0.0	0.0	0.0	0.0	0.0	0.0	0.7861967907602337	0.0	0.0	0.0	0.0	3.6231868613485836	0.0	0.0	0.0	0.0	0.0	0.0	0.0	0.0	9.121575555621934	0.0	0.0	0.0	0.0	1.5001259741039907	3.9429992189948346	0.8580556523290133	0.0	0.5145031173290912	1.9122465462731975	0.0	0.0	0.0	0.0	0.0	0.0	0.0	1.5556973866724515	0.0	0.0	0.0	0.0	0.0	0.0	0.0	0.0	0.0	0.0	0.0	0.0	0.0	0.0	0.0	0.0	0.0	0.0	0.0	0.0	0.0	0.0	0.0	0.6807725545791343	1.9470037446941795	1.0825524993434508	0.0	0.0	0.0	0.0	1.073731724668675	0.0	0.0	0.0	0.6299402483311632	0.0	0.0	0.763981765333087	0.0	0.0	0.0	0.0	2.1824265378793766	0.0	0.0	0.0	0.0	0.0	0.0	0.0	0.0	0.0	0.0	0.7419548803130629	0.0	0.0	1.3807409580027532	0.0	0.9818935296459678	1.001267288448233	0.0	0.0	0.0	0.807987048519974	0.0	0.0	0.0	0.0	0.0	0.0	3.3260256872237886	0.0	0.5384792901092952	0.6547249276501176	0.0	0.7641113606968617	0.0	0.0	0.0	0.0	0.6720238801406518	0.0	0.0	0.0	0.0	0.0	0.0	0.6103571188336016	1.0336908462140408	0.6824126078897903	1.5416092036648164	0.0	0.0	0.0	0.0	0.0	0.0	0.0	0.0	0.0	0.0	0.0	0.0	0.0	0.0	0.0	0.0	0.0	0.0	0.0	0.0	0.0	0.0	0.0	0.0	0.0	0.0	0.0	2.209895741576508	0.0	0.0	16.24443514976454	0.0	1.6408012620873182	0.0	0.0	0.702815908320899	0.590720476750721	0.0	0.5416252220723976	0.0	0.0	1.20054243711522	0.5773793032028693	0.0	0.0	0.545324389134155	0.0	0.0	0.7436263139503968	0.0	0.0	0.7829548880176037	0.7260184139043192	0.0	0.0	0.0	0.0	0.0	6.691516396857826	0.0	0.0	0.0	0.981246104202415	0.0	0.0	0.0	0.0	0.0	0.0	0.7281795785008257	0.0	0.0	0.0	0.0	0.0	0.8108315187167755	0.0	0.0	0.0	0.0	0.0	0.0	0.0	0.9750014138905798	0.0	0.0	0.0	0.0	0.0	1.3981771096960651	0.0	0.0	0.0	0.0	1.540804235279252	0.0	0.0	0.0	0.6849304890940665	0.0	2.2477081296888484	0.0	0.0	0.0	0.0	0.0	3.110776027351076	0.0	9.907106748163645	2.2519459495038974	0.0	0.6852018014055123	0.0	0.0	0.0	0.0	0.0	0.0	0.0	11.866533027085401	0.0	0.5703738951324727	0.0	0.0	0.0	0.0	0.0	1.7162480837533196	0.0	0.0	0.0	0.0	0.0	1.3801841487484428	0.0	0.5768384242584871	1.0901792097547096	0.0	2.0607580849422313	0.0	0.0	0.0	0.0	0.0	0.7950216825913904	0.0	0.0	0.0	0.0	0.0	0.0	0.0	0.0	0.0	2.3382373579093096	0.0	0.5364962555528511	0.0	0.0	0.0	0.0	0.8144789306512557	4.884554039182226	0.0	0.988590608516996	1.527146637037726	0.0	0.0	0.0	0.0	0.825169491297447	0.0	3.9630555695403045	0.0	0.0	0.0	0.0	8.946581918124522	0.0	0.0	0.0	4.911837662653892	0.0	0.0	6.066034441057167	0.0	2.3099592049037	0.0	0.0	1.384447193343907	0.0	0.0	0.0	0.0	0.0	0.0	0.0	0.0	0.0	14.897952165892043	0.0	0.0	1.9034701325608636	0.0	0.727239493261907	0.9847477845802636	0.0	0.0	0.0	0.0	0.0	0.0	0.0	0.6171798399164362	0.0	1.9395954467303869	0.0	0.0	22.975191986215638	0.0	0.0	0.0	0.0	0.0	1.0658005047736723	0.0	0.0	0.0	0.0	0.0	0.0	0.0	1.0156432897167949	0.0	0.6017315988321947	0.0	0.0	0.0	1.5463364665678672	0.0	0.0	0.0	2.4557825679395777	0.5898491459213766	0.0	3.2265664966741054	1.4994367555704575	0.0	0.0	0.0	0.0	0.0	0.689873871785174	0.9905824455927266	0.0	0.0	0.0	2.875413642994532	2.423204648508752	0.0	0.0	0.0	0.0	0.0	0.0	0.0	0.0	9.27406851325543	0.0	0.0	0.0	0.0	1.5786235879838477	0.0	0.0	0.0	8.889919250040943	0.0	0.0	0.0	0.6516416914056995	0.0	0.0	0.0	0.0	1.6224589130746432	0.7484245096486256	0.0	0.0	0.0	1.6173107171139693	0.7259784686868017	0.0	0.0	0.767296816112769	4.230806987780778	0.0	0.5126467296457694	0.0	0.0	0.0	0.0	0.0	0.0	16.472890586610266	0.0	0.0	5.03203150292847	0.0	0.7460633384103051	0.0	0.737489652681034	0.0	0.0	0.0	0.0	0.0	0.0	0.0	2.94748940940241	0.0	1.5620376617279916	0.0	0.0	0.0	4.108656371199052	4.869977919297483	0.0	0.0	0.0	0.0	0.0	0.0	0.0	0.0	1.4233858793301675	0.0	0.0	0.0	0.0	0.0	0.0	0.0	0.0	0.5831592971090201	0.0	0.6324895852782193	0.0	0.0	0.0	0.0	0.0	0.0	0.0	0.0	0.0	0.0	12.319521109600135	1.2252391399284224	0.0	0.0	0.0	0.0	0.0	0.0	0.0	0.0	0.0	0.0	2.182422896843302	0.0	0.0	0.0	0.0	0.0	0.0	0.0	0.0	0.0	0.0	0.0	0.0	0.0	0.0	0.0	1.187684478833963	0.0	0.0	0.0	0.0	0.0	0.0	0.0	1.9308198220873842	0.0	0.0	0.9773886804804263	0.0	0.7384642910855448	0.0	0.0	0.8079185098141377	0.0	0.0	0.0	0.0	0.0	0.5910127249824524	0.0	0.0	0.5594979577367932	0.0	0.0	0.0	0.0	0.0	0.0	0.0	0.0	0.0	0.0	0.0	0.0	0.0	0.0	0.0	0.0	0.6817872672690205	0.0	0.633149997032104	0.0	0.0	0.0	0.0	0.0	0.0	0.0	0.0	0.0	1.013079259732752	1.5872213253935756	0.0	0.0	0.0	3.9673411988346534	0.0	0.0	0.0	0.0	0.7850792073989868	0.0	1.4474640408912403	0.9841175892828374	0.0	10.920840299819858	3.163821276695287	0.0	0.0	0.5026868980640513	0.0	0.0	7.719805189325903	0.8569174414038109	0.0	0.0	0.0	0.0	0.0	0.0	0.0	0.0	0.0	0.0	1.966883083550293	0.0	0.0	0.0	0.0	1.082260821021898	0.0	0.0	0.0	0.0	0.0	0.0	0.0	0.0	0.0	0.0	0.0	0.0	0.0	0.983755507839245	1.3338836630055995	0.0	0.0	0.0	0.0	0.0	0.0	3.3714410046856433	0.0	0.0	0.0	0.0	0.0	0.0	0.0	0.0	0.0	0.0	0.0	0.7375954187197692	0.0	1.9525933665976645	0.0	0.0	0.0	0.0	1.0094546679198	0.0	0.5846590769596155	0.0	6.976913985198184	17.761115220132115	0.0	0.0	0.653499165784965	0.0	0.0	0.0	0.0	1.3363978305813378	0.0	0.0	0.0	0.0	0.5711807499584045	0.0	0.0	0.0	0.0	0.0	0.5758604150199367	0.0	0.0	0.9945796542182913	0.0	3.1255032119851665	0.0	0.0	0.6159933226233287	0.0	0.7221182757745542	1.4811626216896587	0.0	0.0	0.0	0.0	0.0	0.0	0.0	0.0	0.0	0.0	0.0	0.0	0.0	0.0	0.0	4.467799466570023	0.0	0.0	0.0	0.0	0.0	0.0	0.0	0.0	0.0	0.0	0.0	1.3586017877694319	0.0	0.0	0.7943187180604636	0.0	0.0	0.0	0.7979354823702347	0.0	0.0	0.0	0.0	0.0	0.0	0.0	0.0	1.156005292069082	0.0	0.0	0.0	0.0	4.966811832310766	0.0	0.0	0.0	0.0	0.0	3.0241550466240437	1.3179892403704754	4.68064834427219	0.0	0.0	0.0	0.0	0.0	0.0	0.0	0.0	0.0	0.0	0.0	0.0	0.5351642924112798	0.0	0.5128427832729976	0.0	0.0	0.0	0.0	0.0	0.0	0.0	0.5458213143116383	0.0	0.0	0.0	2.5276267727818715	0.0	0.0	0.0	0.0	0.0	0.0	0.0	0.0	1.3722047514434514	0.0	0.0	0.0	1.990473273505884	3.193269076306862	0.0	0.0	0.0	0.0	0.0	0.0	0.0	8.903602649953566	0.5591374754709103	0.0	0.6348732631445533	0.7856085329492898	0.0	0.0	6.819430872287908	0.0	0.0	0.0	0.0	0.0	0.0	0.0	0.0	0.8463042408400805	0.7057894388152486	0.0	0.0	0.0	6.6816324495586255	0.0	0.0	0.0	0.0	0.0	1.428885443262714	0.0	0.0	5.289959587173051	0.0	0.0	12.350871099516308	0.0	2.1470658607338966	0.0	0.0	0.8546185001931762	0.0	0.0	0.0	0.0	0.0	1.5440045298912162	0.0	0.0	0.0	0.0	0.0	0.0	0.0	0.0	2.332495555690641	0.0	0.0	0.0	0.0	0.0	0.0	0.0	0.6966799464565447	0.0	3.4670444459740906	0.7026346272682038	3.8681732857351867	0.0	0.0	0.7255836456051714	0.0	2.38761262166798	0.0	0.0	0.6648649383630537	0.7497498092065954	0.0	0.0	0.0	0.0	1.955035658865763	0.0	0.0	0.0	0.0	0.0	0.0	0.0	0.0	0.9578351549603709	0.0	0.0	0.0	0.0	0.5485297798010687	0.0	0.6307526710320379	0.0	0.0	0.0	0.0	0.0	0.0	0.0	1.7007676116369914	0.0	0.0	0.0	9.30072945769848	1.4194414127243142	0.0	0.0	0.6729686139392862	0.0	0.0	1.0264413731801696	0.0	1.2136337970042494	0.0	0.0	0.0	0.0	1.5145177755788743	0.0	0.0	0.0	3.4318106528699213	0.0	0.0	0.0	0.0	0.0	0.0	0.0	0.0	0.0	2.871620544055696	0.0	0.0	4.331558549078252	1.3820945436331395	0.0	0.0	0.0	0.9687385252707679	0.0	0.0	3.220389656652792	0.0	1.9224395726754053	0.0	0.0	0.0	0.0	0.7300185776497513	0.0	0.0	0.0	0.0	0.5442176015948921	0.0	0.0	0.0	0.7613842267424535	0.0	0.0	0.0	0.0	0.0	0.0	0.0	0.6766166344249872	0.0	0.0	0.0	0.0	0.0	0.6879143954181575	0.0	6.960494934721183	0.0	0.0	0.5013717578065885	0.0	0.0	2.9010185570717986	0.0	0.0	5.839063193997872	0.5142502087912978	0.0	0.0	0.0	0.0	0.0	5.013513852607709	0.0	0.0	0.0	1.691485337598	0.0	0.0	0.0	0.0	0.0	0.0	0.0	0.0	0.0	0.0	0.0	2.633286155989163	0.0	0.0	0.0	0.0	0.0	1.4029916241490346	0.0	0.0	0.0	0.0	0.5450366990366453	0.0	0.0	0.0	2.3028176664337803	1.9766107297935165	1.7064719855645354	0.0	0.0	0.0	2.020289835789579	0.7897741612694615	0.0	0.0	0.0	0.0	0.0	0.5179204092202045	0.0	0.0	0.0	0.0	0.0	0.0	0.0	0.0	0.0	0.0	0.0	0.5047454665509213	0.0	0.0	0.0	0.0	0.0	0.0	0.0	0.0	0.0	0.0	0.0	2.325040525487866	0.0	0.0	0.0	0.0	0.0	0.0	2.591843180483718	0.0	1.5687079280661484	0.0	5.661370657274216	0.0	0.0	0.0	0.0	0.0	0.0	0.0	0.0	0.0	0.0	0.0	0.0	0.0	0.0	0.0	0.7011130646782429	0.0	2.47822980604877	13.332087511132704	0.6281356464481119	0.0	0.0	0.0	0.0	0.0	0.0	0.0	0.0	0.0	1.5717637777418427	4.866896746118814	0.0	0.0	0.0	0.0	0.0	5.946932220072224	0.0	1.4101953844398833	0.0	0.9954458723262775	0.0	0.0	0.0	0.0	0.0	0.0	0.0	0.0	0.0	0.5872142159629591	0.0	8.639440192062924	0.0	0.0	0.6892496656240624	0.0	0.7817460146141818	0.9928908379145189	0.0	0.0	0.0	0.0	0.0	0.0	1.0285809633396532	0.0	0.0	0.0	0.0	0.0	0.0	0.0	0.0	0.0	0.0	0.0	0.0	0.0	0.0	1.6169785198427	0.0	0.0	0.9773978264391954	1.9084702436736665	0.0	0.0	0.0	0.0	0.0	5.951379840259127	0.5945021013059563	0.0	0.0	0.0	0.0	0.0	0.0	0.0	0.0	0.0	0.0	0.0	1.0140312277188208	0.0	0.0	0.0	0.0	0.0	0.5381137855335575	0.0	1.4483113816014108	0.0	0.0	0.0	0.0	0.0	0.0	0.0	0.0	0.0	0.6230700807806666	0.9618519438198353	0.8521074216630716
G9	44.66716112052438	42.19277978301845	35.54793864714909	25.8527117067647	24.100217687796945	38.929584536327944	35.43744245639435	35.11055945576542	38.036533585419406	37.38884058984628	32.14613077280307	28.59283698218596	25.671726200751966	45.71838090536958	27.383384762605427	32.53995971270741	33.56960576393667	36.120450539368946	26.030280377081887	23.756606092867695	38.82554085049612	13.587880415005708	46.31191100055436	30.223832134459112	20.73239958420009	46.48908578133021	28.767413257883316	36.10164960512877	27.546571467560668	49.27093670633243	31.896128855464976	39.18435363985675	29.47653524218088	28.496133781678342	29.097652770418463	33.310930302490924	21.61693721614655	29.240001265197996	32.09594807387386	26.70022776825641	40.502105825255825	39.28213691619083	36.71500685668601	33.48339358373332	34.44602636314649	33.22360306350608	22.621170865029143	34.11417426124159	27.100522401128412	39.930395562730006	32.73285123916992	36.76637000475113	28.91467612423576	27.73321790618136	29.23113414640105	30.296671587526365	37.96074635008305	34.86699233477305	36.42059814580873	32.88862174802078	36.479474233677706	22.5475642872494	40.59951648321114	34.0763986770467	26.241640114990133	45.651700647973875	35.631067082487256	37.922135538989046	32.21363809861114	25.363583663967344	44.91901229715454	24.142967901393526	36.27838316386701	21.909814244826112	28.141585284907546	15.132762366123941	40.992181846633464	36.28145565588341	26.072551634532086	32.80961025422681	27.26025344162853	29.129738905915787	39.502745972303906	33.67603389331402	18.927565667362323	28.852224801503223	34.793484660253874	27.461727160514076	34.598543445007	22.874000644148605	36.015633332389136	30.324000750400536	30.725670277661514	29.923156117197742	34.15316294471656	22.074682978653527	35.45094256469669	49.31801735138204	34.600917189702415	37.93600124794965	33.784901061346865	36.233323733201125	39.95148525554376	42.91717235431297	22.00519348923483	29.059117249553626	37.75632698787424	31.011529346042753	31.882002120686217	29.725567467108583	27.079490287351955	33.56417467075066	27.633114833415675	40.709673169490415	32.15755828984206	40.5579320008804	36.207048177972126	37.31890167268436	42.93678167854432	30.787586820728094	30.28677220413982	29.69763319349096	39.56649173402181	30.2341401223944	42.196842551428425	30.429012914870466	43.417728638983206	38.624158996450724	30.97317595068865	24.6098377451831	33.87803897114331	25.636437012819144	25.29490026277613	37.43927825273042	29.642270589789927	39.503352068666324	37.936213644170834	34.31112080920812	28.83081073388841	37.767374664870864	29.446931142235744	25.49426258627363	30.367632448135677	23.814967915339913	27.276006685504036	51.713382092879556	44.16660096373149	24.951274394232374	38.433306126197046	34.35815791076145	38.33252235925039	28.23667183786714	37.201246321363314	30.70941951225781	43.88804518079823	35.01670953200155	35.70832962441755	33.2114535776312	31.023329756600575	32.09019426600064	26.78269279962807	43.71776318262154	40.517472058151554	41.60337397587948	35.263854535840274	33.1499642275857	29.568115182952116	31.07253922900349	29.710167324462894	39.277227508331144	31.62501629182797	31.740756247713826	30.490812690113614	27.96498727899289	23.214184777626226	26.59734722034319	38.50702215591006	45.89020257045289	33.479302695209334	40.42840670069377	25.63765797358486	41.425738486706244	32.38265039138825	35.13795859603788	34.77375858048618	43.72896396511993	27.351075047144786	32.083668524275076	44.14946557352871	42.56723631739065	34.918036083729824	31.08583233636297	25.024097349889388	35.12651620311486	25.506718759233657	38.690238654660675	30.68481739692858	23.603167298477054	24.497025877073266	25.32233982265588	37.54603863111284	44.52672333075175	24.774497847690682	37.43419430475845	23.780373024512024	28.43028636998114	42.966929454853805	32.3962383632461	34.181514982098186	41.99683468031552	33.689726948720704	33.601151652352335	38.34818138176766	32.43583558841422	32.20241677718064	34.86674068860918	24.05123363711852	30.877596697313358	34.98484147601692	35.907481302891	30.4121871245774	26.74406997996884	37.25043278353155	31.638792354759534	20.725732736364403	36.0783067888935	31.160021967890547	33.30655152561011	36.391520810578534	26.086056390815326	27.648772217417726	54.97941460183776	25.80735605827265	33.704618118707835	39.59655225735642	37.89446262034963	28.436757915484776	30.7805166526336	28.72596117605406	30.499045230018925	33.30466921743334	24.87824891168938	28.338038855769558	31.85024494787297	38.24730714282758	27.827710101021903	28.26168683304068	31.322340478009494	34.58052194896579	28.226542248773786	36.34663488120451	28.34214415802941	27.73371965933721	25.726955678869967	33.26335209425067	34.20458450015784	29.012432578720016	28.964029943137493	25.109902758573714	26.038375121777847	31.384778245896147	35.83207413370466	32.81463581967383	28.5743950895143	28.318956155346704	27.06412068008043	36.987394406243006	30.966958262727136	27.75552304908908	27.521908999655032	41.30784563833506	36.73099970824535	23.907371526427138	25.079900072761006	34.29008104008208	31.411378240953074	38.388407596262184	25.802677899680152	41.60935960621164	39.46490481846742	23.86413927288301	35.74202744454637	20.412420752016498	39.90013026374999	24.051649572862743	35.89756026373552	24.159082588861104	36.28210056934191	33.15822121804026	36.409226206913154	34.58415340611765	37.94141048010168	22.92295951447074	24.13356146070118	25.476268793253745	39.14828006459981	23.606401970608424	40.216976402851024	36.789803635269486	38.09208471949807	26.581256139185268	32.63852303885164	31.626757452366682	35.8464605720638	42.53923697463895	22.407065718905706	28.29782219926503	37.54228716785534	43.558949553271944	36.724611538656575	38.16282368277483	34.29927112377051	26.927368327028447	43.38799700763859	29.935830690589228	23.159185998140636	37.94670520783434	30.69528763602523	40.9470045082259	29.88393201964246	32.958938645231505	29.88223737741428	35.66545659627536	19.107830643518692	36.49743923572557	28.55101237861877	38.05573663125873	31.525636239189506	27.908747927182787	40.49201361312236	28.496407853209586	33.67794234663822	37.720610360441185	28.991785647587612	32.8866002878564	29.926371474748464	39.65662432320321	33.783481544459804	35.85724329043181	26.56937102094484	29.36213356225322	37.46851645773508	39.185272314415215	33.22285893410661	21.572759123973583	30.410242359141	35.974783081853694	42.287717535512	24.569058726714317	26.29471598436229	23.94907843490044	29.801036849687822	26.499724271056056	32.5595720830495	35.16636472411416	35.09010323226761	32.697942650794126	27.095590519845366	29.92480269765707	31.662503874064942	44.17238674549521	39.69651819660171	30.405912216434828	37.65110381538569	38.71434330325992	47.98670215729573	47.54176509535775	23.42201587651231	21.18971289809588	29.90640146684498	35.27695254944245	29.650395897517846	33.18295016016901	29.96606210294346	22.293519265891483	31.607637473688552	24.109122487076778	41.69196641076327	32.12019378695362	39.39683258561709	37.072623519977164	29.97826225377878	30.541369610871175	35.099025526868026	38.39028366455816	41.22455155390513	33.76869424110648	47.10885134356247	33.49364616077011	29.77836269106723	30.688058767274036	29.002485618110658	37.945360254724044	35.08705756909902	42.459363022317355	18.725104058929695	36.267689682608605	26.696391972402793	27.370410590612114	33.041771081736265	46.190954495586745	26.98842874068949	38.52234939610638	27.477017968394772	29.09268757683742	32.71315896000609	38.0160768418881	33.76883122798148	43.3778765694038	28.96529690582977	32.27865341513353	40.79590194858672	32.77957117128066	35.834466220179515	44.33608797222874	27.35477140034119	36.762265322295626	34.51995453170353	26.609997941518134	43.59580917956877	33.13948399724312	28.317713069191583	33.215470345234905	29.56273420727931	30.22563920994036	28.889482094102462	47.2895560327916	29.571305863479008	36.742930250931444	27.827889070691388	24.02727805414628	33.384546521098926	36.67407120622617	33.640532462616065	27.23618576461338	28.47129252685829	31.29239281468447	48.18403344237202	35.703122575701535	33.366031698629634	32.43531383435837	29.036320892045058	35.278633760607924	36.41804170596333	32.332992912771125	31.266524589729226	31.949939258151463	32.37182628921897	23.263206650893395	30.975903241292112	38.98980989660463	21.737351231802087	39.49453025830371	36.3268353935075	27.779453474194334	25.387994066025517	40.611829086193666	42.637363427697764	36.04816629719321	39.10367293380707	25.6647813307721	22.646413898749405	25.21988954119157	43.50556336338849	35.67394731943872	30.951875326308517	35.910757390716434	26.524336547766744	37.39399466320699	28.252011325676776	33.832397121550336	22.387213204763885	38.86654641693742	39.07347009338971	39.26955450730037	27.259671543534026	29.126029968608464	27.86301525435545	23.442404994805617	26.903746104450903	20.1382690918508	29.99058758317378	33.661799596884435	33.46917754693491	31.100272341266685	21.539559515691167	42.3599646502335	36.583756196612285	44.72470418100752	35.961079353325964	37.194878179581096	38.27415002849601	31.608317993200497	26.19350655413121	33.871909302268264	23.499129554656538	32.95535374359005	31.307621965514517	32.20655772835854	32.22717637046279	41.914884448486994	26.281021053760394	26.889337571438237	29.887182061038068	28.353825355431777	27.633731839144875	45.086372374957755	23.599048193968184	19.516144831180505	35.24344131042317	26.591773080754667	25.52783262186624	34.141293661700985	38.54368036376893	25.534441497578285	31.396600325527974	31.684785441139127	30.66251622666837	29.069047937507808	38.29745338607941	33.991609084286246	25.41347075967473	32.181462125058125	44.57969229408379	33.30506974371731	28.92357848481417	28.187778881904585	27.41763645894294	41.71476246313963	28.460314900919855	22.711917032253794	30.862553244375032	31.877711119055224	34.86251722328456	43.56279826022018	23.873981250344613	16.037127995893574	25.838782946740434	34.31363074177007	34.0049008655146	36.576039755077936	35.08625507212346	35.347645165988396	37.50215321410862	29.41565342678539	36.2587015745582	33.163939134699845	30.842698451182994	28.989646536549106	33.822671811219514	33.00652777126374	38.14623101439683	24.456971559768736	25.26639527551847	36.41571195249314	42.09671169979571	26.69120213905684	17.659690729966854	34.22890062120809	36.63371990093515	39.199285629761704	32.6902753581263	34.894521492923786	34.16444105896734	41.40809388375285	41.51286440164041	28.495653385096475	40.374430827658365	29.642120818265973	24.89217386320978	31.070383042729812	30.86165134781446	44.190401100943276	26.18138443816962	36.047241836309674	27.555488753057478	34.93673513095271	33.577857145077665	29.83280386965939	46.01646833657063	28.433118505489748	32.473472972869374	31.47232411179021	37.69414126430421	28.191389298778063	31.27507997740443	38.400163885598786	34.675402421308505	31.55890007503146	30.739778949768258	26.968466955457583	27.257787396477234	27.522034285926523	27.565783406759525	29.4871455529177	36.97796719094868	43.120244036662264	22.70626176302535	29.359944510282283	37.29499442314893	35.56007849447239	24.507962244061343	38.19228638708063	29.57518717268426	30.61130229300572	37.119002328407284	35.460157720666814	30.380824217162022	32.40131781849049	34.988254156882164	46.575871236343076	36.61664034928947	29.86607466680587	41.564390469682856	36.16785546020766	37.01703494327378	33.32635395554445	32.61149889778274	30.46778241959277	27.761455066802156	40.311898432075644	20.614636292479354	29.26835382159156	32.7307970425694	29.62670615002397	37.449987999331114	34.20526865675698	46.28227133098095	19.225918518181004	40.82191268829661	29.636608254517352	23.70921993732635	33.46247178460754	34.08081043077385	32.10084077430186	36.33135103249537	27.874082631599382	27.913346434898067	26.54095490222279	31.013993066108746	39.879297713490715	23.233277288088566	31.48318484215996	30.006486692957907	41.18230112965457	28.7882619807825	27.529758376385256	24.993777091284638	31.350841031801522	31.06486198271369	27.049616669455443	27.005613507170338	28.795172951382074	34.56927802493409	35.15259075534392	40.279813789086774	27.60314594770965	33.50718838413069	20.09394335020515	27.25281214502083	33.19759798184785	32.73325919740763	25.420976242773932	30.065365681285634	36.343268482665266	40.35882662194318	21.48113972573212	29.895656829766793	41.67457765104412	33.3233839980726	30.94935191877659	33.25705766883239	26.547906266675653	27.733556268243568	28.03198061966183	31.011419711522933	41.25591150754053	27.205839750803012	30.62475458996615	24.206150684348238	33.38201128417887	32.65764390128203	34.57348103343459	41.791541819756304	38.47682822469264	30.59947410695381	24.225819254670093	29.32417395982491	31.297045180257307	39.27347194025249	25.40148329167285	29.068818637884206	28.904764994011767	30.038662379365135	33.96189639569677	32.57933361927953	39.287344939259576	25.988833843074175	34.487205604361066	33.95400008941817	22.815489770725254	33.672621048360504	31.51355278198592	31.370746704574028	22.918971852362983	24.47282763501521	48.26577274189032	35.09371392150603	35.99395167920342	29.472319356866798	26.963173201939533	28.77915303916208	36.26037308148989	31.09676944154292	40.9313963362877	27.6608227197263	29.092304524083534	38.48135799538888	22.4030120394902	32.079169684522654	29.535867379490373	31.67630259062978	35.270272487758206	37.39131000889694	28.09742330561229	28.54805599304988	24.877130550167173	33.128262570483024	38.133111129354575	33.312091197209064	43.71614726976184	24.046164553555556	33.79882606832945	34.14050793113843	34.463552035678696	27.415937005982205	29.279732469745905	27.724606796984236	40.75166971331247	35.16195032788997	46.11608694927591	29.17414561101629	42.52783543769418	40.77343933443964	36.46064895816052	35.048698134243054	23.216757299284865	30.050093793153863	32.52810444075159	27.048376277203594	13.963021850477135	28.093705045953396	24.074201238309275	28.837111758912087	26.967380043428772	34.222888596407316	35.01270618421759	44.9204782511755	41.72536080383175	29.194192885776697	29.599348317365237	33.787154132562826	34.99040291602834	23.938112915433415	39.48766863351158	31.379578658920547	41.045377572708425	27.10766691955211	40.20976074288407	27.82991250901026	30.604971966458738	37.57667707618295	31.051476378384482	28.47088852684786	31.956029591536957	30.480936669485228	28.046183213388446	40.086624436540056	23.475215929866383	24.275513518110408	29.0888524298818	33.528733220972796	45.79535464360175	38.92390543845259	26.660197160814146	38.1548082116499	36.32338045797729	43.14905026692963	29.204735062404975	28.85036631336293	38.046017516143564	37.43526377376293	32.888873482882694	24.95979168563361	34.62550280890028	35.65358238642631	25.803858585009998	28.60385223773696	33.630377199722666	24.44869824996957	36.969228058648845	29.79747840544861	31.811005739552215	27.01859553233357	38.548440331235966	27.790490506974248	31.722397342736823	22.603091329267905	33.96228324697087	24.229066638434787	32.767727711301745	26.489766576290435	41.11680791944994	23.408001882368488	35.86615919704551	30.22015552897466	31.366257250523528	28.00735032969095	44.125157474697325	37.052426550831	30.76564616605104	21.726985979162368	37.422235504769326	47.88676967380749	30.29882948092848	27.216003059778817	32.4365344167728	38.13963258690414	32.49691936498209	25.15877014148843	28.461415455829922	26.185145417147144	39.59545234079837	30.86694890922835	26.253319925038284	44.611233566547526	33.68151216762477	27.873301060611926	24.862991854760974	37.89528457259521	24.534319147652393	39.56301719007436	24.786560137536384	37.756024791063595	26.925587149050877	25.542028400469487	33.987565688546205	33.79584329679201	30.76839464511167	43.54635696303363	26.394656280710674	32.66901275824303	25.592293942460355	26.23172231927785	45.915600381292	30.587246681035797	31.170682109994175	29.05424446233267	22.02986857211095	43.536692952303866	20.692324139813632	29.537889923446986	32.181064246096405	31.40523138273695	30.725441900983757	29.511024961305218	27.519082214706586	30.929094280562865	29.78007029680399	34.992561368726946	22.618652643846993	33.80892716960102	21.953224568997666	35.43177216026781	43.24160742089282	37.786040755554694	28.81268290548221	38.28898909864001	47.51726683259133	34.103020239207346	41.53016880601611	38.92973416169261	44.97530903293384	40.50290254496155	47.756899708565975	31.679204595691647	27.750213907334956	29.961995060184535	22.81275656895827	30.82495006609038	26.81632554185032	28.502624393563263	29.654059042995097	25.06074296945806	31.22384531995898	49.9123774925009	27.745885179938277	28.2421649215359	26.019451788759326	27.20133696270254	27.423011816663696	30.202987229003476	43.622286757662096	29.610705266999307	33.11396300456081	29.895799998683376	26.131394129219167	36.37550238470068	48.14147190472449	30.629549857286733	17.92756985052775	36.03998654040692	32.90991338141717	37.213373004891274	36.148640126004565	27.429040786652756	34.746319398177825	33.75848767158082	29.097792329855505	22.721102318156145	39.77255041698386	38.11543196760079	29.90799957209618	38.47959479959212	48.72830002085447	29.567412690609114	37.566412000748564	34.12496568594654	40.04088817856336	25.10117526808706	30.06790425660652	40.17925510735431	28.570584770479968	27.10208552108008	22.259066923373656	27.455227830263567	24.113767259850974	28.23993102397735	30.294513895982185	34.76781508927626	18.295353965002423	34.74241562889075	40.215185167965764	37.73345535201426	33.089551667503294	30.70294653157816	34.2532534962355	29.582341072856043	28.138266521358325	39.649397952824096	31.373356591088736	35.29596305732161	23.48558221155869	30.98707577821184	32.94088985441508	34.178294550291646	41.94400756130895	42.385511073309175	36.78255488317852	24.119501040565915	22.165427981809167	34.924865858164075	35.69700206159114	33.67724645186247	32.45349485356889	36.561058793208886	43.875798559077815	30.30228991548705	25.10938733701513	30.368649385782224	36.245556968008835	27.72996073001326	34.28323581389511	32.84356489828609	39.344665843639405	30.31053483047943	29.205507614852934	24.689205613562365	28.6559080149725	38.946479198665365	21.82170094074163	39.73316335805616	38.4183238608954	31.25071907095428	28.664691483436243	36.515810996089876	35.078627491183774	29.973560495095764	33.62937785855971	39.215198211584635	23.498674729650038	36.67282332511641	27.737394737650092	32.90848654454153	30.841625179499417	31.859346239029023	31.01322886199852	38.443200879690934	36.04991629156047	26.954012688248767	30.06234065359581	26.8738589158749	40.87734439066917	34.35066774806897	24.46839141127255	22.981232446306084	28.61164939894907	39.72740026101219	40.31769302763684	29.43417737148704	25.480477260652478	29.43567663103954	22.798728153428904	41.56886314701739	41.6005752592251	29.675875613550556	48.51207236219989	30.466956665523572	38.935229674988065	23.523962739425585	27.12744118866442	30.463533375929508	22.377038452136393	33.61677182984248	36.70717304974853	31.291959389741443	44.39783044305401	44.71970538706516	27.76952278480543	23.889933716557593	37.71225714608838	42.692990423843916	25.511540043817842	33.485382561905986	27.677502090302486	24.52105331418388	22.56770414737862	29.362856890946784	27.93726988877591	39.24876720735492	26.073828320711144	45.14922494502388	34.24009615310325	33.001424580014316	33.87782575284271	29.57787862687858	25.748790778692534	42.8891684460528	29.009073656864278	25.77214789113473	31.145982305048058	41.49017818429746	22.771838864080173	33.165456603823706	28.3346030808636	23.9284988672007	26.406795404184173	25.70902917066508	35.5660509039601	29.882922385954753	36.43872266454812	46.625852169111525	46.37712179702496	34.34059636433431	36.28752334282537	36.55951313054141	41.884540928446505	30.410454351107962	28.66974716989868	35.27282833257025	41.865578720322304	26.201628026046297	36.04885163279037	30.421000451992395	31.119263106442983	25.159088475451963	23.98049181512732	25.573777330600727	33.907787928378426	25.440084057728654	28.679637311571394	26.202112178023864	42.4014020524051	26.078024457867986	29.26303211852376	42.77166486514701	37.8399239253718	37.79799066477444	29.451805951013704	34.86080135686756	25.86748796113441	29.38383897240454	18.717580392243537	33.54347641784464	28.49196807020396	43.3111447486577	36.700689475786696	27.95313600526769	24.774332443052057	31.87014292273281	33.143319443908645	29.535228750560258	34.8411917085827	31.519935388592277	31.304758974836222	43.65735473490873	29.147440605943256	33.10836828840352	36.372480828315425	35.18409907385536	37.1900116862342	29.252551240030183	35.867695420256716	38.41227902772075	33.08584026416283	31.17446805663753	36.98333964789768	25.84118504503305	44.06035379676652	37.94930663468785	30.462176975921988	30.051569319281754	47.52324109525094	38.57177030295076	27.618880623571563	35.607091441590825	22.323022386745958	47.97523650009531	22.53860338744072	33.081256089491355	27.865906718943737	35.88171065724327	32.19799061400435	30.893649086533806	36.868946938498354	29.491689254426966	30.475472688160345	27.26568068043021	29.011066210326614	40.985785418488526	26.035341502530446	35.871532914775706	28.503652468927577	31.780453750859543	36.740431619880546	27.7848228398704	41.685469502071626	33.03407939171498	29.97953036466532	34.006111196033565	21.34229930866613	31.28625564455949	19.923274044181273	32.574101476760546	44.84642587812516	31.871526920919454	28.311019596247142	31.502506537468612	28.812553739071845	37.39818207628949	30.921664976439175	34.719784932851184	29.711014334939048	28.390145145463208	23.33483084920081	38.40490389580355	30.5261757004138	32.335996995256615	24.162920693715968	24.959207932891633	22.83891779594056	26.83056141740509	26.3017613694168	33.17737573507597	30.414533091042852	37.78498273388816	28.63820631601721	26.870907212237892	26.938592934892842	20.806387878480248	29.70180255391896	39.72183219921807	34.61926635476194	27.617635629892092	25.72557449339268	32.05100196605632	38.30850609446184	30.576327772366728	46.58630506975638	38.31745620886547	26.192318092775032	26.912923376252998	32.687937840882775	42.01051508425526	27.19721710844038	37.17991988138957	29.721148181691667	30.061667982549903	32.776008297011764	39.09688265968954	40.872008332560945	37.14959233647795	37.8418151844621	28.364332823680567	32.69741620212651	28.774660001313677	30.975109265986013	29.605451039577396	47.77727005640859	33.62075059851671	30.999177672374756	32.1060680470928	30.832753333263444	33.232144882922036	28.092771979908324	36.62827453664499	28.97018985123012	35.62926296145427	44.583048372179455	26.588430689428026	30.762978187861805	34.8691232663354	34.19272762624264	34.49618512787636	35.79879547494934	37.33396945110488	30.027397795847346	33.28976209655368	38.716049000007985	26.583128860619606	44.32965676316396	30.281652117892303	32.50955306401674	33.97844358750658	35.78974627795919	43.938051836645954	46.36809338563445	39.57346372138177	28.997793422928194	38.36066192174157	33.93536832882133	28.340348150319535	31.86351261493499	35.94577203368961	33.50772735143307	30.486063646333303	36.194266831634856	36.511422715814774	34.72458051756172	25.079684016714925	31.027334571914917	37.231944385544374	26.014875406548434	37.80283161122986	35.73101060112359	36.58167887979658	29.710761890639855	42.16831421090837	43.15763204785265	37.71026017978156	25.420073665189715	33.64858606848493	26.851400020421607	38.44007852305488	29.813711343888343	39.869582245328026	22.769489048628678	31.39474836493342	31.477257591149893	36.56330701877111	24.15191450934128	36.41656929722576	23.736468546586586	34.48842983621799	28.13274390097586	29.532485494673768	28.66190226775547	30.504140791573004	41.21327363881217	33.41440176627908	31.41135991054307	23.958784768835386	27.481089090307282	31.098564016095736	35.315436548867744	41.09484112866411	32.98455577497353	34.76679031878043	26.33177419633821	37.563955771425846	33.75914223286834	28.335519420980024	33.95906921188448	29.804093724147307	21.478366689424167	39.246146231602296	33.547199856487744	32.317292417161966	24.0814094623778	24.174003768928692	36.68037482700784	28.780061434221903	31.454322168320957	35.26173793864649	29.205867339847774	33.082455057415	27.666885001337498	33.731358139451544	28.56166638532351	32.888022904812566	27.567247654485104	33.21710493289781	32.33972593384933	32.0547092911118	28.492537519173613	35.00997853902033	34.68028169537434	30.831879186589628	47.00661019643326	29.49147491668465	37.20949653768349	28.865864148705885	19.711835618762464	37.3346986691732	24.808256689577558	41.98430985394849	44.92622504838669	32.83689802532904	34.6556485871587	34.76528641002754	20.714763915638194	26.653911092296173	25.972555597785394	34.483741392650266	28.68927004822685	31.780960792290088	26.50871596908376	31.752577728473955	35.23037351305751	46.47188914431903	31.84080395473895	32.6026575498654	25.97361309937212	43.74603300913523	46.54337049711823	36.90045800868686	26.847615849165955	25.442066450725612	32.7053742636285	38.64858704885782	34.25010866192365	45.874659727768346	32.548460426569065	46.096103330967786	28.746892534961066	42.817059885323566	39.31672765177287	35.922593025320744	21.055143163849117	43.16775442782614	32.76847456080254	33.42329560826179	29.993895104962018	27.195743252132285	30.415672043112743	28.48894420885638	40.7332774452063	35.11638153007165	39.667455849244334	30.47674140043724	32.47263657460724	43.598037293835795	23.95880273582519	34.020157726030725	32.6616277982326	25.339842690361714	38.109474417026476	28.392756395015095	33.74153279851386	31.497549360110057	39.4056060663099	21.702292909266955	40.654430010000894	25.224743409998148	27.555243903348668	33.54167246127881	39.29643975399442	37.3942128824651	34.17213662140044	39.067064871323275	35.93456494530654	32.49364507716068	32.72108373246964	35.774993229455625	26.246450478554987	30.727878227511674	32.49430367255664	28.218358164375783	31.385054319936486	32.844091967688925	34.6024518585025	21.430426559697892	29.37030269560351	23.822022819831844	31.014239334295482	38.065041745171754	27.196179803133376	33.503752536589644	38.336166227189835	38.750518060726094	20.639586259267432	26.117171580670696	29.077232779102154	25.611531964495626	28.808882003165284	31.26332552384488	27.265976637242307	30.20198210473619	25.087026570979607	35.912485033848164	22.799479977167906	32.84902592564362	17.304489509170406	26.75688153899433	30.288445030140412	35.34248419153589	30.626146022896215	42.58777703897567	27.667998473064483	33.72299835034737	41.30744318794225	37.15751331620768	45.69131404695078	40.782854503537024	44.07187655285173	20.726887592884598	39.03814519413605	37.90333708050937	33.01362884241545	42.384868795773315	23.95746423954311	46.40077395079384	17.600127153401477	26.73280036566123	29.690090385415168	34.366157607022494	24.738585548152706	20.205031301646006	29.800267608837938	27.78434862115476	22.142288401370294	34.97436388087711	24.135366918462037	33.75760549641255	26.168267304856457	28.387374026097866	33.23974783302499	34.65309899550361	28.14279650937403	43.353842894540705	36.392181609668114	31.962751103430715	38.315417187204055	39.07574126077812	31.212260196692537	28.564751811943328	38.36842869924579	33.95335585560046	44.98473736798133	33.81537197332098	24.218939263124927	26.446993472492228	53.21725552446226	35.86221564576251	37.82290350843977	27.24137547505396	28.602201332844466	34.6417733001162	26.608623796673278	28.758583287845187	30.533579000348645	23.49225655532945	29.205514891687507	36.00933362879379	26.65049004089927	31.216155076294953	31.988720881161615	28.070371143159072	39.66032712081076	40.945981072795675	29.03755523760552	25.968676675197987	24.64337545444628	40.28526830723075	30.627936567089147	29.562477856382664	23.114382266667935	35.46179989169457	42.364476632608785	37.20398332977816	28.690083094277654	35.41264535634851	28.93567808348048	39.88595451233473	32.741740394759084	36.11422636252516	29.571335491125026	34.20603173903695	26.680458826801736	39.700694644916496	40.610641677449955	38.52234495244428	25.73952915630681	23.794386907721478	32.94655797471759	29.900389167478018	26.543534074590287	36.356807534206496	38.73186220301589	37.681011798155026	26.4223510382014	38.06116924822549	24.27338750294423	41.749511406793864	36.975170845594576	33.42487985322245	34.03710192516477	30.87262761011074	40.19344170596125	31.537390212960773	40.84582963363659	19.81095193056966	34.532325648557695	22.381605877956748	34.30396417084398	24.028977302164588	29.542034990584316	31.57374741419622	33.80842658516052	27.83945587081039	27.163155436434142	33.638974759742105	30.662744787296603	23.661865903796937	29.43623831017961	25.54779914556208	36.12474366305893	29.875478048888883	24.613284337116042	40.1099544169368	23.692490801939623	33.00757338006771	31.055887382987862	41.27338975252655	25.367772162782913	26.927880839889916	29.615880956924784	28.813492978567666	28.70092238455119	30.566824966025557	33.628942061192234	45.607877778109675	46.52009227308343	41.50729105124819	34.09317966340715	28.904842553016557	40.50340130080775	26.615244728215135	41.18667131179264	28.976107226300094	29.841180805087287	42.069424018010345	32.9331246356221	30.923095348453316	28.338000307765178	26.166387631594393	29.14812467079827	36.723797669122696	24.318091749678842	38.89243466681129	33.16574406411078	22.050780580633653	32.82313819031758	30.7538469145188	32.5252614908072	30.608214373193174	29.41600434556398	28.89302587816918	19.790386356694338	33.51330911196872	34.31600134666041	27.466055711905124	28.04108441308481	44.42007809058534	19.412829318811184	50.393648281594785	17.346823108166582	35.532426421721	36.1839568027892	26.963398343000453	33.681237756130905	23.32059748414	31.969742886197675	39.48480816558979	28.231554298065603	27.605088733257997	39.263359079707016	32.01451391219316	26.862091600183756	26.30320867116265	33.822549327063264	36.54413218379065	27.36498473724187	31.178212830186702	27.087430678240022	20.700549520068048	43.2286881847611	37.435106501321265	31.10538632474317	27.454661819536135	38.43604691128798	26.517232152949145	40.01115319445524	38.96050510859806	30.66079698667721	31.775485109505137	22.834318791332244	22.763349881996913	32.67005291880548	33.42789943277902	28.764228335707465	32.679903418223795	22.983757524265215	36.35578913534008	32.61430021471165	26.134185618715737	28.30518963905644	29.858711339091716	24.547338241149195	23.529781278533477	30.461893797516137	33.07208288076153	42.84290332074322	33.127468989318935	28.509080309149844	20.66274575399839	35.17016391539626	27.020264025788535	29.6961332751148	34.881589521459624	43.90353907135401	36.023633526327195	29.616360956011235	24.22482232305435	29.91679707741432	33.620899870661916	34.590750387183	40.81725324615949	20.83627523103821	35.303441620621605	31.585122366610637	33.237544877703286	36.250898178962025	26.43795357035681	42.63220529376811	31.42788859959743	48.4992046356379	36.621427130016095	29.460189117100164	36.16786821815889	28.776705135076572	29.99539678214476	30.474598322542146	34.393162323563274	34.73788422167074	31.235839463120776	26.478955953105967	29.673724019446958	27.959676484265756	22.53862485779159	30.577622454448473	28.7262098025571	26.228616791594717	36.00534897841764	27.910318773223214	33.667599441031186	31.8105313941493	31.940965955882405	26.663365882586973	48.80986939325643	34.01306691240804	39.63375506367318	34.30601458552857	34.24797690424922	28.84623291810451	29.340912624467048	33.29564246451138	29.163501395114316	33.14843612364762	28.27566039220964	33.1078919687127	24.6286597431914	31.54751051300351	26.252820193397092	29.8466149908012	33.01311298376335	30.923899966119556	30.717464791037493	38.27442567140224	29.789387213981865	25.773467252115093	28.649991470812296	30.61383214643811	32.91062028256355	24.57403321710158	30.54301291157145	29.992841402378527	30.78895105993532	29.063484415257157	39.41219463937103	22.799018082960313	30.234376613036904	44.628428617003415	39.20499435083324	24.25611988350904	30.838272960654507	28.65273861423847	32.74758712713499	39.065864829422466	31.450127065231783	38.115536339006624	27.785672392923267	24.24324884052126	32.3811214386797	27.736671472901794	32.602117068867926	33.29907742015014	39.82179044726907	36.314928181276116	34.83882545627702	45.147133867051195	27.929788788773998	33.221730899831336	40.39581834262226	38.50224961305846	30.18306747122873	51.08238567915686	31.289607360510477	24.414573441098497	32.65287573830952	30.243366699738242	38.155309529076256	24.68319882781808	29.40249959079846	29.250042416717392	27.365355975340655	31.616234781751437	28.363708023878644	41.67815134533932	23.706604688979812	34.95442774240163	27.465196795967948	34.815688795269665	30.554815804037986	43.44361522706695	43.14251858781905	22.548138058140708	29.74498605258291	32.169829039878465	43.83555130202026	31.53578181783415	37.46180216148081	33.810053036537454	31.50393139926329	27.93024429942767	38.835880565707185	39.21384048188704	36.551618321375145	40.17832651267867	38.10425672370633	25.89737841929482	30.549780454620528	36.31569547449215	33.065400950041536	24.51334970867004	36.239360906150836	36.86935015307003	26.895695096017434	37.25710575570333	42.64550443347395	28.677454815456386	26.610927009186987	22.814955805298908	42.034910366818316	28.670462222785595	25.02861217431721	29.616496685126616	42.10351164530069	40.33182996820301	36.30318837695565	37.9038951441478	38.113578503930086	25.241569393713622	26.553394134961696	33.81451164433685	29.260486625777887	32.879790182733764	37.61118273653749	32.38416342550131	35.03288744401793	32.659507666239904	23.17618943945126	36.147387569908275	44.356336358863764	20.498706587875844	43.72619254252647	37.67132663152305	31.947613231765562	24.631088783905934	38.6168216131211	36.834394099114256	23.145599975593917	26.883324879071868	29.72614081666295	37.60049347746154	21.628695560661114	36.45462124349515	27.897805288748252	28.269808226772412	30.260683049473744	28.65608155414428	31.208513083498424	45.610820116470315	34.88967170844447	28.45538113491921	24.7147652129249	21.380052918528165	27.303702486105493	33.971886195323194	27.745486901971944	39.16618222166574	39.608135582277455	33.62561305853028	34.08227789804662	35.3896079024936	31.348129700369242	36.38437949194954	33.92451086720818	40.666281446020555	32.436440188124415	26.165847816105266	23.058582448379138	27.83374675503872	31.28641749840283	30.076712538968636	39.09222195347952	28.14668315270058	35.41937447519007	32.15871013831717	28.88968610712344	31.842285446909862	31.483157309722714	39.979309154976576	26.65892231562345	22.89865907721367	38.19607582279153	45.51601743761171	40.43286123419686	35.342251351543844	34.99968506794874	35.755085198140904	46.5103853751064	27.27421437131184	34.26246238609555	37.514967978172535	39.27093263614297	30.52718132198817	25.869883603116794	29.76759437680949	33.548117036402395	30.147984223050738	27.12746620100978	30.942017372900775	29.26104583382062	28.390272636156066	30.36327929023529	24.244943084129837	26.851420658841	38.35421564583548	45.09945093590477	35.268879820761626	28.27177418253284	27.177681195320616	25.02340599011386	35.86746052386135	29.842414133662825	41.24245111073997	20.51472305794367	38.574021062371415	30.96012606531961	34.87170793245888	30.568005134053873	31.762209086484905	30.97712033636224	26.75507631064674	30.086579941609738	37.909222390942226	41.963489863825835	28.865368518222578	30.926729331357343	42.3812630449356	17.441946155358508	29.126312299226335	27.013608247335355	40.10974192265361	32.2772056320919	35.49223146341516	38.9853556448319	23.775450042503365	31.173274335897275	27.974715885803285	29.578517394970362	44.93497394398658	31.044324230332833	24.764561139818163	24.394716057581928	33.34626191086268	29.318728435398903	35.22381712668302	42.809948790321286	37.936900625923485	33.31658608132466	33.00209700149834	37.406249631554466	29.147509820468024	39.0105055893	42.93051405012026	33.21689980920959	35.41007977788438	30.906638476418767	24.64674153859004	29.27738412674134	36.06868470527939	32.62488748499952	36.566377256445385	30.66181783242856	22.493144104223056	43.64142177292827	36.11875485861178	30.472795831487264	27.966929400864778	35.18865133590777	25.48543651146286	21.644187624375483	32.80476927932489	34.3214329531307	36.50532554417947	35.1759519534854	29.631056472287604	41.52481486956463	39.44059347542695	31.537558983722402	42.1067511838345	29.51147339898827	36.878660339453454	45.27051215065337	26.7951109226116	40.63523595189626	34.859977615912314	30.558376194782035	40.06120425074597	34.00700875610916	27.26182948518966	26.374321715089753	26.765980021631215	47.77138270116978	22.46397891361735	35.335487582398436	43.61093969204674	24.97382316993677	29.842533536412205	31.991170463898435	42.774399855499965	30.942615895289244	37.379215274715065	28.133694903125278	28.13316819971675	28.62347885058712	28.33355089311307	26.949210507129127	36.352369382629725	34.19218548111424	34.364828558015816	25.375102736165786	30.920615092433867	27.31470502695402	45.19522008318957	42.206475300578184	28.2269057405532	39.75657929636762	30.832285277096872	23.071652313855928	33.47385967550542	30.59810125371592	38.08122854024801	33.52344309176707	37.719725802249435	26.880928342590842	28.570574552911697	35.381317578162125	30.211902677507286	36.260950946133725	38.58710715017983	37.65554593292588	27.717028099287027	25.659009072796888	38.970669652444826	25.93207299640699	30.50795108760594	42.191569603856166	27.68140771534248	28.695559304686498	28.0363945209827	42.64821461705555	25.59265592091059	29.272095130999634	42.87799611188113	26.995541746074448	43.52897458725381	25.11740236853266	30.32620879860937	25.14796335412045	25.15644802711333	41.93448598832815	28.848109703345724	41.963904122943966	35.79434844408918	26.70893578837908	37.131526062034794	32.55091684312158	41.466035040022746	38.050497736091806	28.539673264025254	26.267737928964824	29.185175755455035	34.50134689059759	40.53738339494612	31.717015239136913	30.5468050016016	21.44859897051212	35.71029668598968	33.962901430467724	30.81609946876785	36.21990579733986	26.796906812130285	36.512148576671734	30.879796449683038	34.81498940871478	25.82593116541208	36.72243150659916	50.19968058994897	33.37971298696954	29.62499695640612	36.17898044178102	33.78934688652922	32.75682892411276	46.43796316524573	27.366883053451936	34.769776945822485	36.184750263191695	38.69566295641032	38.44779294345257	29.892984863123093	31.296322678225007	28.817662122189745	35.990489414691226	31.929155191444387	38.62609078897606	30.732661699087526	26.782498911333654	36.84015052190642	27.41539992910287	26.81613238215714	27.114781652628483	23.66618669859073	30.510186766768243	17.95416158411089	29.40489407183307	33.08308120615588	35.039298704963095	35.721689384861754	38.648243216448144	43.172148830024405	27.39630300898371	28.829027377884948	34.539734277495036	31.973711002451214	27.534060719310684	39.54366150160319	25.622526534432282	32.2906498486373	23.70757244212568	32.18476066038579	32.240676602721116	35.525203770982365	32.42443955689246	27.88992234726712	28.652599010578765	39.1579324786632	32.051278077278475	19.755045564788663	34.918869158658666	34.242375092130715	29.465409915725694	29.363610903487913	29.7550589912599	37.65312168625345	36.389397624291334	30.08186080965232	34.1030489348896	40.82411878474732	32.790802714249935	35.46286900183539	32.47588044633363	27.343672834663487	45.139473239255416	39.54776595869109	26.04003874205987	31.828482450901827	30.161213883843082	43.484117382098525	33.328005665375656	34.38822311608811	37.70436742176768	23.249282937341686	40.11565781737469	27.848437724008683	33.95904656113118	43.40827213781093	21.155112915939554	24.68169390037991	33.09835719278208	37.16976320005716	35.381028103251616	38.026406281972335	28.73517528966992	28.313777292621616	34.5778241633197	29.979067186989898	27.5976509360584	33.032518429391224	36.97913547831127	33.54202726658982	30.083317232888916	28.222730862471508	38.531176883374684	37.671704068008076	29.723495275709936	39.89034178839853	38.15890550091712	44.899894286235266	24.35618556983864	27.614397984153356	20.658865664624145	29.34544058612319	19.6374709660015	26.766433749156597	22.535978682561595	28.923017544930833	33.71117621428499	41.33570244498838	37.92871130271349	32.994474522212826	37.673293685951606	30.45748428142116	23.24378890416819	47.26132985990838	24.679345509431837	42.81125155467501	29.588470731829872	23.59236242674146	36.10954995604131	36.02643104613878	38.354961773427995	31.686564064642184	22.454823715873143	35.196222964714536	32.755757406848204	22.32389424459521	36.49293374003438	23.7221846961153	30.32059137567986	25.724999386223082	35.23138674585326	24.917549947136372	35.52223044026423	28.119746497401547	24.723965326706917	32.67495828924825	27.710876121404425	28.75294127089759	31.244664137978937	30.625717046109695	40.7601338327308	29.0372752920668	30.04449566749234	23.177482368072358	28.35315398616587	26.274314498086607	36.787365999827344	39.597651216018654	51.192570315462504	43.87714694262007	52.79008247900463	24.761997845857277	32.88628949974635	32.140161603938886	29.83738962654874	24.314053344940298	36.72466274082571	43.20515119960739	33.10070024658551	30.183672808543108	26.94365124507147	31.773204134080384	31.104415055482836	25.731032406225488	38.10989366793599	34.89219513459244	27.61110457216477	28.13340234262626	26.88315868216612	34.86452532110264	40.69089812338637	28.265610454713013	25.456626635135002	31.06657797865031	27.237300268058096	35.12819064056536	36.29535161085865	37.423701775108746	34.99776248813185	36.40104548860125	37.61204552661517	24.284210387511305	38.512760836256554	27.633329281352225	28.588394047406112	29.90432423230252	25.973677230266638	33.27292420559083	36.06463489367999	27.59830383501104	38.04085005754409	37.28714338911503	37.28461694611968	45.276166929446426	35.61010469526394	36.12453894652027	27.907160871509213	39.896774118511736	45.765370176496894	29.95114264049447	35.86539968922186	33.78294565303137	37.14270147004255	30.35081331436955	21.721649663733512	25.56884842500068	30.634140239830675	23.570342845140715	29.421959022367183	34.17351042694653	34.92004720372207	38.90669268643433	32.79683366732582	32.140437463290475	27.371131956846487	36.88222367249498	26.761035112970024	34.02174427452049	30.972747148706173	27.49880902259912	27.03268336447824	34.14194373525948	25.45999407592408	36.80377380520636	29.559300239147124	32.25348395941002	37.31170364572878	26.4814359805622	33.25428552117552	27.84417573966841	40.73351786381275	24.300911928640428	24.082393158507596	36.87486714331078	25.12929638037688	30.597746225125572	28.795417722163005	24.119739508628452	31.82399122620175	36.513778058483084	49.60152605381803	37.49051144597015	21.287031258153892	39.414837995096086	29.782542173617653	40.735613261011814	31.174063530976415	29.9259203385726	31.696823148108713	34.80691058003385	25.410163123648378	43.38515043142807	23.46889127547324	31.957432607362	28.242137499625205	39.79393779186009	24.887080999512975	22.049977326191424	34.45324943325754	23.88567928207061	33.52932530122205	34.51934265198273	36.65319072660555	26.525895550456728	29.015657681190596	28.249929021101217	27.356930338123455	24.344781505741373	38.85208429070647	27.397736298074605	35.288751004122894	40.63188884125141	42.42286077926165	42.62597372536314	41.57199811540067	36.65444093854751	34.75314901834056	36.46484095762958	45.21777328265807	33.34294601649569	34.683680678182036	33.67478228860032	26.21798286153623	18.953487738341522	39.77629931948378	34.58368250194718	35.276991060800974	29.66655765321403	40.26744514387717	26.726529798234502	27.800487966380153	22.43789784647726	35.33815507656639	23.792421452772167	31.26694988845202	37.15102152483056	28.329263022365325	32.95369531615867	36.36847216181473	39.086197468792605	41.41525457242311	39.23217878669886	33.01925599958506	37.93149687296551	28.559820860389593	29.785723168444935	40.16706950907928	25.642932450681087	40.967322125618196	22.706120761263172	35.08732765715242	32.75774395639112	44.77613136684527	33.84116254112602	32.027264802709674	35.22055368129651	29.900667457351624	37.45288782301639	26.273266220133507	40.66962765243419	33.274313780684395	35.76493185392316	25.890522799760863	28.25864697197572	34.822363437573635	31.31903594823818	35.672072426849994	35.1274182391954	29.427440580185433	37.620717108653416	22.27151307243427	35.36385334893572	37.942269872483	36.74764621448427	28.524260451209045	42.312771405408895	38.45593321707408	35.332271564532896	41.38528544224499	22.626594690855544	30.814508221477723	32.57838197978963	41.98598931556934	30.86886726834205	32.87158967755806	27.11425531413103	35.4463990030758	31.280570541852207	26.75929569885327	44.69466418170381	27.77806943806961	24.509130478167403	36.33404710819295	34.35189516839079	33.309248823916654	33.320184206166466	29.692889803771497	33.4900891833602	25.14464487529903	24.863070061251566	27.27447665597688	29.62060810925771	29.40669606360496	36.5836549198582	31.30624633851013	37.277948990374966	39.576724551851065	35.03747985122534	44.0190787911576	26.591334780586827	37.16146494348874	33.164968426921334	33.93895689950831	38.499232934364905	28.820652846173715	39.73948041016624	30.517990373572758	21.00149462756944	28.933425740734062	26.24577594363216	40.4501571720311	39.54298036587283	23.094930896553816	37.79514647878825	27.913577331097738	32.28841529024039	35.42656761473148	34.6801615746316	35.463238027554816	34.83390883831411	39.191869874135	31.903432941123995	30.519037451109227	39.465822508004095	27.483169479561337	31.230825892491712	36.458022980130444	33.87919569957447	35.95302356756076	27.388262179525583	26.152277042901108	38.478046217131606	38.75002023146202	32.30573112062658	22.834319740448226	41.84525517768138	27.613685750373858	31.78817450356221	21.90232565512234	54.68836644469682	23.679144970413773	33.905848384476876	35.501989911720116	38.10371272731599	38.64467587983351	22.104056137839898	24.991714444780268	29.9707214264125	44.73962133258232	33.99610366219036	33.834362019248246	30.660780261289556	28.552350921587514	22.99314392935374	30.344312286828334	25.96296774713097	31.56462089250374	33.360227569531645	43.14911545458211	34.78532477659246	34.26229020341041	29.451666262154436	24.466327440040597	28.068695230904293	34.81131375079721	35.728132584729636	25.851222560453188	35.57699101910982	33.15421508682437	37.43832983229789	25.666018000485668	28.657355905576793	29.288165141390294	36.63808844597365	38.523206143416814	31.204728389137568	46.40329956480788	23.734456183426477	24.06284602252652	29.079561952782136	33.418345755692826	32.199197559086706	42.06476907754108	38.52100342056801	38.61447195929077	22.383075576991846	29.826512109895273	28.6302261786878	34.61602076625604	26.646357378270135	40.919269748869056	36.8252709239652	29.078380345124714	34.119750539350534	33.49664293671487	26.984427451934096	30.446736076763997	27.312298293340227	29.429070124111743	30.7347465011554	43.26607854367045	30.726837739745033	28.76407096232862	40.48591272637333	27.215607713928872	28.046901310521147	31.46271288550668	41.02130701894043	37.52432772284557	33.31613391988253	32.46385227876515	36.12211338418252	22.64508416144626	38.87222794724618	42.791244536545555	31.9644356325596	30.469417710974124	30.309386715591465	27.728315131046852	21.256431262429167	39.96351146497938	22.197887715074398	25.452489059146643	45.288747439864345	20.75441266283192	53.753867545282866	39.3096739117404	24.77686276236839	37.5955254593464	32.99806731789645	42.64780470855092	48.635850378559276	24.90520976499843	40.287483451291564	34.442334812654934	32.52890483907163	24.342259233349615	38.31664339744626	36.47865009493215	35.47110416247241	28.265653725882423	30.67874632460328	35.76194882826047	38.04047667035145	26.816967347966422	26.85715168538252	26.531218499729114	29.023077135089807	21.70405506168962	28.847410348345598	34.55803591469096	39.3042419444825	29.85728588246709	32.43814613248402	29.343432602547256	31.509861271968354	25.606557799572563	28.592264545953107	30.08645579973114	35.66986336151658	42.625742967277546	31.982472296713432	23.15566466971675	30.93562898620131	22.643848763929665	38.488267605932165	33.16803557753284	32.65722407409485	32.35282358087253	32.158512525356045	22.62014483053096	43.673430784686815	25.50070582935528	28.689332244706268	29.54526353364681	36.8502641077224	27.325602592512393	39.87433959426635	38.12323822580701	24.745922186410496	38.341922674091755	23.94415792923257	22.133315056643276	37.95480044278106	37.05858794616124	34.69542673907025	35.135999431126024	43.46901001005106	31.935854113312377	48.73851951895915	23.587539442773245	29.52237538306126	38.40609161601289	29.140642663535495	42.587345863435075	36.505760245660284	32.81172601359127	36.4185641763248	33.767923442464856	34.580634939832024	25.9096433657215	42.43762199902976	35.690576138204634	34.75909862751725	34.16704233308761	29.668880603913014	24.95094320116784	28.71790174370332	31.71697184038519	25.61020171774222	41.60076384097656	47.3362404500124	26.87703855280949	31.71499319352964	23.910765152267807	40.289374642746715	32.581754760013006	36.544099040752776	27.435835102067365	35.958991235566664	33.933923472130346	35.75384866743342	27.599068150259075	35.38814032895602	29.05993519148438	33.29037422898307	29.355727641632214	33.77323361557906	41.59708115544008	37.523808701480725	19.85781675829038	22.079742949645965	32.7093678138805	41.56553457354494	32.054811919055105	27.701663595360582	30.429642064248466	16.45729541343445	38.98227194791728	28.895084573716204	30.493988518576252	28.429397965711868	26.37172418236201	22.712960527373905	29.74110982990787	34.81566247823714	28.029897836682224	33.16087710443809	33.54082197697968	36.9240226226845	37.42156910063608	31.960109102089913	37.1905059563821	28.597181014950262	29.35589349607549	27.36713914029747	34.352464386125995	27.09580407351483	30.562734551645505	32.4460913716638	39.85471988793353	33.143467191293105	39.10906752170284	35.075623977051414	38.237354066254305	29.438663993010845	39.428524538299854	31.279209982122122	24.667398338071706	43.35154367402269	36.93292559915892	31.504044108441736	26.79006519172509	29.190853321977517	26.594448060337765	23.322718237532875	29.791455512965697	33.11752687964535	41.04364911474447	37.21863642027273	41.38396631500395	25.291347920077204	26.25971085292365	31.138694704430332	35.0966460905857	38.06280184819544	27.05956733102655	32.95294759030597	38.22137258023263	26.035850155232158	22.414320657142614	29.657320812572895	33.20252820828693	27.41508355434933	31.741114146054564	40.049048818164366
G10	36.127850906306485	35.05246320435379	42.802620003710125	38.77906756014705	32.77629605540385	30.05090736137596	38.98118670203378	36.573499433088976	46.575347247452335	30.46498122135623	28.332183053995923	28.59283698218596	35.68996081567956	31.59946915518191	24.58916182764569	26.4731875628806	33.56960576393667	29.34786606323727	26.59615603745323	34.015140542060564	35.16275397780781	31.058012377155904	39.589214242409376	21.515270333004793	22.70691383031438	33.499488283605594	32.877043723295216	30.460766854327396	22.037257174048534	34.96647121094559	26.09683269992589	29.072262377958236	21.288608786019523	27.95847088013724	27.956568348049114	37.56338949004296	22.622376156432434	29.98974488738256	27.34099280367033	29.07358134765698	50.420988884502144	40.953717210496826	27.784329513167794	29.544170809176457	40.18703075700424	46.38767220187642	26.555287537208123	35.401501591854476	30.972025601289616	34.60634282103267	28.409644471732385	33.56929435216408	23.56010647159951	25.599893451859714	24.35927845533421	23.455487680665573	29.73591797423172	38.28532491661355	35.29996435670692	37.852942011872976	30.914808672608228	28.42953757957533	39.803447532559936	41.208668167591355	30.525989521519133	36.04081630103201	43.54908198970665	39.301122285861375	28.186933336284746	32.19224080426625	36.13050989118952	33.3402890066863	38.09230232206036	25.476528191658268	35.17698160613443	26.23012143461483	28.430061603310303	38.78362501146158	37.592981426534635	36.09057127964949	27.8054585104611	37.186900730956324	31.30406284597668	33.67603389331402	25.900879334285285	37.174981955783	33.109928950886754	27.461727160514076	26.690304943291117	30.83017478124377	24.463449055962432	21.40517700028273	23.78761569883472	26.71710367606941	31.307066032656852	31.130963175024206	36.76394043746323	31.651861882230264	32.678644012496726	41.82687317081628	34.50372874350318	33.295486673752386	39.95148525554376	23.470328631264906	25.07568560401178	22.832163553220706	41.77295751849916	27.13508817778741	25.119153185995202	25.930814173435145	22.205182035628603	33.56417467075066	28.144839182182633	29.956174596417476	22.802632241888002	35.97881064594229	40.9891111448741	31.664522631368552	40.71591366068858	33.40780697568368	28.332786900646926	35.043207168319334	42.53397861407345	25.755008252410043	33.614433896900614	36.366381288503725	40.1409189303807	26.55410931005987	23.22988196301649	30.134495198183387	34.47239053204056	28.980320101447727	30.138604568414117	34.94332636921506	27.666119217137265	55.304692896132856	21.13589045889518	39.0204903320406	35.75020531002163	48.55805314054825	35.33631737068289	22.552616903242058	29.302101485043195	37.707032532621525	26.30186358959318	30.704820617647236	45.689587203860164	25.51834881228311	35.55080816673227	23.829045002624877	40.187321828246375	31.830430071777503	39.194170231436345	27.812304463931603	28.59372640567157	33.42504091691057	39.56868958381404	39.9767496767783	39.14848754999596	33.77915185894804	29.460962079590875	29.807565806332867	37.400743438293745	40.86045658345306	35.263854535840274	32.547237605265956	22.041685863655214	28.53600541439096	40.456398058843085	38.47565143673255	39.10002014262367	31.740756247713826	28.423638948410996	28.482857413789052	29.692561924870756	23.706331218131975	31.241546277436463	34.41765192783967	27.633710161125162	42.95518211948713	27.34683517182385	34.6346338167544	33.33508128525261	46.57822418544556	34.77375858048618	39.75360360465449	28.403039472034973	33.970943143350084	36.18808653567927	35.84609374096055	23.278690722486548	31.08583233636297	23.022169561898238	35.829046527177155	31.606151506006924	43.333067293219955	39.593312770230426	21.594387102861983	27.69229012190891	26.872687158736852	40.67487518370558	33.24662008696131	27.80810982904056	33.59478976068066	31.707164032682698	33.332059882046856	32.85706370077055	31.29806079161064	28.01763523122802	48.74632596822338	36.497204194447434	33.601151652352335	39.88210863703837	33.61532051890202	36.14556985193745	36.134622168194966	31.15727993899445	31.98036800793169	31.024293384392358	33.197482713993566	22.670903129230425	28.4511382765626	37.25043278353155	34.51504620519222	25.78078950133133	24.80383591736428	41.546695957187396	32.74203370314214	33.30749362324137	42.807887410568746	35.29630495840561	37.485964501253015	25.80735605827265	21.136794413426948	38.735757643066066	40.9260196299776	24.14441709805311	30.24050758855231	33.697762148832645	24.953764279106394	35.57544211862198	28.705671821180054	28.338038855769558	33.687759079481026	33.55026942353297	30.98994988522894	29.876640366357293	27.280748158266334	42.81397955586241	35.11106474847471	37.17269476486825	38.81641482512723	24.53367508325984	29.15721643605263	33.26335209425067	31.204182351021192	33.65442179131522	33.79136826699374	30.131883310288455	24.26303136347481	31.384778245896147	39.90390073980746	25.522494526412984	21.67712730928671	39.107129928812114	32.86357511152624	26.534435117522158	30.966958262727136	30.169046792488132	20.89626424047882	44.61247328940186	32.93124111773721	29.884214408033923	29.857023896144053	38.501143623951805	23.849379775538445	46.38599251215013	30.194623074093798	34.56777567285275	31.0081395002244	29.54607719499801	32.763525157500844	25.515525940020623	36.135967031320746	28.97130516731194	30.327249188328285	21.53309535094142	38.66125470503646	25.506324013877126	28.386854330813645	23.714848049909246	35.66492585129558	24.78157785348188	30.89095866969751	26.45612528530197	43.41900152619252	36.23308209442223	44.32074950518276	39.514974274919076	26.371443267344816	32.802401193037134	35.9023753427368	29.407335876762	38.40692204149693	34.3299105409367	37.81192340065338	38.82724441294504	40.72383692784309	45.267143653400254	35.31212647947748	29.43989255528344	27.202870201611095	36.54428558668146	40.54288244976065	31.51140072693603	25.852114602575597	38.61243687814722	40.28756502228312	29.671742397265145	21.733768741558155	35.31314854846233	33.14211781858675	34.56805793177458	33.1577061166942	33.843080018581894	30.66590218444238	36.59205445313339	27.112047165702975	22.92504294018586	34.14032520322081	30.315327503414455	27.062632242834283	24.24896380314076	26.92094381561707	27.013993093596333	29.339579877204375	44.146053491867725	34.96886686180927	34.064381125910224	29.82276339085645	41.10698698715451	37.46851645773508	35.622974831286555	25.31265442598599	29.417398805418525	25.075112120695213	38.923535793481044	27.4870163980828	25.070468088483995	29.975976222173013	19.957565362417032	43.28245828168946	30.826209866330515	27.041000543549586	29.305303936761803	28.435083653734097	26.05617304985157	27.095590519845366	40.398483641837046	32.62197368843055	36.14104370085972	33.655743688423186	28.02113478769484	30.748401449231647	34.06862210686873	38.560742804969784	34.42679541387975	24.511411963791954	35.63724441952489	28.892625145934982	28.744183558804956	26.415807254152263	28.366070298208992	30.520989178923898	36.41274813428942	34.35612768879191	32.71952337531848	43.15484242517602	29.03171361513116	24.62302036601068	27.5236144314982	39.971016338371705	41.71504141972648	34.41080934006669	40.74070919504131	29.174298022763633	47.7166331667809	43.18311373159893	29.553217200679512	28.48365126971648	26.709977075219992	30.502614184564656	35.91257309822097	24.334572185020285	38.59942092937941	31.208506764882827	23.860322159610924	39.40895957830888	27.370410590612114	28.63620160417143	32.16870045228363	24.871689231615804	32.479627922207335	37.78089970654281	29.09268757683742	34.434904168427465	28.839782431777177	26.816424798691173	35.833898035594444	33.89556020894973	42.32090114428619	40.79590194858672	41.30225967581363	38.95050676106469	34.66275968737883	23.3655339044581	27.147519007233694	36.43772978346484	26.043827772549662	35.32763847309883	28.266030468236774	22.45887588246229	40.989303830289884	25.554227874088895	30.22563920994036	24.904725943191778	37.009217764793426	23.23459746416208	42.45849717885411	26.692056863724392	24.599356103054525	22.256364347399284	42.91646630515828	32.41724037306639	29.37235719713208	30.179570078469787	40.87169673754706	39.14952717192727	28.948477764082323	32.624564327548974	36.39083991171915	27.773872157608317	38.158522230861635	46.17287430577494	30.569375117529063	33.036327868393144	41.83920617138882	31.749291168272457	26.297537953183834	38.17960166949958	35.09082890694417	32.06259306690808	40.353107003049445	37.90626301931217	19.842466767281667	19.04099554951914	32.02086524103731	33.45393130480902	40.289127038039474	36.70957050928827	23.651857304829193	28.182203962888146	23.675814671322698	37.48171612845777	39.870882298196214	38.19593125374242	27.1757082956773	28.148275520078993	24.557250226583694	23.711509505478723	39.57752116105888	36.10840839478046	38.86654641693742	44.77168448200904	33.22808458310031	22.116337290037038	31.366493812347574	38.5795595829537	25.395938744372753	22.918005940828547	34.612650001618555	26.102918822391995	23.761270303683133	42.03106017522058	28.551069690343187	29.945241277912107	40.730735240609135	31.640005359232248	47.75688751531311	34.43082065743975	30.22083852090964	27.217173353597165	32.13512329308717	28.13376629888167	31.57550867160601	34.129688162715446	31.30758605641055	51.080856891102634	30.967843969575522	34.01757505771073	45.59162869835427	32.56561304487701	36.449990930171836	30.393744468852272	23.290642256247533	26.48232634584717	35.63277816730532	31.632766728085013	27.219886211909653	34.69276253994781	27.134462327300678	27.700414121599536	34.141293661700985	30.834944291015145	29.46281711259033	30.088408645297644	26.810203065579262	30.66251622666837	24.68126711675191	36.92968719371943	32.60419646860109	27.368353125803555	26.50238057357728	33.96547984311146	28.73378566124631	30.01503427669395	32.52436024835144	30.355240365258258	27.809841642093083	28.460314900919855	24.824653500370427	22.28962178760419	34.62578966380136	23.044714774713526	38.53632153788708	24.95916221626937	32.07425599178715	34.782977043689044	41.84589114850008	34.97646946167216	30.214989362890467	27.567771842382715	20.619459680159895	40.1338832642215	35.07250985501335	30.72771319877814	33.766919846239844	27.98689303903642	31.060335574874042	47.62784397906422	33.60664645801399	54.1676480404435	27.004572763911312	34.89168871381122	41.72633661223173	34.57944175340362	17.626265563528104	31.78744331394034	31.172748780028794	34.968550814529	35.56972214552451	30.767317984118872	34.894521492923786	31.00106688684074	44.313925033489895	41.51286440164041	24.565218435427994	40.374430827658365	33.594403594034766	29.762381792968213	30.05168195936162	28.056046679831326	35.352320880754625	31.719754223167037	31.610658225686947	30.9296302330237	35.69622937292994	22.746290324084868	32.719849405432875	38.107387841222554	32.07839010875766	28.53729443070339	37.983839445264046	26.78267931937404	25.79212212441397	28.039726876293628	27.84011881705912	34.675402421308505	27.294183848675857	29.149790383400934	36.93507430856147	28.34809889233632	23.444695873196668	33.30865494983443	26.148978131832678	39.153141731592726	40.24556110088478	34.89010953830724	31.575789378982833	24.53618054154535	41.83538646408517	21.955049510304953	33.41825058869555	33.124209633406366	33.21651950943174	27.04384455355388	37.263216587819365	25.14275107627202	22.140900509301837	38.28903285092765	26.23992745709469	42.442014950312796	29.86607466680587	46.75993927839321	37.740370914999296	39.000090386663445	27.970332784117662	29.646817179802486	27.92880055129337	29.53346283702357	48.950162381806145	33.376077806871336	29.26835382159156	27.901663052682114	43.766724994353595	31.321808144895115	31.09569877886998	49.47415211242791	33.362623310961155	29.628807596344313	31.612382138151844	36.354137237233736	40.15496614152905	30.294053716243422	31.445721574826308	36.96874315587248	40.388976874358285	32.07065335073395	25.45765062049941	29.07561849947695	39.06543449484805	25.253562269661483	40.928140294807946	38.75837864507063	40.3748050290731	37.64618874410019	33.51448845820814	31.76292505350756	31.350841031801522	23.816394186747164	28.13160133623366	30.24628712803078	30.594871260843455	42.42593212151002	34.38840399979297	34.857531163632785	25.631492665730388	35.403821688892805	28.025763093707184	36.33708286002778	37.42274681590121	34.518709699084404	33.53405376706348	49.019617958617886	24.55626248828734	35.87451255283838	35.15095591483438	36.64628901713349	33.075061627812794	27.314249178748035	29.758992229592877	23.475570119175806	28.8073025446906	31.200250801774015	29.250762385734085	28.908950578538327	33.16651709429729	32.06402542058927	33.54139788424864	29.753393549511376	32.40018742287949	42.57157151417122	33.92115120261507	36.219336243788796	27.306136159459292	35.38064193616534	30.01894994600425	34.93944131383394	34.14223110573524	31.610355464105663	34.47344161012744	32.90809657118967	39.812223482318096	26.572662874053773	31.131738362722036	36.008737158151064	29.286929863811686	27.760799786920142	25.70864417779643	35.61029277670686	28.392609492458092	39.79491578442605	30.40781408788115	29.046987689420398	30.36763770438095	25.49252878647418	44.03193302768942	29.6946810105051	30.594858927322907	30.039094729114236	23.67498134804447	33.38381752542801	30.68185414587606	38.500762165719806	39.35711186181509	31.47610861210234	27.951429836864573	43.2915277448125	38.48722581143188	34.99545783766108	36.404673746813714	38.41594143969995	31.422606398184584	41.545900009885486	28.60828554753251	32.940064607365244	31.907623966518766	37.072103352683385	35.8451244615933	38.170104496802054	30.115568119169268	24.55778507597163	25.479115036125272	35.45360439002837	27.81269111651263	30.35335882805173	37.31730608889184	39.809691811054286	40.049054718255356	45.79230740376368	26.260549512782116	24.63594518263598	37.3051188049949	43.03863040857517	37.83652250375148	29.108240823354404	33.81571171852361	28.54758910349617	34.96771227380796	31.291258830490435	24.933967590137744	30.647678231949158	32.09893498441237	24.717524364781788	31.461943384000236	23.901699972093997	28.78822508480113	27.71689083583169	38.89652278323299	38.92559051436893	28.523008378551957	26.727151776504922	28.85173573777775	34.64726869339047	31.456278402966852	28.577830564374068	39.654008841430176	33.03746905820413	37.97588514605718	26.835987062259896	29.45006736395086	33.892689127537565	27.946328740546033	30.368947761971054	27.654256377291595	23.495722016061528	30.967660631449743	34.89021015772931	25.04023032519081	24.85350193520828	31.370331051833315	31.09027989581114	36.081188507080164	30.54029503632434	23.697953031834796	32.09848944789595	48.925369596459205	39.103826804404974	28.653702325378465	28.29555157656749	38.737763289164356	40.15782841185477	29.094003465627	32.639727588905494	37.892059677664456	26.74018678981973	26.90189512054234	26.40355591175719	33.630377199722666	28.360489969964704	29.975049777282848	35.0558569475866	34.92973179244949	31.04264167544708	26.502052727724728	21.37730038998019	28.748422591855245	31.336103888303228	38.90225171925754	31.80064996294566	27.948944224345606	29.43307397365604	31.327091748152338	27.309335529429905	27.78364444841554	30.22015552897466	33.01711289528792	39.21029046156733	44.125157474697325	35.59939021550429	24.811004972621806	36.021055702295506	37.422235504769326	39.10752856694278	25.637471099247175	35.07840394371492	29.64028144980963	31.480331659031993	32.49691936498209	28.75288016170106	27.814565104561062	33.386060406862605	43.40270737356744	35.917904185283895	24.738705313978382	31.86516683324823	34.976954943302644	28.966371690439846	24.862991854760974	41.16211944954307	33.154485334665395	43.44174436557185	24.280711971464214	42.03029174854249	40.38838072357631	39.73204417850809	30.087353232483526	27.6511445155571	26.798279207032742	31.737175413736377	28.01065564483582	30.689072591076787	28.545250935821162	40.659169594880666	49.19528612281286	29.987496746113525	27.274346846244903	30.610721844243347	28.986669173830194	39.5055176789424	27.059193105910133	28.035963317170022	34.13143177616285	28.442473705120257	46.89672711202784	27.498909623034407	34.12366194623616	33.2201383013453	23.282600413864937	47.10537107328628	27.5357510446833	40.28297705314164	30.9340891654058	32.41630218918119	44.07317679437153	40.391974600765366	32.84645851224972	44.24505406953956	42.426131100527975	32.94698565482744	29.956187335487027	37.432436693935195	26.398550954113343	46.409575832768446	46.1380217523434	30.011878038023667	26.722428207063288	34.571532761751385	24.79647453147638	33.847003994138454	35.348792759711785	31.45117174462153	30.642527677761603	35.66336499499801	29.895171051024555	30.415355034492737	26.657811251313245	28.775035957791292	29.48871202726057	27.724439596600668	42.72887887712716	33.55887469889275	46.00168421717093	42.69450526869667	42.47225689715408	33.28023018721357	27.764606262295366	37.860216767749684	38.36273542407733	40.00594267074185	32.8672113926342	44.299150122583505	43.270441668159606	32.65663345327194	40.76336014209026	26.832757291290736	28.36434236585945	23.82952070935117	28.07681716038689	29.896187260731768	36.343882277588705	41.40124506825603	33.71447224490842	41.68622769955813	45.533001658831225	43.647133019470594	24.652957875491246	37.40621238651832	29.84866209674723	34.228875365573266	30.06790425660652	34.31978040419847	37.14176020162396	23.38219142995144	24.788506346484297	35.53029483916462	25.620877713591657	29.326082217207247	24.43105959353402	36.9870373290173	25.290636363385705	28.00134990985224	30.508071506732648	43.236250924183004	35.20165071010989	25.905611136019072	34.2532534962355	32.931285345254835	33.65557368240898	38.447901045162766	31.9653067154489	30.883967675156406	26.154398371963087	30.443442869822157	29.83325873607404	30.076899204256648	28.628449605337856	42.385511073309175	35.28122611243654	37.02062950412443	30.27473090198325	25.892572963811297	41.646502405189665	27.969238578665447	31.747984095882614	45.91388778682046	37.19904660443554	19.54986446160455	30.489970337804085	32.61817896991424	38.71684494310035	33.95505395511828	28.569363178245926	38.6394881156307	38.654408548136956	37.888168538099286	31.860553761657744	31.666589808699555	32.094616976769196	31.756359961988682	20.82980544343519	40.442684132307164	42.33856098955819	30.209028435255803	36.8546033358466	36.515810996089876	37.06421017936399	26.15874370481085	25.782523024895777	41.35420902312561	30.376335626132974	37.378069927522496	26.557080067962858	36.072764096901295	26.796821877269988	23.219523530139796	32.70485952719844	48.242448162749405	42.60444652638965	41.656201427293546	33.72847975769286	30.304564309390845	41.72895573214145	38.16740860896552	23.93646985885358	26.97796852392453	31.403029828114832	30.55953866231707	25.283976983433273	31.13230298907283	30.901855401216835	38.6343255782394	28.746222454323398	27.068096932941554	31.55905709320525	32.64346317490561	40.00118247409465	44.226227417695505	48.2796847969852	26.464458081853785	34.574189750258576	36.359701126109414	34.052015035859725	26.005427264595124	33.8092383352947	35.55904476106982	43.59059716227121	34.99803030292056	38.102368472174895	28.867003240840425	35.44952171732308	31.87743284980346	33.40796910499955	31.348017717529007	28.762894329137875	40.214527435261566	44.54152134351044	26.78716768998654	29.101322800808237	33.361452126251685	24.409541406623198	39.96816634477524	27.951098900492454	38.38941226654726	40.22991808150072	33.484390898353105	35.82440456165918	39.652250072765796	30.651096694045275	26.763384348486063	31.145982305048058	37.91343868565113	30.772755221729962	33.81575967448692	39.77742355582775	31.542112143128197	25.428765944769946	30.653073241946828	30.047180936104223	23.56153495815663	37.10124489481264	44.25504612661433	38.27952910230631	35.19911127344266	37.26826721695578	38.84448270120025	36.04018638029118	32.19930460705549	33.03253478270935	38.34003079627201	45.08600785265479	33.96507336709705	36.04885163279037	40.234226404248005	19.449539441526866	35.105704849467855	25.653549383624576	28.524597791823886	32.65194393103108	29.15009631614742	31.069607087535676	26.71587908347531	42.4014020524051	27.100692083666733	33.918514501016176	33.01672375555208	34.46135928917789	28.348492998580827	23.561444760810964	32.99325842703537	25.33958004356024	30.583179338625136	25.476706644998146	27.624039402930876	21.61459646705128	29.110769421228948	34.76907424021898	33.776706006365124	23.783359145329975	42.71955327940781	25.63917164528782	38.067628167388776	45.03861367207032	29.665821542204494	39.50362442062666	29.10490315660582	37.82965695664976	38.25855891104407	27.135025379854362	23.874924371544704	33.275273613999026	35.10306148803622	33.47651572557293	28.604888637664388	32.381886215989155	26.947421540483287	32.360422191910466	30.648847378992684	43.102520018575945	37.94930663468785	30.462176975921988	38.77621847649259	31.20929265956778	33.91655664569808	33.75640965103191	32.72002997335373	28.523861938619834	38.71685752639271	38.21763183087774	25.956062470216292	40.669161157377346	31.624558545366945	28.173241787253808	33.58005335492805	33.97726482567495	21.88093073715549	32.46300351564906	26.741340667345018	32.63744948661744	31.705984946377914	29.5856153437846	37.06725067860156	29.64379856768468	29.73010189596538	32.87301776515628	38.62768053347836	35.103553264902416	41.77839452481601	26.720885759810393	32.41207473371949	32.0134489629992	28.63487804756292	23.907928853017527	29.31669132908449	44.0310363167047	36.34472368175025	29.913530139430943	23.3553065708819	28.27898792908903	31.165151730241238	39.42512284495995	38.50739783461677	24.568723392353444	31.796962562918793	30.944014821766288	33.88667990806196	33.23961354045058	44.09454135716812	30.80772388448786	26.48732270429316	27.18918785231019	34.34311861427852	25.742149425386653	30.31725713722459	30.414533091042852	29.967400099290607	34.774964812306614	20.279929971500295	28.934044263403422	27.741850504640333	25.218511602384023	33.10152683268173	33.50251582718897	28.603979759531093	29.925668288232302	31.507764644597735	36.94034516251678	28.704307704670807	40.96381997513061	33.611803691987255	27.79592940457759	24.2216310386277	30.093657059860334	35.00876257021272	25.59738080794389	32.45866021391153	37.30952644084699	33.32924058934881	29.624469037683706	48.48013449801503	43.27624411682923	23.39048406370834	43.247788782242395	27.2733969458467	33.88641315493111	35.83259547333402	25.715185051007257	32.470494688568756	33.44408903948601	25.215562948887534	25.409162026536684	34.28275062655672	26.854333548326224	25.443360925987182	32.27680184925637	24.221923483910395	31.08995984034452	30.003589862277284	27.958860843570168	33.481727534835294	32.44095881629063	32.72333106533014	41.467776057358094	38.47651418109286	29.044305762694744	34.156610348883184	30.563601327916047	35.210325294431776	38.059844779668865	23.870564691168628	44.32965676316396	31.46916788722141	37.927811908019535	41.93084527819961	37.140302741278404	29.29203455776397	35.50057149837638	48.642382490865096	26.154872499111704	29.427357090651064	25.194440122912805	20.947213850236178	35.47070272228612	29.783639685057103	36.37981826727019	39.764430843043435	32.74719380005058	37.22733296514448	46.771883962430074	31.87209843790855	39.489334909709896	29.549162210749504	25.01430327552734	39.22935355882344	37.66241657956271	27.93510023548102	44.20381647143978	23.535803280506997	43.95684745614622	36.53181454916338	29.127167741363216	36.18810199818191	33.91755792053256	40.11138628492683	32.24748369849147	32.87491869351609	24.74944461807465	30.41366247852925	25.9549316979657	25.483517013082896	35.901494540912715	38.36745693814858	24.815398935067794	31.72935544932055	30.477139226057183	31.501317860985353	18.778487692667376	39.60186699256846	49.93146613933013	36.27849334624585	31.99305176073831	28.750541722602463	31.40695896035118	27.21124351408377	23.964046229588828	33.84281034125279	30.039506152208038	22.178814513704758	22.787112285292682	31.417126645192525	37.441957749181256	29.623497576479117	33.95906921188448	38.04777922231571	32.72893971721778	45.653680310231245	37.74059983854871	23.503485394299613	36.44753864576099	33.60776133729111	30.888736696427653	26.01274783477749	29.991330439561843	22.528332571913033	33.787179863745465	26.145811255053786	22.957627979833244	28.671654418533812	33.041927779099744	39.336654846932674	27.047110906287273	36.750839500227364	33.319717628814466	29.338208503729444	38.989788184132316	39.784066521614015	26.90711510848009	46.24781877988444	39.31461943701691	30.474524080574135	31.62807205703097	27.687665612024013	29.567753428143696	36.55689244689876	44.25256598681403	35.14965476144525	39.504094439098644	37.04675674652507	52.38644553872827	32.3676804507153	27.619685220850922	24.52159820491248	27.595840322646982	37.691531289640984	24.159385303769977	23.579422523312	24.70130351664623	24.46510087275862	28.43152950176571	29.711535682433478	41.69629089311053	33.7670381766463	23.557463043616572	46.269842605816116	37.234696397694584	28.941535693087733	24.821380690738337	38.163099676088414	39.713668748691745	42.5134457537436	32.65708035206673	36.216836627185536	38.91663746654997	43.53520870146958	27.73822963899752	37.16197650424309	47.633727731955595	38.400013233963556	27.070898353520295	23.982085793236745	32.76847456080254	39.32152424501387	45.824006410358635	34.37952448854459	38.41979626498451	23.360934251262233	34.91423781017683	35.87978112855147	33.86246231033053	44.60010936649353	28.796489037859253	47.56149522963905	31.524740441875252	33.29632458292369	39.0519462804955	20.487532387952022	38.81520542474919	24.570654572609218	45.69165899798752	31.497549360110057	39.4056060663099	26.634632206827625	38.26299295058907	28.377836336247917	31.412978049817482	29.754709441457006	36.02173644116155	20.96342237350316	41.69000667810854	36.89667237847198	31.078542655400252	33.65413240134499	30.32685809350844	30.126310087962633	29.162722753949986	31.266963810450473	39.583969928387184	28.77165930485374	24.727618555101472	34.814737485750264	25.442979307722425	35.91044450543971	29.37030269560351	34.03146117118835	29.926020410285112	25.928361768450326	36.076565044972845	24.63511215925709	29.315891820792228	35.880109315487125	45.21052228220485	45.88151764171879	24.020322730562647	21.091849853114045	33.1573924942091	20.2292106330761	34.08247079655288	34.190923137437196	29.602691353755933	33.70248595484212	27.248158997103108	38.82157609394246	24.42986754235822	28.39505795974909	30.83914403068842	28.470334487626133	34.45441427575824	45.04476417583965	27.039180325949378	34.68651258892872	41.30744318794225	22.642859677064052	36.84783390883128	43.98150975871639	35.449118096858996	16.778909003763722	31.63435903662749	42.55813286232631	27.41809853014165	37.56840643261726	22.84316357723878	34.37094366725469	27.37797557195785	35.92220049135728	29.690090385415168	30.422500176708436	36.545637741589225	27.458119461211236	31.7869521160938	27.78434862115476	26.684296278574454	34.326690475675676	25.208049892615904	35.22532747451744	26.168267304856457	26.780541534054592	37.47026119359181	35.406427234536295	30.307627010095107	31.79281812266318	29.224024625945606	31.962751103430715	27.745646928665003	31.260593008622497	44.690281645264314	29.56702380534485	35.9193800588684	29.014685912967668	44.98473736798133	26.56922083618077	22.446821756067006	30.303846687230678	41.200455889906266	43.36826078092211	25.878828716300895	31.055168041561515	26.559186951927003	27.136055751757688	23.652110041487358	34.61681321685069	29.49854242406564	31.71454634969476	23.162994569269404	30.95539206685782	35.352690870580666	40.397377157558175	33.70240235693813	33.3335657325014	38.26873669551916	40.945981072795675	29.03755523760552	34.836029686241204	38.19723195439173	45.925205870243055	34.88181664585153	29.562477856382664	21.864956198199398	29.832942766028765	34.776809176022134	30.871390422581882	20.77557741309761	27.7853063565196	42.517731061440706	38.18867985223538	34.70624481844463	39.58674812815258	31.985322061829113	44.08777424142541	29.348504709481908	42.81447461706681	35.00917385987065	29.07346788863719	23.75956537505244	37.67444593722567	28.953035795963945	26.162840521543263	26.543534074590287	42.0598361670232	41.60088903286892	26.547985585063767	28.265770878075912	31.473659186032613	31.069936003768614	51.989957600913115	49.580342724774546	28.03377019947689	34.7317366583314	28.84819301272643	40.19344170596125	34.4044256868663	35.74010092943202	31.49433383834151	36.101976814401226	29.842141170608997	41.76134768624485	34.041051178066496	28.38352381448297	31.57374741419622	39.067515165074376	26.74771250332763	27.163155436434142	34.26191873677437	34.87135681692555	22.53511038456851	23.738901863048074	22.141425926153804	32.77985999055347	37.73744595649122	24.613284337116042	40.1099544169368	19.743742334949687	40.41743679191965	26.91510239858948	39.02211394784328	39.46097891988453	46.72779322216191	33.654410178323616	24.22952818652281	31.754211999928977	31.27768136058429	46.14203678163585	33.99859979822721	42.9416236366924	35.17567038241372	35.06727051093307	32.75882156008543	33.002771430287794	28.586744337712553	33.464170440831516	27.20205984509805	23.152640279809102	33.46431455978095	37.47562458536308	42.31581468735717	32.38628606601735	39.24958144739159	34.571031586295625	35.94244027190732	21.07567951638833	47.448770293509774	41.96481901989527	36.35398960590953	39.259047639399455	36.79478112987071	38.3798085591525	29.43097535883959	34.50723586691159	20.9225359807432	32.65413748854566	27.190043241785936	40.03533490443714	29.754893687897216	33.842688084757526	40.61264282567802	24.266036648513982	38.63513034922267	35.65735861123131	33.61175472324959	39.5499062728161	31.956620258370908	27.065280339748046	36.92427934988833	30.84799752176969	34.03862772895671	28.231554298065603	27.06381248358627	36.18387993620058	35.28130104609042	22.564156944154355	22.76239211927537	34.3594151893976	30.3385248318262	29.645400132012025	23.094972466804965	34.016773409882816	26.61499224008749	41.170179223582	45.83890591998522	28.05583864584678	35.52956235469382	42.481946586160404	35.175920202891724	40.01115319445524	29.75165844656579	30.66079698667721	28.544079844131733	22.29064453439576	29.425793749898446	38.952755403191155	28.32872833286358	28.241242365967327	36.014587440491525	33.19876086838309	43.033383058157646	34.98624932123613	26.64662063084742	36.58963538707296	41.41692218003045	26.51112530044113	32.040553230343455	24.78255766577584	29.080624602048932	31.786670205712714	35.551430134878856	33.163624033092674	31.486088767997547	26.377622936547194	30.315418175274942	21.777164401750852	28.019637484451174	30.599436322458853	41.90504308164592	30.693319536229822	37.3193208760567	32.004015478164156	35.9132339527525	30.817213981308495	37.215730900910124	27.781700308050947	41.050513512350705	42.33750444886106	25.416946082949572	30.586695338499208	34.27142129490698	26.724666005048665	32.020867629778515	30.716162935904006	33.569641535848085	28.42649827088612	25.249266491922242	29.80444460418645	32.02898300466305	37.24673128310707	33.73175535580244	39.78048031836488	31.825194924689093	34.9040783018215	29.143836090528264	19.736242224187592	40.17754865954153	26.129968279255966	22.67858668622929	30.219928042489563	33.18140003893391	26.30010807476803	41.58938754480323	26.41891590361552	34.647827477567354	32.70035438430478	36.18662730879356	31.270077645278366	33.83369334703808	38.59426640871964	37.85302710469651	29.858381441546772	28.7656006122226	27.12978274886113	30.223992354936655	36.8315956929418	23.03942698624489	35.51573865734635	23.580631669013044	29.79487104005887	24.065085177280668	29.8466149908012	35.414066655309774	32.32953178276135	37.806110512046146	30.072763027530332	31.955888102271455	25.773467252115093	23.710337768948108	28.21274727220767	31.178482372954942	34.16389983840951	26.01812210985716	32.174138958915144	29.826796339312345	39.69646651840002	46.848457778874995	32.71163464076914	24.737217228848376	32.88410529673936	45.013141662067795	28.298806530760547	28.55395644505047	29.23748838187599	34.05749061222039	33.10666510968006	38.141643462089604	23.45571467015792	35.03410866933803	24.748316524698787	30.418629230274867	19.811908194929853	31.41658553909091	28.40215427012806	36.92566023292223	25.802712128801453	28.26546216263985	34.95261976803963	37.049719821843055	33.99432929285067	34.95791971957696	39.16608150293878	33.60001850570745	35.67658682353812	39.8231366406497	28.050786506794015	30.83882708618121	29.62615513443746	32.39601752468739	30.687220164314372	43.76185985607213	20.475029691702176	45.41484608673556	29.2301038548268	24.58188028736149	38.20497206656104	30.555179376907315	46.83893317481819	37.6153782205648	30.94727892912859	25.044930986916384	34.75489218165356	43.912920705458674	34.31238400151847	28.092486827439412	38.12720478800411	28.082150052856726	34.40267107400089	29.96944172918465	28.980045459889244	26.74862099937449	32.146130231416755	40.74584190500426	40.84775050196566	44.32855838975283	29.161688597911944	38.10425672370633	26.460364906670794	29.899785125798815	34.94529187168113	38.94369445227114	31.377087627097655	26.733954766832586	40.299057144053286	35.652433034255665	41.26940945247138	29.752677511726013	29.6663325677135	36.0725899457868	31.370564232286	37.5311699703735	31.78681681221881	31.285765217896515	36.26509798178769	27.205345986194292	39.473705926326346	37.84800490363462	39.97138033382859	36.20789957873358	34.63378126114195	33.89794995952557	33.124419569962626	20.048851947292256	36.34082072828468	29.97992826825452	36.19406500497205	29.537532550838648	31.669825615747783	29.72598210712227	31.281393089343698	46.03016037240579	20.498706587875844	34.185932351429784	32.648483080653314	38.673426543716204	30.22906350752092	34.62197799797064	28.984441258319414	28.803413302961317	29.985246980503238	24.600944124134855	33.49862146173846	31.56620433177568	23.087926787546927	21.459850222114042	29.33659344287703	29.65546938848427	28.082959923061395	31.820444712586628	40.723946532562785	34.19187827427558	31.55960453145585	17.794630953305926	26.979590587666493	42.90581819245149	40.618559581364686	23.70977971623057	26.678413977076666	49.51016947784682	28.202127081347975	51.51972240402396	36.51308751844578	33.48550217993987	35.734658429593296	38.5808162803544	42.29293270386138	26.84395050051676	27.328774385709945	29.57513835770368	24.013428572974583	31.899876665038178	34.888986545203615	32.352183685638224	31.66501854678815	33.87940167192093	33.13321650614496	26.897293961804582	35.303403430269626	35.28284870917201	38.278061956892465	20.734717356596015	30.863410060592336	41.73274951008704	30.07308294985059	25.64035102656386	30.040913648812268	37.9163254902778	38.73467563131931	44.81909863419344	34.092767964139796	29.18654203259991	26.260477584720775	37.08921415635725	19.694955691605273	23.879892556723195	28.74112560519537	29.82054847680213	36.931280673237154	29.065142358224765	35.77670758741652	30.386470673582952	34.56207103532043	33.47746178154147	32.97312259441657	26.851420658841	41.604572903957134	45.950383972431275	28.80291852028866	31.156649099117825	36.630787698040834	28.075040866957014	28.25921132183015	28.243713376502317	32.99396088859198	24.196852837574585	37.30929906032645	41.55174814029737	32.059473421776715	35.884179939976285	32.36149605038084	22.851974018627885	29.727862567385266	29.484848342777543	35.67926813265151	42.770480053514795	21.897865772444714	32.47306579792521	23.876767912639774	24.841559675813635	36.54028270266576	45.841274601538785	35.98079790120397	23.474331368794108	37.91215633592074	41.98422915597281	33.681887560213106	25.60661820448705	29.116541023999336	30.616360110583358	36.764978681443566	30.35445035854766	28.726890922189067	28.83011897714228	35.387869782956315	40.088873574933196	28.75413642994532	41.194479024648786	41.66839904814547	27.864781086198803	34.94339682511589	34.87023270738128	26.024562339703593	36.920657075587506	42.93051405012026	27.595578303035662	30.35149695247232	28.096944069471608	20.703262892415633	32.68173111822289	30.43295272007948	28.41522458370926	41.610015498713715	23.848080536333324	24.449069678503324	39.60054938654602	24.258865203545223	30.472795831487264	30.763622340951255	37.14357641012487	27.22307990997169	27.31290343075954	33.95581381544155	34.3214329531307	30.82671934841822	46.40231959821479	35.98056857349209	30.597232009152886	35.49653412788426	38.81545721073526	40.654794246460895	29.51147339898827	34.7510453198696	41.434028070089525	33.14132140428276	31.537795067143367	27.682923400871545	21.68658955758725	31.320577868765035	26.233978183284208	20.718990408744144	24.420668254712734	37.0605877222586	31.298492114559508	27.68816005631906	26.50161568679883	41.094923940582504	28.23127836601548	44.76380030461831	39.10031945587586	42.03691020281894	24.953722496201003	27.574830940363576	23.913640667656484	34.923932937579416	29.184723533931965	28.878426871826786	32.542442876533286	33.40487997322732	36.98338429589907	39.05094154319979	28.42011506450568	23.705804904199297	41.26263950880288	37.79963861503128	32.46651946198322	23.24568708045558	36.299485444509564	27.94175853236904	28.535991019769174	24.613132114342225	24.15639572661783	38.827919295939154	28.06613840240964	35.58464698325418	36.8368277287356	35.11799788795396	25.553173806450424	28.053909629113907	29.76645226921425	35.61886813862753	42.56713888069882	28.70692195997585	32.65692063810513	28.500937507011887	34.78692719030206	33.46033345092264	26.74113566441588	29.65865112358123	36.2755183663018	26.319880570718453	31.46179766831967	45.27931432161105	31.223568139732944	40.580960605887505	18.336594393560002	22.175137997280245	30.018358928246347	37.37881549596038	34.86422192275789	28.75022631670095	34.82694599030643	33.37330338230191	33.84185816366449	39.522926407015134	39.427476639988164	41.49994089286241	25.49821819377857	46.55835513265711	39.409444083809376	28.539673264025254	30.73884225729926	44.50739302706892	31.162506868926855	35.132398942286635	36.24801741615647	22.273711980334504	35.97829504731065	41.52360079766242	44.831029888217394	25.764279883723937	37.56138378983393	28.342882205137798	25.942842409740443	35.63053436501889	27.14389004747254	28.695479072680087	30.92415284766245	36.32871621641044	49.66249980988151	34.562496449140475	29.654902001459856	29.927707242354458	33.94798633953504	26.174124693138506	31.27643777537364	28.56088820549704	31.015500225592884	31.660087873426622	46.83640231293313	35.54841443182206	27.384282343446884	29.92603374227397	34.57909767293863	27.630999684903795	34.26508053860779	27.18658534919281	31.742220931951	29.30466518788011	37.486363168365145	20.856991852788887	46.293529650829115	28.596642260797132	35.431184632376024	29.923602640184814	36.59275706717004	25.667907832362324	29.089229113554268	39.583493642684644	30.544579316225146	33.16121576798976	24.90573000816701	40.69980335701405	33.06995835079312	32.48941601861978	30.773361980406058	24.54434162168474	30.747031841318737	33.556949842701506	35.56135866318852	29.844050794175914	29.309706002473746	27.09549440159672	27.393061004960874	28.47096239616852	29.275481597765257	23.49475948719792	36.824872684532714	29.37929853224981	38.8869224721426	29.018961942483656	30.001144641466162	26.100987469767034	22.812211893299256	36.14699681880331	38.2088675055059	38.10369035889293	37.89227659432178	39.25396036994935	24.189936428545035	35.46286900183539	26.57117491063661	30.27335206694886	32.762520899459574	37.965855320343444	39.78339252259147	37.923298239372386	23.626284209010414	42.77126299878544	39.709964197043334	38.59902594662952	42.845872070190545	29.06160367167711	30.713550516427496	34.27500027570299	36.78896710789211	25.90493659837104	27.121939635819942	23.694426144364712	30.177913911066018	29.344549894781967	36.62246768582185	34.09264011487175	34.156906476400096	26.135794423958416	35.90774047729353	25.405989141516862	25.974259704525554	29.555411226297412	40.194712476425295	32.90915882759756	24.77449654473205	29.950653160173843	29.51324186811678	35.16025713014087	36.65897750670892	31.342411405170274	38.15890550091712	47.00457683090254	26.947269141098072	27.072939200150348	30.496420743016596	29.34544058612319	21.601218062601653	25.71676968056222	28.30099648507735	24.6153340807922	24.756645032365537	44.96164125595227	51.41447532145606	26.39557961777026	26.592913190083483	37.0267455970218	24.793374831112736	29.900025013411426	35.53825753358184	42.00349209137925	33.06946728851574	31.45648323565528	34.79647541218526	26.468398319612167	38.354961773427995	30.726365153592422	19.525933665976645	31.49135738948143	31.68179814760728	23.84597794309034	33.234636084674165	27.255276033834598	37.75771756216737	33.32556738669808	35.23138674585326	24.917549947136372	38.751524116651886	32.806370913635135	26.302090773092466	37.90295161552797	46.43444106829931	35.80554950715549	29.969371724183876	41.10293603556828	32.073547933952106	30.745350309247197	33.31020171830672	30.90330982409648	23.816649348379332	23.989591498252988	30.01074594722757	32.744211582476964	34.39500818070137	38.1893686352434	40.32575744923965	27.64129992095696	32.29903433010802	27.398170547620033	36.79944720607678	29.176864013928355	45.31979657378491	32.03140519970893	33.10070024658551	27.719699518049794	27.960392801489263	38.994386891825926	34.06674029886215	34.13300217152361	41.92088303472959	27.279352559772274	26.048211860532803	39.26954076991582	32.79745359224266	28.09976667670959	41.5047160858541	29.396234872901534	26.43572765956327	39.53928106373676	50.04062142271138	50.74071981414996	31.75843265950132	41.36303880406756	25.317530310563463	27.300784116450934	33.18709899407221	30.355262984389128	35.23507906295812	40.24854482283911	25.891375741047046	28.939668611905667	29.684202548876158	41.25842601493263	23.605942839499626	32.85512361310838	38.720150951428806	23.92005424962096	27.815507880438492	37.33297974884179	39.88331725869561	41.79113329107247	32.153902743260616	40.69470960088197	38.90056465002236	32.44707119386901	40.08485847618914	35.894379756345835	34.66652137203972	24.051587909500398	29.519164927637853	30.682618110000814	30.056137593796134	27.85585972607539	24.518299185305988	34.806353212630725	40.63423674614932	37.251088742330744	29.21899726725391	30.711973576033124	31.37666346272646	34.46371720216744	33.28811684784076	38.557976844456554	47.44761265333712	33.34961945293936	28.654644366346933	30.28720815224631	32.58879241718282	36.80377380520636	20.69151016740299	31.276105657609715	37.31170364572878	33.54315224204545	36.514509591879005	24.022426128341376	34.91444388326807	25.431186902065566	31.57469325226551	38.19182668414331	25.642139163649876	31.846633826151105	24.8236359673819	34.5498971339813	27.204379596591817	34.4852348330118	32.05021683477472	31.24209287164179	31.111814915763382	31.53187039607687	27.797039362043144	33.85072087886897	45.49728191007369	22.05067814421139	31.696823148108713	33.00655313623899	32.4385061152958	33.744005891110724	32.65237047022364	40.77327608525496	26.51302704046448	31.56070928319938	31.85546367937661	20.045433932901297	28.092649537886917	30.852335739341203	35.12595983937548	34.51934265198273	30.865844822404675	26.025406955165092	32.99819893155009	33.235210613060254	32.82831640574815	26.508762084029495	46.946268517936986	35.78479843013826	30.945520111307765	35.55290273609498	36.92360104861662	38.60465544938548	41.57199811540067	26.425294630115644	34.09742922554168	44.061682823802414	36.46594619569199	25.49754695379082	21.135367913267174	35.24105123225615	34.083377719997095	23.941247669484028	47.39303748704451	40.93578745128442	30.325834420688558	39.134607968069574	42.4246297051563	29.29638843268013	35.21395142408153	27.780254476590894	33.924628873503735	20.818368771175646	34.67788987628315	30.006594308516995	32.44988309834574	29.95790483287152	43.642166594177674	37.76124162239285	43.34154548276837	39.23217878669886	39.342092254824756	34.353053771742346	24.328736288480023	37.530011192240615	45.29478051023834	39.50397701861681	33.57977223411328	26.318458155100494	30.329723907030058	23.823813786466264	44.77613136684527	28.105372279918218	31.37364715367478	26.569891373609646	34.35395835525505	32.10247527687119	26.844424181440758	31.486163343820014	33.274313780684395	43.539917039558624	38.835784199641296	29.38899285085475	27.85789075005891	37.69883956732374	49.5041005107306	35.75469356489531	24.612041212518726	39.014077001566505	24.987551251999427	29.12317334618236	33.02382748160558	35.78060289305048	32.45864120309995	37.69683270663702	44.98618602752063	33.40505675192201	34.22244757724105	23.655076267712616	25.40845414753426	33.243246918152686	29.989992368263813	32.01215864865102	30.037831946734094	41.287616046517705	32.914513359998956	27.37049922412068	34.00660495062603	27.504408727202343	27.11668683240129	29.761087009203276	21.80042826491577	31.390524895253655	26.64739905913332	28.031266078203537	26.819384338890384	32.79237899204019	37.99635225600742	32.77404689892252	33.964442628197624	27.426488990053432	21.386688046258154	34.060644235730045	30.16783738074613	38.711716259235544	40.54201051653036	23.35831990081689	40.288648385127296	30.68230936221557	25.42626548765019	50.17264454329124	23.9569107525941	25.2236353707908	22.29522201307778	37.20291783079392	30.517990373572758	29.002064009500657	28.933425740734062	31.62952485514645	29.17716255031751	36.13410274812517	28.740358449044745	42.6200587952293	37.62264770713173	37.180599425125294	35.42656761473148	35.34708775875912	26.0063745535402	40.13472105284017	43.54652208237223	33.78010546707247	23.609066707461853	28.31243788617685	35.33550361657886	28.391659902265193	30.84909636780268	38.010804931229885	31.827266764725923	25.837983188231682	34.158076137666754	26.81803221194021	38.75002023146202	40.920592752793674	23.84917839557926	46.67355385202924	30.862354662182547	40.08074176536105	23.893446169224372	31.66168583640342	29.598931213017217	25.187201657039964	27.80989209751409	49.8279320280286	46.69565002146548	43.576567814598654	25.952934231117972	27.750667987418982	36.08033978434058	39.662120939222085	36.20870321358146	33.580854571888565	35.82022206526433	20.854246819646413	36.2941774411084	35.28300745122927	27.755097681339496	30.977354171707958	43.14911545458211	44.72398899847602	37.307827110380224	31.674433527222696	30.02685640368619	27.47148894939569	34.115087475781266	32.79959712696491	28.834055932813172	32.483339626143746	26.3880487425745	24.11282260385288	37.67989876667045	35.51020188299733	34.16952599828868	35.97194138331958	37.1473773525805	35.55887653645909	26.295203086724467	33.72791141855342	28.670625048116705	25.068587890329425	29.48677566678779	20.49039844669154	26.834421652914134	37.82062154019405	36.89827320554451	21.4098983779922	27.255261065938782	24.986379210491172	25.962015574692032	24.378582282247145	37.578921197940964	50.81887387507198	27.07297480408163	44.564572133029266	46.89530011140082	24.438726748921447	36.08502053542399	19.757832807948247	32.371977136522915	27.87570031500141	30.679582967329956	28.744461111374385	27.072066788073993	30.76929367204373	27.215607713928872	33.656281572625375	50.01764612567728	36.99961025237765	34.232720027859116	33.31613391988253	28.688985734722692	40.06270757154788	33.47534180387708	29.84831788806403	46.29872359691814	28.08995858618874	45.704126566461184	28.353942411359757	29.991851060111898	26.70679825279562	33.867382597440155	28.69483046094983	20.361991247317317	35.30987088531796	24.707634122418956	40.95532765354885	48.70981332541744	29.42252453031246	26.31686782154248	43.099516496844345	34.750063095856305	43.2318670031638	27.870115689403004	34.41222544797821	35.79301460922964	24.53934926456281	27.967702097891046	47.15894571993386	29.846168259489943	43.14053208949347	33.31309189121857	39.16435701013185	38.62290473452131	39.6254965316161	33.677121785818294	27.38376250274296	37.14370589962076	27.410683960918153	21.199309595138697	33.746027199951456	37.62986132933016	38.62658260061211	34.717774281938475	26.54030138112329	35.3454983621592	27.57112861297231	27.785839314429804	28.592264545953107	24.977435003550383	51.953931417861114	36.4256348993099	25.198311506501494	31.425544908901305	34.37292109577923	25.878684301633903	33.775418511328226	36.78636673144551	32.65722407409485	24.770130554105535	43.92382198585216	28.68896417530756	39.62959460091952	26.481502207407406	26.73324140983993	36.11087765223499	38.21508870430472	30.813977391556527	31.088468158241565	39.48478244815726	27.62335499878381	33.942029908212376	33.92089039974614	24.768233515767477	32.97712169618682	29.11746195769812	37.36430571899873	26.979428134614626	26.64229645777323	33.32436950954335	38.825600294764065	27.689720215429464	26.3816971508207	34.78287542582299	25.255223641730762	47.40855482910697	37.83324243641157	35.60421333389691	32.8364103229158	26.451540029930804	35.23309975001754	28.21272277600786	39.29409444354607	43.80207071506933	52.13864794127587	32.157216313494224	26.31013940347003	19.52682511395744	34.67822097352854	35.68159332043334	31.479206278058147	40.190568456536674	27.04928025714994	27.87248442513577	29.732806118934036	24.950363637149017	35.72831336243576	39.749740807215865	28.1569287691046	25.378147469412312	32.071532723613515	32.57656653324513	32.02948943124244	30.53513923007387	34.84370740081823	44.76800826796242	39.165146151744786	27.694082680785105	42.044229603067805	38.62586107290864	37.523808701480725	23.829380109948453	34.559597660315426	32.7093678138805	29.96585050650914	18.455800801880212	22.986486813171545	29.281353684465508	23.143071675142195	37.096032982695476	24.692163181175665	40.43768042680764	28.429397965711868	29.17722675495371	26.49845394860289	27.57812002409639	35.54098877986708	37.373197115576296	24.46294212622482	34.09983567659601	38.096213817055435	27.573787758363423	31.30786197755747	32.339570396854	30.676975997855738	38.08332129220604	27.36713914029747	34.352464386125995	22.579836727929024	29.008697201561834	28.8409701081456	30.47713873783152	38.90754844195277	46.760841602036	29.72510506529781	36.32548636294159	29.438663993010845	38.589619760889214	36.25544793382337	30.587573939208916	34.9854562983341	35.2914622391963	29.979654877388104	36.27821328046106	30.81256739542071	23.765251458174173	20.280624554376416	22.8401158932737	25.429529568299102	27.641641240542192	44.831539324419424	39.31476799925375	24.753234134543646	35.68627372320393	34.03531746763315	35.0966460905857	31.345836816160954	37.42280588333459	29.35808058045441	28.974266310821513	27.14375867247608	26.312463380123937	28.998269238960162	41.50316026035866	18.692102423419996	35.58852192133391	38.344833974838224
G11	38.09846095574139	38.298061649201365	40.626215596741815	30.87962787196895	37.59633959296323	38.929584536327944	38.98118670203378	34.37908946710364	46.575347247452335	38.77361246354429	25.063085009304086	27.061077858140287	26.29786586418494	31.59946915518191	36.88374274146854	27.02471230377395	33.56960576393667	37.249214618724224	29.42553433930996	28.07598901884364	29.302294981506506	41.734204131803246	41.08314685533048	27.150222086887002	21.719656707257233	44.438096702742115	34.63831392275746	28.20441375400685	30.85216004366795	50.06562923385392	27.256691931033707	35.39231941664481	27.838949950948606	23.657167667808434	22.251146236202356	31.89344390664025	25.13597350714715	35.23795024267451	32.690317482649306	29.666919742507122	36.36923788390319	45.9684580934148	24.807437065328386	26.58975372825881	30.857898616985395	28.83558001738264	38.357637553745064	36.688828922467366	32.907777201370216	34.60634282103267	29.644846405285968	45.558328049365535	35.340159707399266	26.133224565440127	25.441913053349065	35.18323152099836	32.89931350340531	20.50999549104297	25.774577149341564	32.88862174802078	26.586735458443076	39.21315528217287	42.98772333516473	36.45382184056159	27.848271142438506	42.448072532326584	28.70280403867029	39.301122285861375	38.92481270248846	41.947465290407536	30.27150828721284	28.16679588495911	31.441265408684746	22.928875372492442	32.245566472289894	23.203568961390044	25.124240486646315	32.528201622516164	35.773966196218446	37.40295568981856	30.531483854623954	30.36930226361433	45.4654246096328	29.466529656649772	20.919941000768883	31.62647718626315	31.42637324151963	31.021580681321456	26.690304943291117	19.890435342737916	35.33609308083462	27.351059500361266	20.81416373648038	25.648419529026636	27.322530355773253	37.35715581002905	38.07693831022978	38.27667018316218	24.028414715071122	25.2906674986331	30.9095903327216	28.399091574671154	32.74711906192111	36.211364173951566	28.146177718788735	24.90781478533168	37.75632698787424	42.640852850808784	29.949759567917354	32.255402996224205	22.205182035628603	39.253017835284666	28.144839182182633	29.188067555483695	26.8954123878679	33.36216987169194	51.23638893109263	31.664522631368552	31.832441589265617	31.44264185946699	34.1947428111256	25.539964546402228	28.685706507165815	29.674248638646354	39.33603966658582	42.30374966213699	58.98257475484511	26.55410931005987	37.057192655288205	20.08966346545559	40.415906141013075	30.65226164576202	25.29490026277613	44.9271339032765	21.73766509917928	43.45368727553296	24.387565914109825	36.32942203327919	34.020356665988324	41.62118840618422	34.354752999275036	20.59151978122101	26.105508595765755	25.799548574951572	24.35357739777146	41.20910135526339	31.982711042702114	24.951274394232374	38.433306126197046	27.154028026246955	29.676791503935785	29.77685393811444	30.558166621119863	24.335766405940152	25.93384487956259	37.404212454638014	25.092339736077196	34.44150741383976	31.761980465091064	29.83825080873744	27.31834665562063	31.794736860088392	28.673903302691873	41.60337397587948	33.69657211202515	31.341784360626477	25.804900523303665	34.877339950922284	36.031479521157124	40.88037965152833	33.35001718047313	26.761814091209697	33.59157330266754	27.96498727899289	30.232426687141132	32.37937922476562	38.50702215591006	41.79286305523389	32.41646768901221	33.69033891724481	29.05601237006284	37.351075684735136	30.47778860365953	40.85809139074172	30.83710666571416	31.802882883723587	26.299110622254602	32.71276006396675	40.530656919960784	35.0993001213572	27.15847250956764	24.28580651278357	24.023133455893813	41.449289119675534	28.83368207565544	38.690238654660675	23.755987662138256	28.625117787514725	30.887554366744553	17.57060314225102	39.8926660455574	30.27817186491119	23.76329385390739	32.63493862466122	32.69801290870403	29.41064107239428	33.699552513610826	26.356261719251066	28.01763523122802	44.24666510961814	35.79533488301575	39.82358714352869	34.513363243590895	34.794805449389806	44.68906818057721	28.527333290680236	33.89037467048519	28.120668420767522	30.364202035788267	32.51998306676921	33.17693140862989	29.5891838076251	33.1114958075836	41.22630518953515	29.31932923680818	32.13224198385827	42.345670879441	32.74203370314214	36.391520810578534	36.11915500266738	34.70803320909884	37.485964501253015	34.0657099969199	19.423000271797736	36.153373800195	34.86290561072166	28.436757915484776	32.940552908958765	33.697762148832645	34.3807418956577	39.36006362060304	40.187940549652076	28.338038855769558	33.07525436894501	34.89228020047428	42.374013108374264	51.678513066131536	27.78594719823423	30.46379314551748	41.30713499820554	42.129054066850685	30.190544863987846	25.600356608618963	37.732868329009285	30.064952854418877	39.00522793877649	33.07417313974082	31.860432937451243	30.63408136545993	28.997281385616237	34.9377720095825	30.13151688516074	29.168565173043408	21.67712730928671	33.03878218123782	28.99727215722903	37.79146819768307	29.03152337130669	31.979189600037422	30.579898888505593	41.30784563833506	37.997585905081394	45.15836843880682	34.03700724160422	28.875857717963854	32.57476262024763	33.58985664672941	27.44965734008527	28.166335733435574	24.80651160017952	29.54607719499801	29.189322413046206	25.00521542122021	35.3831343848349	18.038737179647057	37.7543306222046	22.058292798525358	35.09252350149463	29.587335856097468	29.62106538867511	23.714848049909246	43.253207947315914	29.737893424178257	32.821643586553606	18.6172733489162	34.16577169274165	28.547276801666	39.39622178238468	39.514974274919076	35.16192435645976	30.540166628000094	34.596834421182734	27.74276969505849	44.381332136840896	50.00226100527737	37.81192340065338	37.511066636235036	33.0881175038725	42.70485250320779	33.89964142029837	21.80732781872847	30.7510706626908	32.69751868282026	38.409046531352196	36.238110835976435	33.930900415880465	49.92987527346624	30.69528763602523	32.63891663699166	28.797243582564555	34.52841191405206	22.81916308820727	31.275861938272243	35.40568619240228	35.17025962715373	30.66590218444238	46.105988610948074	34.04768713832466	32.892452914179714	46.049740971786214	29.102714403277876	30.67098320854552	43.78285131122637	25.885522899631795	28.775775251874354	35.79428745018934	40.40486251798063	30.2273255924114	34.662001847417415	34.70285194572387	35.9686136137602	36.08079362596711	34.91051533466083	24.257960491569907	25.495078964696052	22.941060025316897	33.61578091255181	37.35415048970227	27.076105535562714	29.975976222173013	20.955443630537886	41.86336128884718	26.499724271056056	24.83357192774962	28.328460472203076	33.27509789266756	29.632510527282175	30.28330705159188	41.14660370927847	34.54091331716176	43.36925244103166	35.38167926218848	34.579272716729804	33.88599343384712	43.36006449965111	37.70383740930379	33.60710980878738	26.690204138351238	27.931894274762755	31.93395410866498	35.27695254944245	23.18121861078668	29.97169691886233	28.856207950982594	31.210926972248078	37.7917404576711	27.55328284237346	37.303338367525036	29.03171361513116	27.577782809931964	30.332146516344952	29.97826225377878	36.500661242260676	41.292971208080026	41.524184371869026	38.053432203604736	45.51432702062178	40.827671164420806	36.120598800830514	38.1939869298471	25.005084921482545	25.002142774233327	29.814211628711746	29.427854735373366	38.59942092937941	32.34336155633311	22.905909273226488	31.145790634469925	27.370410590612114	28.63620160417143	36.29289281796102	32.809462390642125	36.256328843394236	33.77383458615191	25.519901383190717	25.252263056846807	39.326976043332515	28.80282663563126	36.462562913411894	35.74440894761972	39.45168750738543	36.424912454095285	27.534839783875753	37.3924864906221	41.917755901016264	28.49455354202207	29.4098122578365	39.3143926611068	23.77914709667578	34.57598659069247	26.31664905663424	27.341240204736703	38.1624552902699	25.053164582440093	28.066664980658906	18.927591716825752	35.638505995727	31.68354199658465	26.944815517349724	31.235385691592374	37.18507317903591	26.151228108194157	39.01496936832571	28.135718059642528	29.37235719713208	26.763014975246794	21.713088891821876	39.14952717192727	29.913427022885067	42.263640151597535	41.928576420024235	25.880199055953206	40.31843858355192	30.56514214607637	26.454266928630922	33.036327868393144	43.36063185034841	35.48450189395157	29.837591139189353	32.416642926933605	43.668587084197185	19.56361610862188	31.767339555592116	35.53712158060516	29.7637001509225	26.445827152109914	46.07880607856589	40.669485115650176	34.634512716911125	38.305638792300805	25.6647813307721	30.195218531665873	30.88149739737743	36.14308340958428	29.378544851302475	34.24462802059666	35.910757390716434	27.60696252930824	21.766653609926458	26.73851071894409	32.55570289054844	37.55274473057168	27.088805078471534	44.77168448200904	52.10767809622549	30.345672095632217	33.606957656086685	38.5795595829537	37.11714124177556	27.900181145356495	25.802157273933833	24.43677506777123	28.711534950283784	46.70117797246731	29.060910220527887	22.590269735968782	43.989194059857866	34.60625586166027	29.563787509479546	33.66569130949665	25.571478748462006	42.52683336499557	28.974291493767122	33.95454553313305	24.112206621953682	32.45117890881141	29.659818369231047	50.256972102536466	35.30334212531609	25.06558162147106	38.973489048593166	38.27887849134666	35.85245009525099	26.847807614152842	27.847507045513353	25.90662359919832	33.45117950400091	26.611692644261996	26.706303453194376	25.881902212342016	31.475976299668787	28.786704871466185	34.75095961994565	30.834944291015145	31.42700492009635	28.78021696506731	32.29410823808411	26.706062520001485	28.520575334913318	43.08463505933934	38.153846931341704	32.255559041125615	34.705498370160726	33.96547984311146	41.14155674223903	30.01503427669395	28.187778881904585	26.438435156837837	42.487258064308875	34.013547076709095	25.881021734428742	37.14936964600699	30.77847970115677	36.63518759057022	34.34759093594283	31.470248011817898	25.058012493583707	18.882187538002622	40.17205550256008	26.232352096254118	33.3955145589842	32.58009399554321	14.728185485828497	39.47595075169328	33.94113856936776	28.88405040685145	29.546054865459862	34.8408260281882	24.330596200318	35.20318902800398	24.004747470009995	39.672080254972705	23.437931078111706	38.501173753171	40.20901528087784	28.565625796289947	26.187594551527468	30.610130598609217	29.339057675321218	44.959565332965866	29.762420570744997	40.38210485415602	39.68396561940352	39.22583973436991	38.50226273401581	34.099852901347475	16.704348536091036	41.058743214567826	39.52282775768796	24.89217386320978	28.014279792625242	26.372683879041446	25.53223174721167	22.153479139989678	22.737491004441488	31.491987146351406	35.69622937292994	31.411543780879104	38.49394047697986	38.107387841222554	29.16217282614333	26.5692051596204	22.79030366715843	25.7907282334713	33.58974044109726	25.882824808886426	27.84011881705912	34.675402421308505	45.20599199936939	21.729843740353424	21.10575674774941	25.622320152688598	31.089705397065146	40.7743879558318	30.043506789765203	33.35267628987528	28.746829357774843	31.567241963230362	36.56144033355907	17.66604998991265	35.56007849447239	25.01854479081262	35.327864908049584	31.941202146499	29.30869368479271	30.755744786394605	29.449961496824983	27.23798033262802	27.00109818207541	33.00778694045487	33.45590750779573	39.94542583558851	34.550949124344044	38.59550543613408	44.81669046156166	37.678053424403664	37.492148199987504	26.682135461822238	24.882022309334094	22.445431756137914	31.67363448234515	27.486181723305805	29.26835382159156	27.3650926093613	33.66671153411815	38.81180574476134	39.64701594305922	50.27212230778965	28.838877777271506	36.87140500878403	30.624495196334596	38.72505923096637	38.24282489669433	24.884401266914242	35.37643677167959	35.05656678574115	25.598647314734126	26.72554445894496	26.54095490222279	26.168056649529255	44.76247702534672	23.738348533481794	31.48318484215996	34.38243266901427	44.412285531980416	26.02015986724572	28.726704392749834	23.431666023079348	42.01012698261404	30.547114283001797	32.45954000334653	32.94684847874781	35.99396618922759	46.35425916979799	32.09584373314011	36.40675477090535	23.659839383751127	32.24276618095595	30.66970300820786	32.09775652635787	27.16167107605733	38.089610702437966	31.370566427252935	31.372555493515446	26.52076348735033	37.15574514401118	42.96227945146424	39.5394170974335	33.075061627812794	28.953104129472916	27.973452695817304	26.41001638407278	24.85335905816444	27.155773845988495	31.078935034842463	37.318827110476754	29.12181988767567	31.092388286632016	33.54139788424864	20.676087042880784	39.272954451975146	32.65764390128203	34.57348103343459	29.254079273829415	26.68554215583522	30.59947410695381	28.965653456670765	32.44376693427437	38.410009993952144	27.77879722603225	33.86864438889713	27.423413809324725	31.086256691673032	28.883329210928014	32.829833182506874	30.864631849843768	40.715975664323565	24.80752321384353	31.97904519677117	37.266585463995554	24.336522422106935	33.672621048360504	31.51355278198592	33.11356596593925	36.0973806674717	30.591034543769013	33.02394977076707	37.11835126313137	23.995967786135612	26.07166712338217	28.27844994349756	31.657068343078286	36.26037308148989	41.46235925539056	39.35711186181509	34.33757303138437	34.226240616568866	36.87796807891435	31.593991337742587	24.302401276153528	32.28338992641971	33.024230360443816	34.6289948061626	34.62158334157124	28.60828554753251	24.705048455523933	25.417937736040372	30.76195810116281	39.65843557452876	38.170104496802054	36.91585769446555	30.185610822548462	30.15895249174012	24.29228448946388	33.858928315754504	24.478515183912684	29.279732469745905	35.544367688441326	37.238594738026904	30.25563167748672	33.306062796699266	32.415717345573654	41.03563068549438	37.75318456892559	42.65207991331985	27.326103630087808	27.254454220899625	31.05176358625899	45.53934621705223	27.57873659636445	25.931326293743254	39.586584382934326	28.086568111360823	32.956699153042386	31.461943384000236	26.074581787738907	47.46166838305051	29.628400548647672	45.261408329580206	36.97931098865048	26.370328500925392	25.214294128778228	34.99040291602834	25.827963935072894	32.794843441390974	22.974334375281114	36.87127137887367	39.81438578809216	35.74200954923029	27.82991250901026	25.98535355642723	36.839879486453874	34.77765354379062	33.5323798205097	32.57056862214343	37.46615132290892	28.630478697000704	34.14786526075635	29.735273511164085	28.32143243779548	28.518482774393924	29.261439901939895	32.611843458322454	28.743807093011146	26.660197160814146	41.78859946990227	46.701489160256514	30.339175968934896	31.40886601051101	28.85036631336293	33.89554287801881	43.56103420946959	35.41878682771983	31.67973560099651	28.745700445124758	29.711318655355253	30.745022994905533	23.103111422787542	28.206122812670625	34.2281775499574	26.97754479955456	35.0558569475866	35.553477003028945	34.49182408383009	37.34380157088484	26.187192977725733	30.731072425776297	26.199037677105977	33.96228324697087	33.31496662784783	26.02143082956315	24.527561644713366	21.537375576854732	39.01333647061415	31.319744650941153	39.96859279638584	32.19168507290573	28.56749733628477	37.12116422474537	32.693317544850885	23.818564773716936	28.01637665734095	32.18312253410162	27.13583614849091	25.637471099247175	30.240003399754244	32.995785010165434	29.0587676852603	30.527409100437723	23.618437275683014	31.695667212174232	32.731431771433925	48.73286441944414	28.622079897648106	27.767934536098185	42.2213460540539	30.442905228430078	23.50101854130025	32.11469781239959	37.89528457259521	29.17594709450555	34.132799144377884	26.304104635752896	34.906513486077664	33.656983936313594	32.353235973928015	24.515621152393983	49.157590249879284	26.798279207032742	33.951396954229615	24.778656916585533	23.759282005994933	33.466845924755845	40.00337653689872	50.83512899357329	26.388997136579903	29.22251447811954	31.129547638213573	27.82720240687699	24.99328669484111	28.65091034743426	21.026972487877515	30.230696716029954	31.40523138273695	38.00252024595359	43.59583232920089	26.96870057041245	34.36566031173652	28.155702826069227	37.684296858629025	33.43626912568686	30.93157166580519	19.957476880906967	33.17016968195284	36.58905243306315	36.48307383294936	30.54144387981114	38.28898909864001	47.51726683259133	26.58879544073793	39.487701487687445	34.43784175842038	29.331723282348158	39.65909207527485	45.32858277423211	25.565673884242383	24.152963956384127	25.92864957131354	27.772051475253548	26.594074566823075	29.25417331838217	22.605529691446723	33.60793358206111	32.77174080621439	36.53854239569668	29.63547413617241	31.554143930125882	23.979196631492744	28.91050198751036	29.293747498295044	34.43820088604278	35.236818433837385	40.4497568116503	29.610705266999307	51.11068202877865	32.15208679103684	34.297454794600156	31.921359235553656	37.61052492556601	28.129178440365365	35.8551397010555	33.03665432870634	31.081584860227323	44.80793892425684	34.61040012064267	29.81417476810082	39.71007931220323	25.8153141017971	22.97194131304382	28.102416025087862	25.37214423152419	42.71557030851813	30.451781382497927	39.762247959578524	35.94710657276149	37.31125887148293	24.652957875491246	41.34370842720446	42.95295277336796	36.51080038994482	34.91756623347854	33.482712589461926	34.28470172457596	30.290566170618913	23.77673057724004	33.91528143738441	28.63509862107303	27.6968554273624	35.180725814688984	38.46651882217799	32.824017407798465	30.075523977248704	34.668263075832556	37.73345535201426	37.31374975271648	38.378683164472704	30.300955015900637	29.582341072856043	27.586535805253263	38.447901045162766	30.189456342368405	37.18681822110669	32.559557156933636	26.638012511094388	28.590206288737622	37.59612400532081	33.28889488992774	38.38687795318567	41.28654119540446	30.85052458677036	28.11225012327016	36.73132443703463	27.103279343059942	29.110840153304853	38.80309167274542	45.91388778682046	41.014333435659694	32.257276361647506	29.29428522651765	25.86959021751819	34.59803165128116	23.768537768582796	22.85549054259674	37.67350091273993	33.82260747961984	28.03724471819347	39.82569220207218	32.74003353102835	30.948380656170297	36.5497727864398	22.813596438048066	47.53789187481719	45.47475069248843	32.81325502450199	38.902081298949184	39.83543017755259	32.43118390694349	28.883612840728645	26.34301265587177	31.372158569267707	32.66888925829395	31.030850505867733	31.278338746711807	38.6041861387891	27.302422290048664	28.079423803889988	31.01322886199852	39.19698913223389	35.39446326807756	28.587589214809295	34.46170757851227	36.59419086417007	30.65800829300188	29.261679933540233	26.59607762094842	24.979600485115306	37.6836357937378	37.435434861338415	36.90093938122694	26.03792613631546	33.612544471499014	30.662163157332856	24.781226253727066	26.1013791853365	48.055836937380725	40.06243207829325	43.405538429336744	30.466956665523572	38.156525081488304	34.30577899499565	26.59553057712198	36.359701126109414	25.295782598067227	27.90826340590696	30.91130362084087	37.69258744673401	47.62676356618521	34.99803030292056	30.352734206647796	28.867003240840425	35.44952171732308	34.72363221139305	30.97829862463595	33.485382561905986	33.10446328447944	32.36779037472272	29.100460611093485	28.847719050754733	34.92158736096989	31.399013765883936	26.073828320711144	30.346200372884905	41.92664835073868	28.286935354297984	38.818342008465606	26.22943953704327	27.42805974252031	41.2707092594093	32.29311973122627	33.70203954994541	34.42450675821101	42.920873983755996	31.388210326164565	31.86485046249729	28.3346030808636	30.99828262341909	28.36285432301263	24.72022035640873	34.339635355547685	31.606937138990606	40.413856046135194	41.09397140328473	29.445791617158704	36.91614109165938	35.30677946869495	45.69939141317676	28.24771364941741	29.21788751380961	23.683704183829345	39.87363202812289	45.89111513573791	38.81722670525377	41.108339581252174	28.458355261541275	33.34206761404605	26.32927863710089	31.230407945282092	31.47541825304705	33.279865929704755	20.67006829690453	37.04453152744638	32.88108194889269	31.801051539303828	27.612025896566102	30.59316994209302	45.022805121207384	43.24562734328206	31.892054623403432	33.57505878415562	38.59588721653194	26.923303796282756	24.58647750752217	26.516572222345008	23.677748059655038	34.3868580157634	31.9508444867147	28.008420915731953	30.86492100581641	31.711145527106634	31.192054775440624	38.771430292874264	42.00565866746348	31.442051054086825	31.519935388592277	39.50362442062666	38.80653754214109	32.24823215976701	41.937266498644455	35.795139862786606	32.670949140008545	25.445797469528664	35.10306148803622	28.096361412534424	37.59499649521605	37.30956455320489	32.75961050019537	37.75382589056221	31.850762962482595	35.43984979305134	36.003188345729505	27.97546865135693	40.71502940031721	36.883709506761925	35.24661769062742	34.370162553777945	38.49415290982792	29.76402984899461	40.400199157975	47.037085330311065	19.33981125231802	42.17542638542836	31.624558545366945	32.19799061400435	32.90845228782949	40.483549579527605	24.734965181132292	45.71320903224052	27.79002069351541	21.24024490398913	30.932668240368695	30.177327650660292	29.89294409564642	23.943068073899166	28.704925968518296	28.038750446750946	48.115181015385325	38.760173396663085	30.11930768068131	36.496819574375166	24.97323790958715	27.162926392847805	27.044051489364982	15.938619235345017	27.687986255246464	41.58486763244333	29.634928540504053	28.84518977730841	29.329919879712154	27.74542211910622	41.29382604256964	37.87903959613799	24.619483861476294	30.28237999522634	36.339385786192906	25.871225506722634	25.979787929514167	27.134378400367822	28.416482207952786	41.07696517931714	20.884235209154223	23.92648531003297	28.977006330797497	25.742149425386653	31.46130457636514	29.24474335677197	33.87619141658938	36.13868892259315	30.419894957250445	24.94314160638226	25.76028975430888	31.943448029686426	33.10152683268173	32.94414056340249	27.617635629892092	29.925668288232302	21.729492858343267	40.36074749237944	39.936428110846336	53.012002320757254	33.611803691987255	25.657780988840848	24.759889506152756	19.716533935770563	36.56470757333328	29.330332175769037	24.786613254259716	32.25060760141011	34.63626963206836	31.51539259328054	39.878820312883335	40.070596404471516	30.957993613731624	37.06953324192205	30.546204579348306	31.508419249321914	32.03216868070768	35.65059745707824	37.24556743688769	46.18469438786163	33.0604047552081	26.425528507598152	33.73857998169074	30.832753333263444	23.366351870804554	32.87452040202038	33.674381428851035	31.796549836715986	30.628664651074725	29.470150618898284	26.588430689428026	26.28836317871827	27.358850562817004	38.557756684911915	31.842632425732024	31.74610164759658	38.92264900221572	26.810176603435128	30.72901116604955	40.68466166102534	26.583128860619606	42.68781762378752	30.875410002556855	39.28237661902023	36.147280412241045	33.08863335132076	36.266328500088726	41.296583171580686	51.11572397345146	22.17478320576862	27.32540301274742	28.793645854757493	28.340348150319535	31.2623142637098	25.162040423582724	33.50772735143307	27.835101590130407	37.91780334742699	38.65915346380388	35.43324542608339	30.827111603878762	29.617001182282422	27.776212478104537	28.01601966859062	37.80283161122986	37.66241657956271	38.57704318233093	32.60937280679984	34.32304645073937	35.165477964916974	30.050363580763428	24.89048879716493	39.36249691030313	45.22341056071008	36.76877076118293	32.85592678714226	32.1754523383349	23.759466833351667	27.47040481931674	22.089303572736767	28.80745401478936	36.55424898711113	29.263314613842134	25.3548641293084	24.14190088535259	36.924226370030816	25.5948207620506	30.638585182773088	32.10962188586632	43.59096250258979	21.958035446411966	29.66628435995734	27.153289404680102	16.684946947686562	32.20922701667058	32.79290536680576	39.483278731461596	26.505446604889446	32.36908064162316	30.889196653396745	29.36818360311475	31.91773447471189	30.267486654228662	31.48931872374743	34.877130953789404	23.523925421750278	33.63955391280197	35.64389984751823	23.503485394299613	44.908574402812654	31.838931793223153	22.201279500557376	24.905822394999724	30.7228263039414	33.30275249761057	30.923859536309408	32.015279087820964	28.844199256713562	27.547275813885427	24.641437665769303	39.336654846932674	30.167931395474266	33.21710493289781	31.3597342388842	23.905206928964734	42.73880627876042	42.96679184334314	33.48440991277523	27.941390512846848	43.587947636692654	29.49147491668465	33.48854688391514	41.82604805220649	13.798284933133724	45.89056711419206	35.536151474259746	37.10241335930331	42.60245478726324	46.30844593315634	46.744828326865225	37.16289236933979	31.56535453811534	29.31930220152579	31.383504680657353	32.8798464441549	24.159385303769977	29.217980083234433	31.930953326396345	24.985634933881144	31.52191314326198	38.09171241337625	38.66383337361158	31.43827692308449	36.846288350272076	40.38095354689406	34.13180503122003	33.28276604705089	28.873851007593576	26.78112257971117	35.820171812545496	27.054010934200477	43.80827852106513	45.874659727768346	38.91663746654997	37.55978789930708	29.25122398294284	33.12263123204276	46.87763681557535	25.393557138588804	27.070898353520295	31.77626367603869	26.985802579484446	35.38937182051248	25.82807634038396	26.682616020959976	26.68041407290591	33.616954166450526	32.97455793183367	33.58958233311201	29.024967694569025	43.11343905427707	36.14878411135523	34.08573824790798	31.524740441875252	34.020157726030725	32.6616277982326	36.12275447349436	34.58081937841291	24.024640026551236	35.850378598420974	30.879950353049075	34.479905308021166	33.53990722341257	49.42303256117756	25.75025889770644	25.350824391080774	24.344762270283002	32.09209246576211	25.496054238044383	40.32312121325252	38.34360070703951	27.193724823475222	29.01218310460775	32.72108373246964	26.360521326967305	26.829704933633987	28.57153589575647	40.76558097102561	29.87826158580965	37.09142783265221	32.844091967688925	23.91640054925908	29.539236609313313	28.782896641691437	29.947685830645746	24.484925790233273	35.306705386825975	21.09091494936874	24.63511215925709	39.0878557610563	38.750518060726094	22.605261141102424	44.46977863735821	35.398370339776534	29.126840273347966	33.1573924942091	36.78038296922927	30.18733127694684	29.06228466682162	28.09746975949716	30.93998710608457	32.25292289453021	36.432556026622926	26.97464541135387	26.210822732076082	34.69403703452447	30.43380583160035	28.98545962881249	39.3117941898237	30.183271061524888	27.94191291885925	42.10181709540267	26.126376550458524	43.480444012420904	41.58251831733186	30.65869673241859	39.47978589120876	30.288216098898662	35.243453776613975	34.13273490487021	26.008896761042717	30.086117882216932	36.948764442298796	28.35576041381349	28.40360038851506	32.65909942395668	36.619676138630524	37.10787832222906	29.01235263826093	35.760321130605526	25.799752291072277	34.63281006368174	34.326690475675676	32.180489224616046	38.16077143072723	32.952632902411835	30.529817348822235	35.657184039063175	39.17306842969973	40.59057188852023	28.9025619296938	29.224024625945606	28.344326450212144	32.36992141677584	26.37612535102523	30.502890646767703	22.551119851534207	34.28668096528347	40.126693283891456	48.37981188631955	30.192296404750874	23.03752759175298	27.548951533846072	28.325313424310558	34.19420561572704	31.850866112370333	27.24137547505396	26.559186951927003	35.79649907678674	19.710091701239467	24.49805243038664	27.945987559641132	25.8414822108624	22.659451209067896	28.428421285889833	28.282152696464532	36.72488832505289	32.559948039753785	28.070371143159072	31.310784569061127	33.85917665635027	22.774553127533743	38.63632383383115	25.259459840807434	38.67385757494152	44.240352819128766	26.6062300707444	28.736799574776352	28.707171340895606	34.776809176022134	39.57870566997677	26.711456673982642	27.240496427960394	33.659870423640555	37.340042522185705	36.01591443423499	32.64170459689774	29.571335491125026	44.84790828007067	25.079631297193632	41.25758463099165	35.00917385987065	31.25397798028498	25.73952915630681	40.64874430069086	28.953035795963945	25.09496947984762	21.43900829101523	32.79241463869605	33.71106525077309	41.96294495703628	31.338137277866775	39.52506037315724	33.98274250412192	33.87224510362521	47.05930834893855	28.57288116485145	29.174658792998375	27.835975714034273	31.990698500663033	37.988220029248204	34.88914614539792	23.366763815543703	36.886802397322995	27.54659184979292	48.472992850105626	26.031392077344968	27.225012638381624	28.51822347088691	41.32141027075174	27.83945587081039	27.74109491380508	25.540703058322713	30.06151449734961	24.22524366341115	35.13357475731115	25.54779914556208	31.44190652155129	40.88223311953216	31.1433393653305	46.7949468197596	31.589987735919497	33.00757338006771	20.18632679894211	35.269987606704504	27.05895697363511	49.89577920332543	39.71220401042187	28.813492978567666	21.983685230720063	32.69939414970176	29.7185999610536	42.29094121242897	29.343442818406473	40.10026423595164	17.533635255466535	33.72231631185265	36.003023378495776	30.55824394720997	34.32222609316053	35.48094762404093	25.725155866454557	24.859205101551566	30.66187466075161	31.736861015517878	38.4587147033956	35.97878299344229	29.82598803523544	35.94244027190732	30.802916216259867	42.78167813349242	33.16574406411078	30.39431917871125	32.82313819031758	31.303022752278064	41.63233470823322	30.019594866016384	37.90139021447666	26.900403403812685	33.64365680638037	36.6749420470601	37.89058482027087	33.76036014588338	29.974952303642382	27.921191942653643	26.962262942793313	47.03407172948847	49.14933213980532	26.88940377859967	42.07436837533628	25.964753959926362	27.065280339748046	32.0658215406925	30.28712483955569	29.273219846902776	34.07256553214814	25.98125998424282	40.80309865146023	41.16151788710549	25.787607936176403	26.30320867116265	33.285683464728926	32.40706061581435	25.654673191164253	27.13659264849583	29.607191671564674	22.672030426741195	30.877634417686497	38.19908826665435	30.49547678896389	32.83792884297459	32.36719739897936	33.55241619352749	41.46610421970816	47.460978950474	28.05136745589617	29.621214932589535	23.377993048268724	26.64977547160614	28.272161179735516	35.69419769940811	27.195270426487056	30.67909300486315	29.62350969794183	46.0012025794099	28.4633892782938	29.721230703637506	41.422228740082595	29.858711339091716	35.34816706725484	32.54118687456757	26.847770804590493	30.791249578640045	38.00580133291737	53.327145202318285	29.090898274642697	25.58244712399801	32.23931692244657	35.58766481445319	32.66574660262628	36.597077530711736	36.58628255946167	47.786452636964654	25.84700592524617	32.736246382505875	42.44010748191334	38.20556803484308	32.07505944993333	28.812178761994936	25.797293143190167	39.40849297185668	30.913098486469984	25.416946082949572	31.15311562254549	28.396320501494355	30.54247543434133	36.76469987122719	43.64928417207411	31.128213060513684	22.22435319360188	37.53269343393847	22.61026832041731	26.945017448367324	32.50623821071162	30.42472051699828	33.057018856106026	32.41455038625741	37.913050569219905	33.91282745079653	20.832700125531346	26.45838570262491	27.797838594953156	31.24605276769369	28.509366077820342	28.945476629708303	24.689897376312842	26.405960345906813	23.18394660929525	29.234104434197455	27.669530632873276	27.771132585818314	25.235501257593068	29.000308583175496	32.87659731113155	31.243768403876484	21.761193254008663	27.03966457548924	24.663438862601026	32.8752197544925	38.30485952065947	27.752037051613165	33.1078919687127	36.68098259624251	27.458018409466018	25.158952685338882	26.244437319497607	36.01430507319638	37.249243141007646	35.44322860504326	43.05872888032752	36.28888987885064	23.790892848106242	36.553437393795	31.214103364995722	24.82731003772338	26.372133208596814	27.149344810285733	27.266219456707752	36.561879383673194	39.69646651840002	34.95043675566865	29.737849673426492	30.234376613036904	32.88410529673936	36.300920695215964	26.782799038041233	33.69366860515955	29.82223814951351	36.02234583984849	42.37653134039047	32.11927870491756	31.27428622687723	34.43007231297013	30.304061050651576	32.3811214386797	22.78369442416933	30.823819774202402	27.422769640123644	36.20162767933552	36.314928181276116	24.978780515821263	34.95261976803963	30.209771547041264	36.312124471908675	38.06529036131713	27.88093937497337	36.44747770110639	33.24409226738779	35.55637200058009	24.414573441098497	33.257558622352285	26.54009730793356	41.03495553127069	26.017425791483923	41.71052267531875	21.450031105592753	35.51673860629319	34.59889844040723	32.775840383148655	34.03715693202711	32.66243312703885	25.866276529377206	29.85347477822603	39.651201127946	24.04313374743973	31.858651166515763	35.438497411422794	36.27309165874809	29.194152977535076	31.5740914650659	35.616385432891455	30.962403966600803	35.963330075021574	36.225056824861554	35.070414199179886	30.565173006920848	27.37611252992474	46.566435572240856	34.996230307699605	27.217576024717815	41.152597261602835	33.77918924255846	33.14976176990738	25.352466652003955	41.882841203385944	26.474417685363647	22.57533958088085	42.87133738729073	34.40147047165021	24.073822180608307	25.78565384349588	26.69969931094215	28.976342743336943	34.22243370794836	43.536157165633256	35.52644231953867	26.735108458929748	36.86951628148415	37.56928731426831	34.32496167506639	48.66172059038736	37.214733414254205	35.255060116135326	37.5688474697133	31.63808662889053	28.9838671237173	28.718625762337556	27.11140594014889	21.803584195094196	36.19406500497205	39.84132297554981	22.76268716131872	25.19151026027311	31.97653515799578	47.70398438594782	23.061044911360327	47.701300955483426	33.90419396837075	47.92141984764834	24.07129131154444	39.94843615150458	38.04207915154423	27.26037330458839	22.747428743830042	34.85133750919105	31.44768545387692	33.90444168968499	27.34096593262136	26.2883165220897	30.403378658981648	31.471110371452696	28.082959923061395	27.536923308969197	34.20811508735274	32.7962914059378	27.420640002740328	32.623490081060865	22.398150676553314	26.32857025445887	30.279289869744588	26.23209670731893	25.54316231847766	38.78296609098001	25.490384092756823	49.934500176207834	29.210470014756627	36.335332152700715	30.53688993074336	27.272645991285007	34.15967641465727	27.96244843803829	23.83999467689591	24.061129511352146	26.742227274448968	39.261386664662375	31.279781040527382	37.07021047312713	42.92369180786838	38.499320081728335	23.38815282786703	30.882078252442298	33.91895623692572	23.34096145375994	53.58928673964945	23.696819836109732	25.88544069598067	33.95206739803692	39.826515257910245	27.612685720914925	30.629951171338	35.728845173531006	41.71426606449772	43.12781189328048	32.14460979476038	26.014091811665136	30.01197438253803	38.54369314288107	35.45092024488949	31.83985674229759	27.201422447774192	36.033162742802574	45.221976334576105	44.56655161594464	28.041203244191326	30.386470673582952	24.68719359665745	43.59855487828657	25.21474080749503	26.851420658841	33.15364403284084	32.3354553880072	25.276030538212495	31.156649099117825	29.54095782100067	26.854386916219752	32.6067822944194	32.506915395597005	39.338953367167356	27.8789826172055	34.14749405521404	39.10752766145635	28.684792008958112	33.890614387755384	41.35080050881997	22.344152373769486	27.746005062892916	28.281385145113155	42.36913090752366	41.963489863825835	36.828228799111564	37.885243430912745	38.79974785803963	33.298260842048066	27.537604355632173	40.92970946565963	33.03155217159709	22.496234228427685	55.65827206762832	43.48366591154327	36.65381881552602	36.18326485416648	26.83289074760723	32.69204554180935	36.084145742898315	28.97470261497731	29.717473367781796	22.177014597801755	33.34626191086268	32.31043541860287	40.97464441267208	41.194479024648786	33.58348579999784	32.10507386018558	32.35499706029249	37.406249631554466	30.70898356085024	26.471414507025003	31.2221920364511	28.61763675870365	33.723885502747024	22.477555255577286	31.54782916939525	34.72433931311182	27.05151352895954	22.62693809443515	34.04455813531122	27.254949184380944	30.316846401344122	48.49046863658696	25.876122883781573	27.523815589730432	24.610897872761004	24.762384273416583	33.594439037837404	22.67486322553622	20.71880165009993	22.70494795360954	38.939013913791435	38.91807450172853	28.043678446986483	34.239759629290134	36.15387735247471	31.537558983722402	32.669031090906074	40.13560382262405	41.843095385149105	38.36484080563845	46.53887686558856	35.78326748002805	32.29674396768347	28.586868053183196	41.51797531440946	34.00700875610916	28.89753925430104	26.374321715089753	33.629051822049476	41.18222646652567	30.822668741940085	31.47066862807361	36.062892437654035	33.66037035948	25.366153505950376	37.67848965748038	28.762096454560325	21.959275796656883	33.08979712843629	47.82728133531297	44.62502542024036	30.868457583966503	31.057930786681638	21.8644538076708	44.212341141036156	39.774583110683906	39.05094154319979	24.867600681442468	30.920615092433867	27.895868963697723	36.15617606655166	43.82980127367735	25.459562040498966	32.84239159265151	29.868776362187596	37.03607345118978	33.47385967550542	28.987674871941397	43.30806383008598	38.9807477811245	36.296339922919266	27.876518281205318	27.97535424972604	35.381317578162125	28.59340789121225	25.436786484601267	40.81328640884405	30.288156511266468	27.717028099287027	27.99164626123297	36.062410723157896	37.949375116693155	30.50795108760594	27.929630582834363	25.70416430710373	24.90557977387885	34.902450322039684	34.95755296479963	24.60832300087557	32.1993046440996	35.22121109190236	30.560990655933338	32.03075488496035	37.36979376781688	31.73673013807957	29.14877570591234	32.85740150480109	31.273175991295567	32.242004962562866	29.10399802075146	42.5057887773559	33.06820621418362	42.95607916980496	30.9233710009655	40.01108644212721	37.371024562233025	30.50792659257872	31.85661833938287	40.12961666375067	29.493086858091484	43.23987562127586	41.53418662267929	39.4562897937354	34.59451446856793	35.71029668598968	40.07622368795192	22.73318813269759	42.256556763563175	23.189630895112746	30.7470724856183	33.255165407350965	27.14389004747254	30.99111739849449	32.856912400641356	24.439318181948842	33.37971298696954	27.64999715931238	27.282509841343067	29.927707242354458	29.778935385557055	37.15037053219659	34.20860381681492	45.324887804375734	35.44628597210615	26.969704484770826	33.55443747792224	34.74049592200792	34.2303529293086	23.829989831810753	35.990489414691226	34.38524405232472	26.78906296654791	27.777598074175263	29.75833212370406	28.467389039654964	26.29640401362928	31.78208282329735	31.744134617711396	26.624460035914574	26.573388474282016	28.92614921884532	33.32554661474415	42.209448435440265	31.072585644023878	34.75623832040603	32.41465560089199	40.04373224813858	34.24537876122964	28.829027377884948	36.744398167547914	20.62820064674272	31.313245523921953	36.816512432527105	37.57970558383401	29.758049860508883	23.70757244212568	32.76993812693826	31.06828836262217	31.310349086289545	24.597850698332213	36.024483031886696	28.02971642339227	30.34739767096398	38.188756858033926	27.353140012784305	32.5380371705683	34.82275433098039	29.465409915725694	33.1700049094956	26.77955309213391	39.91230898742865	30.32449802024278	31.41883240119242	36.37658553054891	47.8898316513382	28.490369571397487	39.80526112450911	24.602939732070936	31.249911811043987	32.034464879471585	36.3839446819958	47.016736617608096	31.15128069662732	26.139718699330672	29.227029715836714	35.45532517593155	40.704427361900215	29.13519300772957	26.73667537794294	38.23523635718525	27.312890844700824	36.78896710789211	34.30653765730219	29.291694806685538	26.6562294124103	26.283989535444597	40.43026874392182	26.69095102525999	32.781384725838215	27.65082905232389	24.502307272461014	31.91799153537203	25.9141089243472	28.679911757080298	33.032518429391224	44.21418372406783	37.97210633953565	33.03266205964273	33.98247185481263	36.07174006103162	37.671704068008076	27.74192892399594	34.904049064848714	30.26395953521013	36.48116410756615	23.31975214133487	30.863150688171398	30.496420743016596	36.68180073265398	41.238689028603154	29.915425954939725	23.58416373756446	30.769167600990247	28.44380493080296	44.96164125595227	49.728754819113234	29.145119161287997	34.903198561984574	37.62395117116731	29.958661254261223	33.758092757077414	32.576736072450025	44.426770481266516	30.748802917391828	33.42251343788374	36.76608722796934	37.496897619450564	33.929389261109385	37.44775753094076	33.1940872321603	37.04865575233109	27.38596111064358	26.382784107248884	29.976338429313955	23.7221846961153	31.464764635139478	24.55568123230385	27.402189691219203	23.920847949250916	40.366170954845714	35.930787191124196	29.45834166586356	30.714460791893355	38.94501508954136	35.2630411812895	38.25877241385176	39.491056191036186	38.755537086858794	25.621125257705998	37.88219018944686	27.040396096084418	34.023784783399044	28.559037497920226	34.85118884194169	47.97407743479184	46.393266848387896	39.81444815163673	32.9938015493779	32.82404365613639	30.537268821193038	24.76373107188734	23.86991170123899	29.176864013928355	33.59915952884054	37.99073639965478	27.393682962691457	38.80757932526971	28.46876357969816	36.82803206450226	39.99139078562079	32.55763284053021	41.15868516137087	36.795405778297486	26.56917609774346	27.547289793821545	25.807832334879475	28.09976667670959	32.5527184987091	27.70029824561875	24.47752561070673	38.12716388288902	33.57155614435067	46.056961062074585	31.75843265950132	40.04992646108129	39.46556195470187	35.26351281708246	25.443442562122026	38.85473662001809	36.87391994960734	25.831155632568386	24.81256841850342	29.90432423230252	27.033827321297927	30.611090269143563	34.09747299038835	26.941201362748874	44.83385899639125	40.1012674184822	36.10097831290953	36.53866103078133	35.61010469526394	38.95783611879637	34.580612384261414	31.917419294809388	41.95158932845548	32.44707119386901	42.19458786967278	31.67151154971691	45.190286788551774	29.20549960439334	25.063441919692515	27.614356299000733	28.90013230172705	24.106032455257548	35.30635082684062	34.806353212630725	31.745497457929154	37.251088742330744	28.026385133896607	40.7112207868346	32.04425204703979	38.09147690765875	41.77332310317272	43.09420941439262	28.99576328815046	27.49880902259912	27.573337031767803	23.128413498079002	22.40479478681319	33.97271428172895	23.6474401913177	34.20824056301063	30.765790725425482	27.069912335685803	26.733837379768556	28.39013996985799	33.94459821984396	33.34311171604152	25.152721743330154	32.26550875039693	23.077925247284888	36.84218423025324	17.87301789651497	33.89801228239674	27.717669777659587	35.16141590816889	34.339518037258635	33.32489906308457	24.016137829712083	30.098603559891554	28.7897907678304	29.834533655952313	27.803894500600588	27.300839607118863	24.829178132685158	26.405242508991197	29.735297272354487	36.95772073788317	32.142177181626394	23.692579346837345	32.276728571000234	36.36342591325146	29.86449719941557	21.04770562954636	34.98329942453843	23.88567928207061	41.51249799198921	32.008845004565806	24.11394126750365	22.021498192832	29.015657681190596	24.372487782910856	32.82831640574815	29.213737806889647	40.470921136152576	29.634286199958247	27.145193080094533	35.55290273609498	42.42286077926165	26.54070062145252	34.76930751469874	38.35929865661949	32.78598963994392	34.94547258439502	29.902075880467436	39.22699531352434	26.554693019233117	42.289261478707374	20.974386289228985	19.951039724570023	44.00782052368419	38.112629696023426	23.517994040533985	32.19137107050884	38.82932210302441	25.184614617567128	30.889431073755727	30.451432791647708	35.33815507656639	38.66268486075477	34.67788987628315	30.721037030148352	30.38957306035553	28.75958863955666	31.73975752303831	34.44885200639348	31.783800020696805	34.87304781039899	45.66492851006445	37.93149687296551	26.973164145923505	31.57286655855163	28.202410506374815	33.95955919144252	28.207008676655153	23.738217159502405	32.708525782091236	26.80179050977455	36.28410645244358	27.53179325379744	32.680882451744566	29.659413626354954	30.536851871337827	29.724514145251103	29.12905602666976	34.76597202546793	26.506656740545196	24.8799525940335	33.38514782074427	27.693474032536205	30.000805423140363	27.839143065100604	36.40007390494897	26.972839005096468	35.31292869622252	40.407436894479595	21.72830543652124	35.36385334893572	34.429096736141986	30.945386285881494	25.573474887290867	38.466155823098994	33.37684769783789	37.90189131468074	38.20180194668768	30.854447305712107	28.11148118450599	40.55676124014628	41.98598931556934	25.152410366797227	25.50381957741574	23.41685686220407	32.914513359998956	33.23560620071797	27.31678102591271	40.397100318078444	41.005721551436096	25.67623192950871	29.06723768655436	21.914140021214816	22.206165882611103	26.444590639814656	26.819384338890384	44.65345224448026	31.29111362259435	27.688418931848336	23.15757451922565	35.654435687069466	25.12935845435333	35.952902248826156	19.922156760870084	42.29613443138698	27.028007011020243	26.278109888419003	38.79647622271517	31.705053007622755	29.337998639596375	41.66880648510629	33.93895689950831	27.214975005326917	35.88986958202764	47.34916814828317	44.002683794453745	21.00149462756944	27.355238882148566	28.937650399389305	28.51404521962848	32.72522513037752	26.68747570268441	27.341169793165964	29.127211128101987	19.56873653953963	28.821614330629004	36.014013942886656	33.690076126177075	31.04761439936692	34.11144229785824	28.150087889227056	24.1848976027658	37.74991718156913	24.538544178179766	28.9594931003105	31.409989029035458	37.1844830848988	25.343934645985456	20.67038655058535	29.35459668080737	29.73303571323806	27.79892755735319	39.48478248076582	28.923471671234417	37.821672949058176	31.40379948081733	44.91807266807704	15.928964112816248	29.742795785712303	28.61230017258331	39.718279536101484	26.034792601928086	30.776075664370605	34.619188809017515	29.682589670813577	30.759033162806485	31.63576150565764	46.904441719642755	36.424396780918244	26.711338436248617	37.23094746013732	31.148019187186378	28.34038670362205	34.50921789482438	37.9458759381145	17.414963251036546	35.74310096735533	37.10823929094062	37.624943125702046	32.7395217499255	30.0073580784215	30.582909300050748	35.832376890516116	43.16602905098854	24.599697845223684	22.868389188093204	28.61627538493616	36.537298258949306	32.99649408948289	38.77206974541452	29.280341903524114	35.14579816966835	37.30423550862771	42.65069251592576	30.479037031250645	35.575862999686045	37.47545713172602	25.598772364389916	20.55624207007013	26.538098100109007	25.36906474352286	45.691042273880825	33.61833025795026	27.459180059940103	30.16849316898901	26.226760648356187	30.191874879343498	39.42380142823605	24.378582282247145	40.08418261113703	27.987205902213553	22.05946095147392	38.29767917682203	35.72975246582919	21.383885905306265	36.08502053542399	37.77232742695989	35.31488414893409	32.164269594232394	34.61286283493636	28.744461111374385	23.124057048146536	42.91506748995573	40.50695101608018	35.90003367746707	35.4963940246742	31.369234779189746	36.86600618384828	37.980392668666084	33.973798896382135	32.181519196817156	27.567928544369362	32.62490559858161	47.701715221067175	24.21548153981788	37.755582815772286	28.353942411359757	20.937707343851702	31.612128544125426	31.835339641593745	29.777654251929068	28.506787746244242	34.5422649965067	32.61407704159302	40.10209166076658	41.87334829728868	28.390155248547114	30.07642036747712	36.365217044212415	43.437578869820385	42.45986937810731	32.61396516845032	36.93019316368393	33.09165501608023	26.822079428708186	31.59314496243248	42.000936031816096	33.825657360755265	32.595068689839515	26.75142227628158	39.16435701013185	39.33814371108652	29.322867433395913	29.31156896173074	18.957989424975896	25.35205323307449	22.573504438403184	29.779982526504362	23.948793496739743	36.09394862201056	37.94892325674172	32.63470782502217	34.79728403302831	26.675847820497506	24.61707911872528	26.151378178286873	25.634444075682097	27.24811091296405	26.364681615033998	38.75067542479777	37.79746725975224	28.668918162506454	35.51868513230521	30.73093760819026	37.70279275683151	30.152759615938944	29.54701225751439	27.2976948963612	43.92382198585216	29.79238587435785	31.54192223338492	45.1166333903978	31.949483636150163	36.76743906409381	38.897501002595874	40.11631018900756	33.11597695117036	29.953972891705508	32.80273406105577	27.027912704687633	26.937177670386642	26.349184591241997	22.399554359674067	29.11746195769812	35.36264648405237	35.135999431126024	26.64229645777323	33.32436950954335	36.3473704887153	22.561994249609192	28.266104090165033	40.580021330126826	32.05470692988904	39.37320655298714	36.505760245660284	48.868528105348695	33.433435965150636	32.642325994382695	30.665846078718968	27.06118307086468	39.29409444354607	34.879426680518165	33.93150104114779	39.52657838533665	26.31013940347003	28.74782586221512	27.09236013556917	18.83195203022871	25.07665584862259	35.959982303217025	31.879508874498143	20.90436331885183	27.750619044338436	23.910765152267807	27.366367681865693	36.49156533121457	29.954179541600638	41.83964853065273	30.127803467636937	31.897888063802522	33.51923312571883	23.488568638518363	29.94381104757817	48.69502653708194	27.41560230622135	21.601384491012382	33.77323361557906	37.140251031642926	39.08730073070909	38.722742678666236	31.679631188622473	41.060695766360624	26.09928915083054	34.968885729878295	34.774428768644135	31.003786254139946	23.657362156812024	34.58104769573307	28.895084573716204	29.831075724694163	21.192823938076117	28.61612624043537	21.090606203990056	30.28185728136074	24.66109425541797	23.358248197235188	28.268288679193127	32.42279457774703	24.029919484604196	37.42156910063608	37.83033322288194	34.76503817661805	31.196924743582105	38.08332129220604	30.299332619615058	37.215169751636495	32.61531971811971	26.418634951422387	28.32595278478586	44.54351046298453	31.702446878628187	36.558476161591784	33.292117673133546	24.8542801430653	30.47159957171298	40.26742931571049	34.833665661908725	32.56096580625465	35.74600969612398	30.367072159308446	28.963395390019013	23.441307042759455	32.43428146886391	22.633572817308735	26.364811920689338	32.770601064262266	31.934758062515154	44.394151083295036	39.756270721654964	35.17637136775336	30.13437198987922	30.972992288063793	35.48362884923456	38.83033184490333	32.838495712168616	33.96839303256524	31.754658587022117	25.275423803057063	26.589804413854118	35.083284506831916	27.02111451812197	35.692717823908445	34.89192452371733	29.817410258414892	33.23218944485979
G12	31.529760790958388	27.263026936719616	43.52808813936623	31.597758752712412	40.488365715498865	29.367932194071958	36.14619130552224	38.036439410412534	49.68037039728249	34.61929684245026	28.87703272811123	31.656355230277317	35.06382115224658	28.910152631336643	30.736452284557114	26.4731875628806	38.83542627592674	27.65471994420435	25.46440471671054	25.376374690108676	38.82554085049612	38.82251547144488	38.84224793594882	29.711563793197094	21.719656707257233	43.07077065035005	31.70286359032039	32.71711995464795	26.444708608858242	39.73462637607454	30.15634000880325	27.176245266352264	25.655502895972248	25.80781927397284	29.66819498160314	47.4857942609977	25.13597350714715	31.489232131751688	32.690317482649306	37.97365727040911	36.36923788390319	39.28213691619083	31.753519443620334	24.62014234098038	36.598903010843145	39.492207415111004	28.522345873297613	40.550810914306034	37.74715620157172	39.264888970017836	29.027245438509176	35.96710109160437	32.66287488108114	30.39987347408341	23.276643857319357	36.16054350769276	37.32806724424833	35.55065885114115	32.49837988395241	31.64754168205773	29.059920152251735	36.2721686360099	33.43489592735035	35.66134745272329	27.31272746662238	36.84172332994383	25.73354844846302	37.922135538989046	38.253695242100726	39.02089794456515	37.10701015851896	28.16679588495911	38.69694204145815	19.87169198949345	35.763264632903336	29.25667390783962	33.058211166639886	22.5195242002035	27.28522845474288	24.279111588127837	32.16709906112167	30.9890839424636	38.7574111426378	33.07467614521913	28.889442334395124	31.62647718626315	26.37570611341826	19.833469615926834	33.61001363229252	33.813740082654455	32.617932074616576	33.89153025044766	34.69027289413397	18.1676304997272	31.307066032656852	29.998928150477873	43.98542873767923	39.7488498055915	30.756370835291033	25.2906674986331	33.784901061346865	26.44053353503866	32.74711906192111	36.88194499198771	31.728418519361846	32.172594097720086	44.182935836874115	31.980639638106588	28.017517015148492	33.52032076078202	31.41220873332827	29.013100139123452	30.19173657725046	46.854529496960666	29.818826777853545	43.82873296869333	32.10813706348471	33.360836343763296	31.832441589265617	36.02802713063926	37.125720766364935	30.8855385212306	18.79408357366036	31.913814573638533	35.76003606053256	40.07723652202451	40.1409189303807	30.175124215977128	27.654621384543436	26.11656250509227	33.28368741024606	37.897341671123954	25.833089630069242	49.91903767030722	32.60649764876892	37.92321798591967	33.60064637055131	28.25621713699492	34.020356665988324	31.6012726787695	26.50223802801217	34.31919963536835	22.908915706488315	23.814967915339913	29.22429287732575	38.78503656965967	25.12927296212309	28.920795320587526	23.05998367571823	19.39573430446211	34.62292342125841	29.26345990469867	36.53693835133897	37.08307261857547	35.908400602471275	51.72922999045683	28.95269969547369	36.286588168152605	32.50063117358155	32.65318013031644	32.13923135955368	24.508442996318134	38.024089162265305	40.86045658345306	38.39841938347052	33.752690849905434	33.33132984260057	34.877339950922284	36.66361074082655	33.66619500714098	37.37501925397851	33.60785955640287	22.222117723303143	25.89350673980823	31.852020973952264	30.06656642299665	40.686664919452134	44.25126676436529	25.50804014873092	48.85099143000497	29.625738102809173	32.597302415768844	34.28751217911697	38.40660590729722	39.366519147720204	35.778243244189035	33.1368793840408	37.74549238150009	33.29303961282493	36.59288736056389	32.97814519018928	28.171535554828942	22.021205667902663	37.936637499364046	24.397730987093063	38.690238654660675	17.81699074660369	22.59877720066952	32.48518648916237	34.10764139378139	35.98162035481648	27.903413287271096	26.796905835257267	46.072854528933476	25.76207077655469	30.390995774807426	48.02186233189543	30.74897200579291	34.181514982098186	38.247117298144495	48.42898248878601	33.601151652352335	42.94996314757978	33.61532051890202	39.431530747568125	29.795214770266025	30.06404204639815	33.63452497385919	40.26557226484966	44.0374770695833	29.306289410956403	28.4511382765626	37.25043278353155	30.68004107128197	28.308317883814794	32.69596552743474	43.94362072394821	34.43558717054604	37.00832624804597	37.45690148424765	31.178402713258286	33.320857334447126	29.936533027596273	21.70805912730335	42.178936100227496	37.89446262034963	23.071331893695195	25.920435075901977	34.80260680945011	23.290179993832634	35.57544211862198	32.533094730670726	26.733998920537317	40.42531089537723	36.234290977415604	28.46015805786331	35.52897773296543	22.73395679855528	35.40386770965545	45.43784849802609	30.56421569555834	20.94854133419565	28.800401184696334	32.01576706703818	40.93951026984698	27.00361934222988	30.172929881868818	35.72230359653624	26.114298868916663	34.91509391329302	36.71426889142568	44.79009266713083	30.210299643509245	33.501014932534005	33.03878218123782	21.264666248634622	28.94665649184235	35.80554549127825	39.21976083023457	24.463919110804476	41.30784563833506	33.56453421615523	29.220120754522057	36.42556915329575	35.49324177833057	28.502917292716678	39.98792457943977	31.841602514498913	27.526191739493854	30.444355145674866	28.409689610575008	35.74202744454637	28.067078534022688	37.641632324292445	28.424676767928695	32.80294299962039	25.20947748402898	38.66125470503646	27.036703454709755	33.94080409119023	32.607916068625215	29.59430017447931	26.640196192493022	32.821643586553606	24.496412301205524	37.724706244068905	30.743221171024924	36.11320330051929	33.383340335707494	24.418003025319273	33.93351847555566	37.207916264290866	28.852480482860834	40.967383510930055	39.55402736238359	40.61280661551659	41.45959996636504	46.45062649582102	33.30978495250207	36.724611538656575	23.442877405133107	39.030205071876786	28.85075177895905	41.96543972869962	46.479316072230645	30.160800369671527	40.609631889085875	37.40988180640575	36.79296057260878	32.05730889379828	41.59104162374452	28.795610563690126	28.532365277020293	26.413765889569955	29.861541192866376	28.55101237861877	46.105988610948074	29.634098064838135	26.912006929783402	49.225585176736985	30.315327503414455	33.076550519019676	39.741357344036246	30.027206563572882	32.8866002878564	28.752788279660287	37.41190973887095	26.671169640363	36.45486401193901	29.82276339085645	45.51130702149249	38.162377873619064	32.773136844783636	32.168164999690525	32.359138685960374	27.20916421607353	25.359273319995225	35.9445599051852	24.569058726714317	29.975976222173013	25.944834971142143	36.18697331747807	31.90783126514913	29.248429159349552	29.305303936761803	32.065094332934194	26.05617304985157	23.376587899474433	44.88720404648561	34.54091331716176	40.156715223177464	50.052131639193455	36.36785578828479	28.23832786153927	39.48863016932512	42.84526978329976	40.98428025461875	28.324298269270702	23.116050434286418	22.303079060019986	30.050737356932455	26.95490536137986	31.042114665964558	36.62518701470868	40.87145198746772	35.73037279634358	32.1454966494357	32.914710324286794	30.884801718224637	23.638099551370257	24.715082346651442	33.50511663657628	31.286281064794863	41.292971208080026	36.039858134075004	38.053432203604736	35.23689833854589	36.11678603006456	40.717765920936216	34.95720837647023	31.256356151853183	30.00257132907999	35.91257309822097	36.21889813584414	34.73947883644147	24.399378016181117	22.905909273226488	38.77333119801358	21.288097126031644	38.54873292869231	47.8406314418577	31.75109263610528	48.341771791192315	29.194331591419445	23.988707300199277	30.991413751584716	47.84782085272123	35.75523306492156	32.06190876868977	35.128126034729725	41.603597735061	45.89538969216006	30.157205477578206	57.64675000637574	44.33608797222874	33.053682108745605	28.2786656325351	33.56106690582288	27.742338279455076	36.07929035550519	35.08886540884565	31.24713166255623	34.6288946152449	26.5563544573865	25.367947194057088	32.874238245013146	37.009217764793426	31.15548296330824	35.926420689799635	34.074966209009865	36.612995130127665	25.594818999509176	28.09077794519451	33.640532462616065	27.770228622743055	29.610144227932622	37.03997516840202	35.38514955924195	27.98352850527958	41.522172780516875	30.85310340341406	37.87346203310225	37.438550113298206	22.761276066227083	28.805757322287004	32.44639344217184	24.342810863353495	36.729572135844606	25.286094185753687	40.340711197961824	43.668587084197185	24.9979539165724	37.777376768812246	37.90626301931217	28.771576812558415	31.206076039489698	34.36385538062541	36.0777690542058	31.807205556346954	47.08401434886974	29.187398376172194	26.169189394110422	33.45495551382555	29.44991981521682	27.979566525049975	38.19593125374242	40.76356244351595	33.02009243701574	31.812801429892513	27.243010921188322	33.19405000604939	37.55274473057168	28.26657921231812	37.44540883949847	44.55584069097542	31.888672371681313	44.06245559353588	32.149632985794746	23.442404994805617	21.92157089992296	29.578082728655858	27.76906257701276	25.741376162323395	35.02588347935048	22.94282385831149	29.4198861677733	32.58458819248731	22.741253851948176	36.386200011667135	32.13543261361044	23.246798862238187	43.37737003229548	24.759849094673722	38.8051948950092	28.130907725612627	23.499129554656538	34.603121430769555	42.84200900544092	35.9226990047076	27.45277987113497	33.09069824880552	24.5670414198195	32.86474592064673	21.782183536010795	26.834870425676506	29.360840079091428	30.542381286261705	27.615907461026598	23.624806900902716	31.388689917095636	28.76253006693872	25.52783262186624	35.36062557819031	34.68931232739204	32.40909882384936	29.434312805182476	33.512753831974074	39.56453706666886	32.90835615566922	38.9813364822594	33.991609084286246	29.32323549193238	33.44348024760943	36.79593649670408	36.57027265976803	31.652217964513618	29.2719242235163	20.563227344207206	34.762302052616356	21.518774681183302	27.465574085516216	36.57784088222226	30.22886399220754	29.5445061214276	41.88730601944248	21.161028835532726	23.05337149409701	28.820180979056637	34.31363074177007	23.317646307781438	31.010120661913902	36.96587587955864	29.456370971656995	30.264895576298183	27.718596498317	35.644147310582646	29.546054865459862	28.558054121465734	25.365940719480466	30.371378769258342	30.005934337512493	46.53840183756414	24.456971559768736	34.89168871381122	44.76097927493949	36.83462273732125	25.180379376468718	25.900879737284722	26.894136202377783	39.96405807374743	36.295634842371946	27.882881923107725	35.57872779670661	36.69514039666863	39.22872052145007	34.84115405137677	32.426088334764955	27.372495476378553	30.63019151220817	29.22124757855061	25.97687762588886	25.81156294544482	25.53223174721167	23.16045546453466	36.047241836309674	29.804916406368292	38.734206340838874	30.869965439829464	24.05871279811241	40.983417112258216	26.97500986418258	22.633026617454416	37.983839445264046	33.726336920693235	31.190473266733175	30.73585446055263	34.560147497038905	39.51383066614225	47.76482173518275	27.55980181703361	29.899822059311667	18.535295429604517	30.580038095473917	30.437219178296978	32.82531297400272	36.25290901073401	38.80821963299604	25.475318075589417	24.928254772881182	23.554733319883535	35.56007849447239	21.444466963553673	31.508636269341523	28.392179685776888	38.426953942283774	18.029229702369253	24.641804517751517	33.523668101696025	29.161186036641443	33.667942679263966	29.519918389231528	44.938604065037076	29.86607466680587	35.6266204025853	32.236566823228564	26.440739245195555	31.54101356506885	33.599726137109485	23.358633188354457	27.170785810061684	34.55305579892198	25.522883028783962	37.07324817401597	24.145669949436442	39.05338537957705	40.85453236290667	36.537446065172226	41.49445015881051	32.23168692753874	46.747674207565474	44.454912381776026	39.51536656221058	40.15496614152905	31.91694945104218	32.10084077430186	37.60613527924959	31.856094436113576	27.913346434898067	28.16591132480786	22.29130751626566	34.182255182992044	24.243419778875023	30.853521145316762	33.75729752957765	37.952316727328714	27.12740071266043	28.726704392749834	20.82814757607053	33.85890831434565	24.851889586170955	29.754578336400986	29.166062587743966	23.396078022997933	37.711939663564465	44.32283182195538	34.857531163632785	25.631492665730388	28.44949957143172	29.61212704240759	24.224721906685183	31.990412600689744	29.757508361279662	28.125335417537116	30.71896058740054	26.52076348735033	28.187117005801586	32.22170958859818	28.93128080300012	33.73656286036905	31.13824406377276	30.94935191877659	28.366313894004097	33.3260951007205	39.866987135600134	37.17284386520373	19.973456763353752	36.402274859594584	33.03566255454651	39.37468447281362	25.719035102120003	29.454715838981357	37.32302160146518	31.96416171015651	41.09501612276037	35.373858206572265	27.73077340942689	25.279115744003576	29.32417395982491	41.255195919430086	35.44191370217908	33.86864438889713	30.71422346644369	30.540883767257718	32.92699530045794	28.301580329747306	35.437169901672476	34.28713740153563	24.80752321384353	42.63872692902823	33.125853745773824	22.308478886931358	33.06039157475395	31.51355278198592	27.88510818184358	36.0973806674717	21.923574756367792	33.02394977076707	30.369560124380218	35.39405248455003	32.30619621810399	28.936088314276574	23.598905492112905	28.45044657163053	48.12595270714976	40.9313963362877	30.52228713900833	36.50798999100679	43.2915277448125	32.16842754388336	42.77222624603021	37.77843502027839	35.04612201516487	28.216217990206566	45.00805834404261	22.988800886410054	32.39106353057582	28.12197366540637	47.32608938640433	32.03181334865784	32.61808929726721	33.02997793715339	26.092646643219858	26.519078915150796	34.14050793113843	25.998819956740068	29.37421822069522	31.57618207521617	26.302832089446582	42.15689970342669	31.073351452553926	35.22756641958576	33.06403169248513	29.09799266789602	37.75318456892559	39.900332822137926	33.86060667206532	23.721469414486712	20.534230758655138	36.59411749584554	26.518015958042742	21.941891479321214	29.370691638951275	26.08038467483505	29.86700860744466	30.81986290677574	27.70424314947259	42.793307558488166	24.849626266607725	36.774894267783914	31.140472411495143	26.370328500925392	19.162863537871452	31.307202609077986	38.42697073266943	28.77914832611861	33.62097713455773	37.566955744512796	46.59130251798019	40.20976074288407	20.872434381757696	30.0275196652048	33.892689127537565	35.398683071358306	26.57282929172467	28.883334438504555	34.29105375317088	30.38336514783748	33.40552036378338	33.38697376692108	29.477409271991213	31.370331051833315	33.528733220972796	38.16279553633479	25.15083120638475	21.72312361251523	29.070330066018972	42.99502176658536	36.40701116272187	25.34750590321941	33.288884207726454	39.42950906218515	34.71269913567107	34.15383015530126	26.879775661451582	30.705634566383264	32.68245052089078	26.35287685277617	26.40355591175719	27.66369737396542	28.360489969964704	21.98170317000742	33.30306410020727	35.553477003028945	27.01859553233357	27.70669148807585	30.997085565471274	26.765772757934194	27.226450919345428	32.10979506986337	24.733838860068847	32.767727711301745	22.5653567131363	39.15886468519042	30.235335764725967	32.83521616630927	33.14468670919801	40.445963296727705	30.808085362660048	38.52196287473576	33.419835712514235	26.795885370431552	27.444613868415622	32.18312253410162	49.482995329601074	29.133489885508155	36.28800407970509	37.469789757306515	28.453376691817375	29.54265396816554	27.725991584497454	29.755116158367645	27.4944026880045	28.173687242491145	29.744514403438227	27.263062999078215	41.4247168832227	30.442905228430078	24.04755385621421	30.042781824502843	33.3217157448682	31.82830592127878	38.01152631987537	32.37428262861895	36.331269138570626	40.38838072357631	28.947632187198753	35.65908531257307	49.92567759753365	26.798279207032742	35.42754464789177	26.933322735419054	32.66901275824303	37.404121915903595	34.1012390150612	46.73552181667222	39.583495704869854	29.22251447811954	28.535418668362443	20.290668421681136	29.830697022874872	23.345186209020508	28.53660551926234	35.10661554119608	27.84992216959692	33.15113468264037	37.55948631438846	27.519082214706586	28.065289254584822	25.98987953175621	30.282024261398323	36.38652816618864	44.59901030883539	38.91707991776859	36.93950714581112	41.578468673935404	34.52862344904136	31.69395119603043	39.99072194746845	36.486472746454055	28.322847317307794	37.445234169358784	34.43784175842038	29.331723282348158	47.25338630245514	41.28138788367567	28.344551480355683	28.77799960760662	28.233418422096968	39.67435925036221	33.847003994138454	35.348792759711785	32.43402086164095	25.700184503929083	35.66336499499801	30.55950818549177	45.233092102578944	37.53855053756355	26.11068077651432	21.971981510507877	28.770644864396917	34.43820088604278	31.880930963948114	35.69096189263262	39.2514000050921	42.47225689715408	28.767656602506644	27.220202217936635	33.40607361860266	48.893682403235815	29.37936414882605	20.915498158949042	26.279156852380044	31.081584860227323	42.52956914844717	46.1472001608569	31.00674175882485	34.746319398177825	28.794004190465994	35.22364334666719	25.71072104422932	31.543746882435478	36.8011067273387	32.62690862410492	37.838268219598916	34.34945739174987	36.60727285503985	26.413883438026335	35.437464366175256	40.04088817856336	23.3897314998084	22.30844509361129	36.83098384840812	29.713408161299167	31.88480649538833	25.294394231106427	37.95281494183493	31.6493195285544	28.7830066205923	35.180725814688984	39.94600031533869	29.057326885592087	29.55698046039959	45.06874199858232	36.16122804568033	36.60971673851429	22.067742819571805	27.007372948954917	28.466026315389776	27.034805089148197	33.64191341451742	26.045805471847252	22.059976910826006	31.492030692771877	33.16160741177056	27.968680065069414	42.38108524236164	35.952006481121956	39.186604577210375	33.02923295632357	29.72868732906962	25.949769344557073	31.311948700422963	35.69700206159114	32.53564487722307	27.514919549764933	32.30977288702181	39.106690020047616	31.27978313856728	32.881340560376955	29.80626698974922	33.77426899291733	30.55954855960645	28.569363178245926	32.84356489828609	40.725180434644294	34.857115055051345	37.83440759196857	28.98298050287756	32.094616976769196	36.5497727864398	30.748760416499568	34.76651793829914	29.793802177837247	32.292409706652755	36.17211068147907	33.196191814627156	29.121879426643137	21.798953087342376	23.540564500991795	34.22417298465568	28.083781993971996	42.31479614436509	28.327552072493713	36.70561960737325	23.76321940059791	26.999445965278834	25.938336866398764	30.905318354261336	34.73901024459464	43.28977795385408	43.26044142834519	33.16348547065413	46.8386237809751	31.806173840804604	28.723763830624296	29.97552058213837	36.98579068644636	46.60329646003353	38.2676408397909	28.86813549895844	22.7697881903703	27.59594684159957	21.80747910327982	27.068096932941554	42.31782655679795	34.8691538459219	40.00118247409465	22.60451623571104	48.2796847969852	31.36528365256745	28.1912624117493	34.39431187604944	29.18744145930834	34.8853292573837	31.87728185899215	32.714321180184236	36.32549763522601	34.0258627945061	29.061128495726614	13.93579466799193	41.48348286069722	28.461993615895945	47.98599198718118	47.02202657629351	37.44603223982101	30.406106109588013	29.100460611093485	24.72661632921834	33.17550799292139	32.7073060061291	24.964303711319182	28.12574668706406	34.938873625615564	34.34842150164755	31.054673606772486	27.903659081960924	30.22684134889993	39.652250072765796	25.725027582502285	29.73709372054007	31.145982305048058	44.35156978321452	33.23457563946836	33.81575967448692	28.87949929395713	32.0859416628373	29.34088378242686	22.742602727896035	41.698128646022184	33.330951892026455	35.1136782040191	33.981553275793146	28.709646826729738	50.6523796373931	30.40306009804287	44.93773488962382	27.27365455805819	31.006737769757137	34.90230090248535	41.40723325997377	37.03493502182358	35.90593470235974	37.313723619905815	23.551742285413468	28.340757471939146	27.49946879874982	31.788093801447843	31.47541825304705	35.79155392439945	24.380080555323296	29.874622199553535	26.202112178023864	37.101226795854465	30.680028773962338	41.89934144243175	41.2709046944401	38.515636852610584	32.48264822754053	34.75313102219617	32.370744117091306	26.923303796282756	27.584828423073652	29.6361689543856	36.503194925301514	26.52700475501748	34.79091955220045	35.73488185800284	32.61199200614564	30.72017222938455	39.32911254294687	33.143319443908645	42.00565866746348	41.639473017574446	29.665821542204494	43.23038144144049	31.045230033712873	30.387757227472758	36.78707587600391	32.908435035142524	40.83868642501068	30.33922005982264	33.64043392603471	31.085336030889152	42.498691690244236	49.27678337215741	30.64608724211825	39.29479837589128	34.855551921207365	27.777179567526723	34.05707005677115	37.30062486847591	40.71502940031721	38.302313718560455	27.2662514210514	24.55011610984139	36.56944526433652	35.3447854456811	34.50850344743698	26.458360498299974	27.99183207572345	38.40976331530083	31.624558545366945	36.79770355886212	47.01207469689927	40.483549579527605	40.907827030334175	33.12551379147864	28.838700719685804	31.083285225349943	35.572568476424	31.360752264411676	29.295085213733493	29.64379856768468	26.141986149900593	37.707285083561615	37.950001927627866	34.37222923855028	32.06248882137042	39.755464179230096	26.567274371901224	39.77428507524143	33.93763324155606	23.907928853017527	23.344772725011726	35.87714070250013	32.430676516023304	31.516040682614744	31.502506537468612	29.879685359037467	31.165151730241238	27.05645685438428	32.82597848196839	31.996476976088207	27.25453933964468	27.900341232740097	29.933233918788062	37.309770300505754	28.416482207952786	36.24438104057395	34.63726815176798	28.276755366402597	26.83056141740509	26.3017613694168	33.749399454646245	28.07495362250109	20.846887025593464	34.093102757163344	31.940889705112966	16.961336292339936	19.815607503314524	38.66838445698883	39.72183219921807	35.17764161854842	37.48107692628212	26.250586217747635	27.705103394387663	32.83586236668158	30.576327772366728	46.58630506975638	30.25062332278853	28.865003612445957	31.218991116453477	26.461663966428915	38.89862507801413	27.19721710844038	37.17991988138957	31.618242746480497	31.368697025269462	35.92754755633982	36.75106970010817	39.26918447638209	36.46163692283947	25.485304103821413	24.54605725126203	29.130425343712712	21.17380641606101	29.221801194326428	34.38052378789633	31.85151337093906	31.379367225282262	30.490994431844022	28.841044177896922	26.854333548326224	23.366351870804554	26.897334874380313	32.492824185733454	35.32949981857332	33.1289638062645	40.80482393385916	30.527457458232178	29.64432443557592	31.650434964827515	34.19272762624264	27.86230337251552	35.12334650372387	30.979251246661494	24.665362475160318	29.448635700797485	36.09123211865151	29.295693030070588	36.94138063596997	26.719104809904973	31.832270708516397	41.93084527819961	34.439189814639974	43.240622442413475	40.57208171243015	36.27567507793329	25.58628831434841	27.32540301274742	25.70861237031919	27.72425362531259	29.458719210034236	29.270128656004395	31.593000074208323	39.764430843043435	39.64133986321913	36.511422715814774	38.26790506017006	27.169657684774503	34.55316804599616	30.731128699179486	19.010870489400777	37.80283161122986	38.62811956878227	34.586314577262215	40.5805528262398	34.32304645073937	36.763908781504114	28.871917950145253	27.53841313728886	33.01370708606069	41.6903316106546	29.24788583275915	26.77149590063443	28.678120562428933	37.61915581947347	31.39474836493342	33.13395535910515	31.023412015927	40.470775664301605	32.51479401538015	32.367911654436256	32.41912404604491	26.9605462384352	29.532485494673768	25.696877895229044	31.57446152110188	37.25045886584946	22.912732639734223	28.50290065956686	25.556037086757744	28.462556557818257	29.987901015520887	43.51366289056919	45.12374712167039	37.69663517139832	32.36908064162316	27.344534742351218	36.88097475739992	38.0557603352334	45.079235442468224	27.167255369507586	29.804093724147307	27.103653203320974	34.44049567263059	37.74059983854871	28.400044851445365	29.9390496018751	30.0701022491552	24.131825544084105	27.673135994444138	34.380305625839185	32.323259777092616	29.205867339847774	25.61222327025677	27.666885001337498	19.11443627902254	30.80179708221163	35.46747568166061	17.684649438726293	31.09686419250008	28.419759153988807	26.62170771634709	47.237627992314145	30.235890556426654	31.690602238876554	36.612856534075185	38.45995379708175	18.677934113900278	27.286964127634562	31.22226122206963	25.625386304391203	36.55689244689876	34.195164626174474	34.17327546251621	42.60245478726324	38.73070023500348	41.90915643098261	28.77127151174693	43.4023624899086	25.587754648604324	24.34927087292381	34.483741392650266	25.6693468852556	29.730576225045567	36.75071986622976	35.91685021745415	30.28575968666347	31.997038427236053	37.14760461386211	32.02046723647494	28.389763155127664	46.269842605816116	38.01041923931322	38.34753479334125	21.782027953096907	35.4849874181173	46.721963233755	30.918869639086257	49.38387760556432	37.02165521890077	34.6711861065627	40.1206825288053	23.199246607161562	49.2800123208441	46.87763681557535	27.25162229507091	18.04726556901353	29.378055096715013	34.05351277887323	19.660762122506934	41.65818764578058	19.498834784547675	25.613197509989675	37.035627471513294	34.91423781017683	33.58958233311201	25.15497200195982	40.883433585952396	23.282267732737267	42.80534570667514	27.111276780012716	34.74399086913776	34.7917339589869	23.183260333735184	43.04959147108546	32.76087276347896	38.66217299829713	35.820742409536926	45.97320707736155	24.661696487803358	42.2487213829421	27.326805360831326	28.10634878141564	30.295704158574406	37.3316177662947	35.69447593326214	38.9562357483965	38.34360070703951	20.395293617606416	27.85169578042344	33.5191589454567	32.63683592862618	27.996213843791985	30.727878227511674	25.995442938045315	30.984863866765565	39.94461458901007	45.9817287547645	29.513855996958014	27.22243373799462	35.24436323472421	31.30894427749328	28.29369202426956	24.825027225112013	24.421059415058544	30.547539077478792	45.85306156585451	40.185722433345575	31.450798109359898	38.8228226199159	31.605687803371907	27.620279569554107	34.24452011697005	37.39338935204976	24.344621997537775	26.213041072035185	30.104431885175526	28.17748825732702	27.80424387459501	29.8627508414942	21.376134099563444	25.66476392515783	24.781455024660335	29.45207015961324	31.17304148759079	38.49279847753571	39.615543268251415	26.978398680277895	41.30744318794225	30.190479569418738	28.741310448888395	51.97814789666483	30.65869673241859	32.570823360247225	37.01893078754281	37.90333708050937	34.69228793609759	31.788651596829986	25.07176490184744	39.5265852173429	32.26689978123604	41.770000571345676	29.690090385415168	30.422500176708436	27.54978845135188	26.940041735528006	28.806925355210005	33.73813761140221	30.09080218647758	27.20228301845997	23.5990254313851	39.62849340883213	29.075852560951617	24.10248738064913	30.822311626986814	31.63978603937286	27.06038125901349	38.536749239591735	26.46704117066772	33.16889265450357	31.048700134458457	23.445444756466873	34.75910794631669	23.553391844935728	40.001127792830715	29.632019655796768	32.25320792421303	27.776912692370804	31.898115127042587	28.650909595199913	47.20885570718426	42.53425576590437	27.86950784832404	25.062065437049643	30.645215713761928	30.600233081769307	25.623119211611307	25.030618787568958	31.56861557663165	32.301852763578	24.17008128967242	38.536304409761776	31.00159045573997	29.991992132126523	26.2764492952399	28.655170541974886	38.26873669551916	26.772372239904865	19.927733986592024	38.63632383383115	27.723797386252063	38.67385757494152	33.18026461434658	35.474973427659194	31.860364745947695	32.64737132886167	36.673726040168795	39.57870566997677	30.668709514572665	31.05416592787485	30.70725021104051	54.31278912317921	36.01591443423499	37.50323506877613	31.985322061829113	41.80737212548961	20.810757884905353	35.8084696797286	41.31082515464737	31.98081467750091	29.69945671881555	34.70014757376049	31.94817743002918	30.434324688325837	25.522628917875274	32.79241463869605	34.428321958236346	35.111851902826274	39.940763197281186	35.133386998361985	24.27338750294423	39.38633151584327	42.857584389211894	26.416437303353224	36.12100612466465	26.31764976599604	35.27179578278232	39.42173776620096	44.249648769772975	26.41460257409288	36.886802397322995	26.398817189384882	31.321010764683635	19.022940364213632	31.859057342787008	24.953445537026045	36.81362005939701	30.02294260577591	31.786671255401657	30.5242548745808	29.46028420740262	26.478754701868	30.385794384701533	33.496003324181395	36.793720397560016	28.303084467368418	23.60866048662151	43.08106215152471	27.64123926892956	31.660325487003725	25.879906152489884	42.023815020754306	25.93150043306698	51.47977219390719	38.36602760328893	31.432901431164726	39.08210707683567	41.229670884406566	39.88548942141404	42.29094121242897	52.96133581858729	35.879183790061994	28.248634578251636	26.97785304948212	28.502393507975825	33.515493361456095	39.470560007134615	35.48094762404093	30.355683922416375	32.508191286644355	32.365312141904475	39.06075201909893	31.71157177297532	28.34691993422726	41.34966523066731	44.537371641276465	26.47969990520585	35.00319120013016	39.25741134119235	32.18222030687073	29.60518346577664	31.303022752278064	41.63233470823322	40.61474599519863	26.587542389259752	23.911469692277944	28.69606021720679	33.51330911196872	33.601084651938315	33.18815065188536	28.04108441308481	32.36319975171217	33.433206049063706	36.95534207316951	36.621071006129455	32.651418874013885	40.391393640322825	27.962042726074543	35.48558977878077	28.17905529333583	26.361016064057733	34.03862772895671	32.12556178745396	31.9352987306318	40.80309865146023	32.01451391219316	31.69726808821683	28.32653241509824	26.843293116716875	35.8546202557946	25.654673191164253	31.178212830186702	30.867072168227	24.64351133341434	42.54251853103473	37.435106501321265	31.10538632474317	25.839681712504596	29.66993094906441	34.63475219977031	48.01338383334629	36.835386648129074	41.750872492496626	28.544079844131733	29.90208413150651	31.091404716873832	32.04178267036691	28.89530289952085	33.994088033108824	30.012156200409606	33.70951103558898	37.83969889596621	32.61430021471165	26.64662063084742	33.13778299206608	32.7482640493264	40.25763471548468	19.524712124740542	24.78255766577584	24.518957997805963	33.168699345091525	37.97539128043878	25.599990481685573	28.534267945997776	38.10101090834595	41.51894228352872	32.66574660262628	22.873173456694836	37.91669283435119	33.08292874866783	23.693088764808987	28.807896816605172	33.395494411997376	45.8466816418117	35.84859585580784	34.81471600407721	21.828478813468603	38.587482701609666	31.585122366610637	24.439371233605357	30.020275054452924	34.27142129490698	33.72398329208522	36.1717208410461	38.79936370851032	34.17999865468169	25.84227115535102	42.99199429705679	22.096398585862367	28.97860367088561	38.60115787522005	29.101906581476616	33.61730731129426	28.87841761684751	25.877161499626286	33.91282745079653	29.05613438560951	37.23772802591654	32.24549277014566	34.2698643258576	33.641051971828006	36.711336213288575	26.83684497425309	36.96834448426954	26.41891590361552	28.692732129860467	23.14178925658492	38.711275725686136	27.429892671296813	20.300216008222847	40.023683683116666	23.432826302907362	31.376604226710167	32.21747268568931	34.528814407641434	34.996201674137176	36.8315956929418	23.563050326841367	28.2921985914454	32.48887029952908	33.88436314359636	37.191495273979214	32.93419585191857	34.213589819536566	40.76332268261214	32.489626221289654	30.756234914519656	33.58076376848865	20.817031242092963	23.710337768948108	33.01491702066855	30.601103069752075	29.96833319158729	22.058842658357158	26.720895067573597	38.486188824919154	42.53192841257145	37.924942011470236	32.71163464076914	31.883524428293462	49.32615794510904	37.7529575230246	32.34149317801205	27.98287731614946	30.406987917151028	31.437683642049592	38.403731527228864	30.780975425546	40.07017922818645	35.63814502570593	27.778722629763944	26.493644813465206	30.70845770214127	37.937008952864495	24.484615750110397	33.30549746498868	33.44796016696485	35.496161785640744	32.768081032537154	28.499784478340814	43.265510009082675	38.06529036131713	32.527762604135596	33.60001850570745	30.000766192520693	32.00073480052208	25.972950469253718	28.420095550010135	39.50154017924995	44.63451303401373	32.68856060981314	38.29162737406311	27.300039588936233	33.187772140306755	34.00236570867607	27.103098778372924	36.12106449929408	23.17979125144693	38.449870516641795	29.25640528266151	34.815688795269665	26.547626846131365	38.37519345057581	38.520105881981294	45.096276116281416	24.787488377152425	25.616715716940263	37.671176900173656	31.53578181783415	38.21103820471043	25.35753977740309	35.664827999165986	29.511201523923578	29.922727648987507	31.861245391533217	45.1062523965906	38.23421393948455	42.67676753055108	35.468148704686385	33.799757098729096	41.79730988573625	31.595827574484133	22.55228173197644	28.516218417954757	36.86935015307003	38.15435815946659	30.3788708469581	32.727945262898615	25.710821558685033	31.341758477486895	30.229816442021054	36.02992317155856	33.65662956587874	25.02861217431721	29.012078385430154	28.500838652203544	36.04120975881971	34.75837185027669	34.45808649467982	31.443702265742317	33.45975477771341	32.76801829420805	42.09561653682751	27.09304317201656	30.572436485699814	28.889749058499806	36.19406500497205	36.406726167312755	32.659507666239904	28.718321696711346	26.415398608779125	34.31339227761159	26.648318564238597	34.980954034021174	37.67132663152305	40.354879871703865	31.348658452243917	31.292941652011923	32.00365388939435	24.688639973966843	25.849350845261412	22.03834577787081	30.08039478196923	35.65811970811697	26.73338891189644	26.2883165220897	23.469274754301622	33.89196501541059	30.37544644739294	30.59658145441022	38.28050974060901	41.169812615964474	27.420640002740328	26.691946429958893	23.92529731359104	26.32857025445887	47.265232967406185	28.249950300189617	27.813665635675672	43.73398303876469	27.659778483629744	37.25272235367886	30.895689438684894	41.32253460503218	35.08493736723705	33.25932437961586	38.226304559259326	28.521697406799053	26.165847816105266	23.058582448379138	27.287987014743845	38.03446833139167	31.279781040527382	43.1362449141843	33.07235270442318	28.489496860478965	34.107722873972754	28.88968610712344	33.91895623692572	35.82566176623619	34.02494396168219	40.482067220020795	26.881034568903004	34.659402135496016	45.51601743761171	33.529689803968125	30.629951171338	45.20792654610045	35.755085198140904	44.81909863419344	36.040926133519214	23.47613163491732	36.264469045566784	35.63473516983344	37.42041581405002	19.899910463935996	26.17495367616007	33.548117036402395	33.91648225093208	29.065142358224765	39.64445975902912	25.884771314533623	30.858991995821814	52.16255672937857	31.03352714768619	26.851420658841	31.85350112959218	41.695718789798754	32.91762116604418	27.694799199215844	33.676691915940765	34.17831062064332	30.432996808124777	31.441114890823332	24.110971418586445	28.931019697100048	26.559162042944255	48.06966941720676	29.80968581323098	45.18748585034051	34.75864390596461	28.438012112070254	26.75507631064674	28.281385145113155	32.70599578826388	44.38446043289271	29.8607260533337	47.936430463603884	30.44287908861571	31.71262937337911	29.126312299226335	40.11111527634644	31.851853879754337	13.693359965129895	34.68558983924663	35.986482133690984	23.775450042503365	21.70995891249989	31.40019130039144	26.983910605937872	40.16914337416982	42.082306178895614	28.726890922189067	32.71109653175758	29.263046166675412	23.933655865631756	31.629550072939853	46.040888321666294	43.53414825925646	44.825952182145905	37.53179658993929	24.726165010688543	29.668001067262093	41.100354103012506	37.07635304328568	25.551461391699686	40.46866260329643	30.344699595029336	39.43478646174406	38.12868630459337	29.86937952155949	21.574522369112586	37.19683203672893	28.95838350840475	25.427032465643457	37.17602595471667	22.10252162989676	25.557828761892544	30.763622340951255	35.84029302731347	26.06465097763247	23.70553882669696	29.3516356709749	32.73736681683236	38.939013913791435	37.42122548243128	29.101930463853897	43.71033144164698	32.86716122952246	42.0500786449632	30.49109568484567	27.740784995048973	34.7510453198696	26.855388563946914	39.487531885953935	30.93129900815984	30.758803778746163	20.70083548678783	34.96250552792376	31.0921222912998	31.62372220282001	29.30480190565528	30.197515921840345	34.59307023188156	22.98639702788752	34.78337058892346	35.22422052049929	26.602550767976126	32.08072355164312	31.280255564700692	35.399503328689626	15.970382397568642	39.21753733740597	37.27714574664099	32.01360519278113	28.062234167242273	33.237434701536486	24.406832157399965	29.4748940940241	34.88998518481044	34.364828558015816	24.360098626719154	26.282522828568787	26.152377153466613	42.73002626047014	47.07645321987567	27.119968260531508	39.75657929636762	34.686320936733985	30.964586000175064	31.504809106358046	23.61958693269299	32.85439325041005	44.43805247048193	39.143111681579605	22.89856858813294	20.832710611498115	31.450060069477445	23.198425270228807	21.107120699988286	44.52358517328442	45.02293535458529	21.777664935154093	32.07376134099611	29.664241078726658	30.991989678632745	31.49207854204484	24.364145827578913	31.63589453181998	33.02696448275238	28.608565837737448	34.95755296479963	28.545654681015662	17.56325707859978	38.28392509989387	28.01424143460556	33.67335769957371	26.95526107842529	37.37881549596038	28.577231084227783	18.995685244963127	27.719405992284706	27.15116207373715	29.78083518402475	38.03149522184475	47.05860115095361	39.3157334774486	28.210794597372033	34.918766349492834	36.01207821451546	42.317446563899516	31.85661833938287	37.940728482091544	29.493086858091484	38.51051422519881	34.737683357149955	36.9107227102686	33.90262417919657	37.37124071789618	41.434739745170624	33.84719121979419	28.841776838622483	26.28158168112778	24.98199639456487	30.28595421026606	34.81498940871478	33.2867557243089	34.78967195362026	36.32871621641044	37.450409692697534	32.58749665204673	27.875607881372265	28.962297331310765	35.139143754957324	40.52767694421446	29.321660414412786	32.286221449692306	48.000178920560415	27.556002408352803	48.23450387451322	40.39592549070689	26.406272259752352	31.5885911724003	42.34175225257791	25.788933039243542	37.380087860299405	26.59557262421036	21.822776890716312	38.51470281835672	32.45088154873401	24.829752205701055	29.098790066235445	29.582733373238412	39.36798292486225	27.928695797505828	43.12717797202183	31.942285302495335	39.66713060939218	37.652591513773196	24.310991700668993	33.16121576798976	39.849168013067214	25.43737709813378	38.21417409424983	23.722430743754124	21.59534174063583	27.95327795802984	31.885810798404616	28.491749866444675	23.70757244212568	31.599583193833322	32.240676602721116	36.72944796660889	29.070187188938068	27.308882298365724	31.144129359324744	31.32634598293056	32.051278077278475	22.79428334398692	41.267754460232965	33.08161661443137	28.39394046424476	27.188528614340658	24.795882492716583	42.17149628860386	29.718008059837924	30.08186080965232	41.68150425375396	29.047930673762515	34.403465142819606	45.59511728807407	30.50764526776796	26.367113090568363	37.13085701938752	33.22012340530051	39.78339252259147	33.86008771372535	30.663900781907135	37.06842793228071	37.58264468648744	42.10802830541402	34.276697656152436	29.06160367167711	33.847586283409896	25.170703327469386	40.32636779134328	37.807204765190164	23.86730687952155	30.605300436471087	36.992281568403506	33.25715654741956	32.898148938111156	31.47012933680469	34.699079595073115	28.313777292621616	35.90774047729353	27.43846827283821	25.974259704525554	35.930107765302736	48.23365497171036	39.23784321752017	33.03266205964273	31.678575457876182	40.99061370571775	35.16025713014087	27.74192892399594	39.178014256462845	35.52725684568146	39.287407500455856	31.09300285511316	29.238774336162376	34.43144277437357	36.68180073265398	30.438079997302328	29.915425954939725	26.728718902573053	31.999934305029857	31.604227700892174	33.358637060867814	42.14301255857054	29.145119161287997	28.80898928925711	32.84630657800321	23.24378890416819	34.72260969299391	39.48695281509094	38.77245423819623	35.97029775242063	34.40552853899796	36.76608722796934	36.76166433279467	35.40458009854892	24.965171687293843	33.1940872321603	38.28361094407546	23.627103703300346	36.02264753105136	34.537955146818256	29.2741853696742	31.464764635139478	27.478976617101928	37.18868600951177	27.907655940792736	37.13687727845806	40.61741160735779	31.03646711224911	35.942454118173075	41.19184288316874	28.2104329450316	33.79524896556905	41.90887595783432	35.41454251040545	30.175991970187063	30.697636877655217	31.869038256099493	34.023784783399044	27.416675998003416	27.106480210399095	47.97407743479184	35.19489209188047	39.00190839344006	31.527410369405544	29.368881166016774	41.10786187468293	33.7208252893785	31.826548934985322	24.314053344940298	41.41291755880346	41.715318399620934	31.9592967898067	37.57559268002305	25.418538910444784	41.88285999492414	45.17545996153459	28.881771068212284	34.29890430114239	31.08577384718236	37.50942507916724	29.8917399890404	27.958485029452763	25.497936428866108	34.994172386112275	27.70029824561875	31.331232781704617	32.47869515949805	28.504151443316612	32.00568480584844	31.191317790581653	40.04992646108129	38.72092871027353	27.300784116450934	37.0589272100473	29.141052465013562	33.59623817630891	28.83477838054145	35.061237982667876	21.22242364873082	33.92480291300132	36.600216626149916	32.130311087096715	34.826431029894884	29.209938437042783	36.583612381773236	29.590965830253715	44.48184821138596	47.717540291653684	40.37448470493442	39.43403166626302	39.0988386361415	46.528126346105175	38.06291043896172	37.9751290827055	40.82105933074624	38.99983654354468	34.35941129928628	35.08881868756952	30.1712411415008	34.10215611603792	29.462928556425894	25.499031152718228	37.9705671410517	26.66621786466049	45.52910846284869	29.81530333393256	34.28313329417651	23.365600450966515	30.83595749667613	29.371867806918317	48.3864807459847	36.244704110188074	27.49880902259912	27.573337031767803	30.28720815224631	25.969193957442563	39.634833328683776	21.67682017537456	25.411835846807893	47.13057302618372	35.30858130741627	28.689971822190646	32.7578538113746	40.73351786381275	25.431186902065566	29.969200375031672	38.19182668414331	30.770566996379852	32.47107762666387	15.887127019124417	33.24612743081219	27.204379596591817	35.83759698332599	41.20742164471036	35.407705254527365	25.10778045833536	27.948703305613588	28.7897907678304	33.27697984702374	32.016605788570374	30.450936484863345	34.866505462919584	30.606076544512522	28.65401373517796	32.94057717941761	26.019857718459463	27.549510868415517	27.089397193518053	34.99122116180801	19.90966479961038	32.072694292642076	24.38229959892072	16.919022824800013	30.33605622491519	29.49834735714888	32.79496012380497	31.030292908081456	30.153526609864738	33.235210613060254	21.885544270498762	28.131747517745588	45.32743167249088	33.54824852825462	27.145193080094533	38.72726905181775	37.70920958156591	44.2345010357542	30.234180447564125	40.064156374691464	41.96606673912822	36.46484095762958	40.11254081526119	29.420246485143256	23.303097955653552	41.50612700687946	27.26670217599768	26.93390362816953	39.77629931948378	47.99368183943691	36.51478022082908	22.7233207556533	33.07682993961339	27.754473252012755	28.41827658785527	26.711783150568166	36.75168127962905	33.70593039142724	29.561479894536458	27.863266143622923	23.693565436887365	31.156221026186383	35.045982265021465	33.123896159993734	26.968072744833652	34.87304781039899	33.721793361278365	32.921676531253084	31.733134289321768	31.57286655855163	51.27711001159057	40.89008147541038	39.62413123625367	28.898699150698583	32.708525782091236	30.77242614085226	33.96809965760676	29.252530332159775	38.56344129305859	33.98474478019838	36.26251159721367	26.157572447820968	29.70021398797701	38.04578070711585	24.250771060498796	41.20742148386799	35.429136462830655	27.12830109309669	24.643518740436726	28.4191252122902	39.31207981734489	28.227389656496303	28.892396206000246	39.014077001566505	23.357928344260333	30.509991124571997	37.2396352452148	22.241996392977324	30.491450827154498	41.54344828894691	34.10243134344306	33.40505675192201	44.5687689378023	25.19779863299822	29.192691999294684	43.21622099359849	31.489491986677006	37.72861555019584	40.23935977770039	30.811653766057987	34.81342759230659	23.460427906389157	32.89163429650714	30.082947045377562	36.376043311757826	25.67623192950871	29.06723768655436	27.83688056748909	22.76132002967638	24.857915201425776	28.735054648811126	43.95574205316026	34.64373293930088	25.993209609490275	33.44982986110372	30.169137889058778	28.337361661292054	32.79913889366597	22.198974676398095	33.69353081822353	37.64615262249248	20.43852991321478	33.573873654272745	32.216424830326346	29.337998639596375	28.062665592010358	28.94793382605121	35.844113421650086	25.014151526867753	44.81260556891086	29.098548960848444	29.002064009500657	25.250989737367906	30.283587627267877	36.47145318789689	38.861204842323296	22.068489523373646	33.77438621508737	30.94766182360836	37.180599425125294	25.81936283785515	42.01634960003443	29.552698356295682	29.533096623788047	28.305239353541946	38.159008027618896	30.519037451109227	34.31810652869921	35.33550361657886	36.34132467489945	23.557491771776593	33.87919569957447	23.575753159056237	32.039099153407285	26.68599698255215	26.81803221194021	42.96197895227311	35.17735166468228	23.34174906801374	37.821672949058176	23.82357201993039	33.17026904719535	32.85348848268351	27.82390573502119	24.665776010847683	33.905848384476876	31.360091088686104	37.37094902102145	40.2548707081599	31.577223054056997	32.68147273548189	26.640641267922224	41.13158735414826	34.80553470176632	34.42794731783155	37.960966037787074	25.956682655988647	24.0625924842074	24.989433647976277	31.954421842622732	32.65305609569352	30.381635822252036	34.51929236366569	41.17446606208903	26.648447935985875	30.563049894688568	23.91027454367604	32.846345482973106	41.77357650095666	29.285354577647244	10.937055698653271	37.12381671559285	38.56714816222427	27.9201103834086	27.304274468601776	42.363047860417865	36.12207034104803	39.30267669658991	33.01989098007156	32.6561111049114	37.89602797792644	29.35577475318538	28.15864960082891	23.56447261690966	31.452560711240306	29.271997780987913	36.26273196339748	36.41985777944612	33.465875698052	26.275784372990426	24.169759813190996	23.945280076720707	30.76979623667204	30.61496379631037	46.764879712993206	41.24430343484102	18.048649869387752	41.77928637471494	36.4741223088673	29.53012815494675	29.882907630897996	23.244509185821467	39.23876016548232	33.59379268730939	44.839390490713015	21.80614291207712	33.27608209367428	38.86647621731839	30.380213262060135	28.046901310521147	44.37049253084275	42.629985725565554	41.474256956829315	29.318197849496627	50.58321169016896	32.181519196817156	29.5370662975386	36.78978716435799	38.58226966409845	26.152720063003308	37.093204169881545	26.39849810712805	35.65069088277452	30.522055146052136	35.89942555328656	28.69483046094983	24.434389496780778	31.471841441261667	40.52051996076709	38.39561967520204	27.34586011251506	30.971078452960487	36.342341277368185	32.99806731789645	37.90915974093415	38.59988125282482	34.985889907973984	39.448160879389654	33.76699491436759	25.110031805599153	29.52146332555166	39.790360451194196	32.49916099366683	45.05788907124874	30.789372808550496	29.37326775759889	28.60955906260838	46.758085907307	33.05347138237722	23.69748678121987	33.60621009965688	31.172934700652018	26.24676426064791	28.847410348345598	46.07738121958795	52.85742882189025	36.80084073885478	32.43814613248402	34.01170597113432	32.49454443671737	27.785839314429804	34.507905486495126	28.38344886767089	30.24184067606841	39.52568893329372	31.0133064695403	27.01494211466954	26.35257284009741	26.956962814201983	35.346368209529544	35.58025634680796	23.844957260450208	25.275643422556666	32.158512525356045	31.44751842293329	36.394525653905674	22.5583166951989	31.297453357861382	36.11087765223499	25.931667335063914	26.744206792671704	36.495158272718356	42.20787089285776	37.40662656085308	33.942029908212376	23.94415792923257	32.14600520131523	27.99944294959258	23.161617466350776	31.359328014159647	26.979428134614626	32.952314039877415	40.9612041888137	36.3473704887153	24.100312039355273	32.034917968853705	36.95680513993693	35.94012595169377	26.516649311195422	39.16072462716285	39.79294431435537	26.866153900567475	24.200345133766483	28.055986837976928	25.9096433657215	36.936448776933304	30.012529934399353	46.34546483668966	45.55605644411681	33.027621804355995	22.23888415756264	17.88095768947565	25.770039620312968	26.67729345598148	38.78037307209679	31.879508874498143	25.881592680483216	30.72389965623184	30.668155303995665	34.20795960233212	31.278484569612488	25.16151081494454	30.865314489825785	32.071532723613515	30.54053112491731	40.223079750862595	34.05842452585163	27.221646406889246	43.98260461413852	33.29037422898307	29.355727641632214	36.5302322780753	40.11147111417436	28.924602540724727	30.779615975350087	32.63962001252012	39.6688077742806	43.49881525138424	27.198022234349786	30.0592519864551	26.410632735008104	26.743105046830983	34.58104769573307	35.724831836594575	32.48272690022253	24.81111095189399	30.299427783990392	25.957669174141607	37.311574150248056	30.463704668457495	32.034168956208255	26.09380493463981	28.50969868043273	28.718684262087944	35.452012832181545	30.65561485302502	38.8074844762248	32.23682223503484	42.050333926810836	24.434945660979885	34.352464386125995	22.07806257841949	25.900622501394494	31.93107404830406	44.54351046298453	44.67162969261244	39.10906752170284	26.75259455876803	34.413618659628874	26.856325046255506	37.75071498347858	45.49703270126854	31.574269872731783	53.9992912430809	27.08414543938321	24.390227696858116	33.487581489656364	23.785139743833533	28.29196602163592	30.42093683156462	34.75669809845998	33.70891128821044	34.34264517764333	38.91039262119422	30.348241964336232	32.28682713201345	35.68627372320393	40.5527186848395	38.0835946940398	38.06280184819544	32.241186607180566	29.957225082096336	27.741318808233363	20.49630756901255	35.083284506831916	34.92973340147474	36.52278102911562	25.54587331200733	31.741114146054564	29.82375975820751
G13	48.60838121939418	33.75422382641476	40.626215596741815	44.52411460609476	21.208191565261313	36.88065903441595	38.98118670203378	31.45320951245652	43.470324097622175	36.696454652997275	26.697634031650004	27.061077858140287	33.81154182538064	31.59946915518191	27.383384762605427	30.333860749134022	34.88606089193419	38.37797869807951	37.34779358450879	26.996143287349653	38.82554085049612	37.85195258465876	38.84224793594882	25.101148721838925	28.630456568657262	43.07077065035005	37.57376425519453	29.332590304167123	29.750297184965522	39.73462637607454	35.37570654878843	27.176245266352264	34.93515287962178	23.119504766267333	30.238737192787816	40.39836228174431	30.16316820857658	43.48513008670471	27.34099280367033	30.260258137357265	38.02238506044424	40.953717210496826	22.822842100102115	27.574559421898027	34.44602636314649	29.46244045254313	30.489404209387104	39.263483583693144	34.843528801450816	21.296210966789335	28.409644471732385	45.558328049365535	25.166477367390385	33.06652904198546	32.479037940445615	27.364735627443167	27.83788065672757	41.70365749845404	32.49837988395241	40.33510214379907	30.914808672608228	21.567235405195078	39.803447532559936	38.038770616238175	24.635009087541757	36.84172332994383	19.795037268048475	40.680109032733704	36.911460321325265	23.412538766739086	42.96601176249564	29.31646102312071	30.83662568928696	27.005119883157764	26.382736204600825	28.247823083431356	35.041703836638284	29.400489928043456	33.348612555796855	40.02772451015671	30.531483854623954	37.806682409805596	40.99341563163613	27.662456412365092	27.893254667691846	28.29737432455124	31.987558477975337	22.376222130789248	33.61001363229252	34.80826184979135	37.37471383549816	29.72941250039268	18.831862428244154	26.71710367606941	27.891749738185197	19.810612929560858	31.511948946397055	27.97141282615698	39.40660013271664	40.85415519009962	35.2225564256595	27.419812554854907	37.98665811182849	26.823232721445606	27.122680347196418	28.540204441525884	38.55965309399922	32.94974993017043	31.882002120686217	30.358026349387487	25.996310675857877	28.44421582267005	27.633114833415675	24.579425309881007	35.66565555782483	34.01633006525453	32.79128891589928	34.49171215202646	31.09215224998037	32.09769689820588	36.14872811461849	37.41901782379861	23.73989504041309	31.913814573638533	34.329634618111264	41.56157861543283	45.875335920435084	27.157611794379413	25.442251673779964	28.62777043827422	35.66109365383507	35.11077243060013	29.600415201121006	37.43927825273042	31.61842196244259	39.503352068666324	28.72313318772935	38.347723257350246	28.83081073388841	40.85042565792155	31.41005988505146	30.39700539132625	25.572743114219517	24.807258245145743	33.12086526096918	37.16899337925718	42.643614723602816	29.48786973863826	37.47247347304212	18.287406629921417	21.02106064862118	22.075943436877946	32.5510905311929	28.971150483262086	36.57337098399852	39.791715377274485	27.987609705624568	33.82648049573548	31.761980465091064	27.023321487158434	29.460962079590875	29.807565806332867	31.790631922549682	33.43128265918887	33.69657211202515	35.560870716864656	23.654492146361694	44.38934175571927	30.974429763801737	44.888260009521304	29.325015106967754	27.384181860772713	23.772498029580106	28.482857413789052	32.39188573622264	30.644769623438894	39.96011733160478	45.07073466740909	25.50804014873092	42.112923646556006	38.74134982675046	36.67196521773995	38.09723575457441	41.675253218556556	39.366519147720204	31.140322823646013	26.825092834699696	35.22912622273342	28.950469228543415	35.0993001213572	41.707654211121735	26.228671033806254	21.020241773907088	31.613864582803373	36.5965964806396	34.047410016101395	31.67465021618434	20.58999700505445	26.62720204029703	24.288774931935233	39.8926660455574	32.05924079814126	23.257691857015743	36.474343168739004	34.6797106607467	33.332059882046856	32.85706370077055	29.650794434157447	35.302220391347305	46.49649553892076	49.83272111164938	25.51198551382307	34.513363243590895	32.43583558841422	24.973302806793146	29.795214770266025	31.15727993899445	29.223439731385856	25.083471246955526	33.197482713993566	38.153471119924376	33.00332040081261	24.8336218556877	28.762538504326848	25.78078950133133	28.74990072239951	41.546695957187396	27.096855478462462	28.37305012350191	20.066197223704098	36.472848457019126	34.98690020116948	28.388091664099914	31.990823977078623	31.849400728743213	37.13657336794264	25.754044904589986	31.32052571671489	22.096893212349276	30.499045230018925	31.033896316244707	34.446806185416065	25.12995898530508	39.812806184841214	36.234290977415604	34.78463762627738	39.56636156625696	28.291146238202124	47.754054120000376	28.914994498743877	40.47693429952321	34.50347984455754	37.33385338756932	22.868405047884416	34.54271179018339	31.204182351021192	20.888951456678413	30.894965272679993	21.09231831720192	34.91509391329302	21.910128209399197	43.975727345910265	27.605963467344655	25.618423183702475	37.75860820712894	28.99727215722903	39.3996157805632	33.8701105998578	31.979189600037422	28.031573981130126	41.30784563833506	36.73099970824535	29.220120754522057	36.42556915329575	31.28217919446084	18.614150068712934	39.98792457943977	17.567780697654573	32.647343691027594	34.95462998207114	34.09162753269001	34.55062652972816	31.12894164682516	45.92279143563678	29.517933566695184	28.470478829859207	20.482700455773546	29.73942669618189	21.93543865193433	20.36448245471414	32.607916068625215	31.870784803285414	34.074669548537585	27.029588835985322	34.29497722168774	34.8775586030071	31.292207263364656	42.67924026425007	43.60273023439346	24.418003025319273	29.40904934548157	37.8606867250679	22.749071149947966	38.40692204149693	40.30032976544743	36.41148179322177	34.87871108281504	36.905977215857796	38.43436725288701	31.780913831529727	28.894709359815227	33.11653763674394	29.812443504924353	46.23311156551653	34.66254079962963	24.774943160801612	33.28658351564416	38.36910954503154	20.770219678085603	27.167210926947693	42.375778258154796	26.079043529379735	26.33756794801873	33.1577061166942	36.49743923572557	22.735065412603834	43.178624254697404	30.895123514405714	26.912006929783402	42.87389676683544	29.102714403277876	30.06959138092698	30.984787081790973	28.474075189594977	34.64838244613443	34.033912657557075	31.426004180651603	21.929628370965133	28.08817391083825	30.36499545250839	35.23456027470387	36.08079362596711	38.47281281778948	30.05877713085836	34.320298606321614	25.075112120695213	30.077277658598987	37.35415048970227	30.084561706180796	26.820610304049538	26.942713239262993	41.86336128884718	23.795670774009523	30.352143467249533	31.258990865879255	30.85509077320083	23.501646280258278	29.75202096296746	33.665403034864205	31.662503874064942	46.58178965888586	31.929808114657895	36.36785578828479	40.788695800001165	41.811490767520716	31.705499639641825	39.344909044434004	29.413694356550344	32.74773811523909	25.851296183204983	39.84989084288869	24.259414825241876	20.337937194942295	32.74069748284563	28.98157504565893	30.233392366136876	28.70133629413902	37.303338367525036	25.943233443308696	34.47222851241496	28.6470272654369	29.390453189979194	43.20486432757386	33.03437696646402	44.6580850791799	40.590327683845054	40.37561267958384	45.53855629877705	36.120598800830514	32.367785533768725	27.278274459799142	29.002485618110658	36.59016881705533	23.76865190164772	39.371409347967	30.641079369157683	39.130928341761916	34.95956091624175	29.397848412138938	24.781328311302197	43.716439076180315	32.809462390642125	37.01166902763162	25.7597043453701	24.499105327863088	39.60013979369158	29.495232032499388	28.80282663563126	30.804579013054873	30.814145644499757	38.01708068893505	36.424912454095285	47.85817391006976	38.171496625843396	37.88720244899547	27.35477140034119	34.49997207169282	42.19105553874876	28.308508448423545	33.824334708286116	25.34195835083297	32.22360452701111	31.80204607522491	33.571240540469724	31.30512632458109	26.89710401864712	35.638505995727	23.23459746416208	47.35755454564497	26.124140760240895	27.45974634759575	33.94095562978391	49.93916079145691	25.689133880543178	28.30427148087273	31.887847630081286	30.653772553160294	36.89090060431608	27.98352850527958	41.522172780516875	30.061998187941906	32.82366709535528	37.438550113298206	34.46707518600101	26.454266928630922	30.086655737286613	32.71065209763126	36.10703701489809	26.297537953183834	38.89997151232033	43.668587084197185	23.911086354982295	35.20164653457505	35.53712158060516	19.842466767281667	26.445827152109914	42.95481922578176	34.76585017950741	48.064221729590955	50.27615091489481	30.193860389143648	25.665935751915992	25.21988954119157	24.095388939722852	34.97445815631247	32.9275269428814	41.734123454075856	28.148275520078993	35.71963669321265	30.27001213465369	39.57752116105888	26.720222212137543	35.922111082320946	42.32959260117219	42.2902894694004	32.40300579703101	33.606957656086685	37.86512329438048	28.326239368723453	25.907311063545315	31.46604545601687	31.10135008625429	25.741376162323395	31.912471614519333	30.080591280897284	28.36917594749568	31.769973487675124	25.7075043543762	34.11206251093794	37.491338049212175	34.87019829335728	32.32039335739663	29.501096793653797	33.95454553313305	33.871909302268264	29.094160401003332	27.46279478632504	25.540428445551317	30.348487090184012	24.468782059055084	36.032093648699345	28.566327232348254	33.46228675556758	28.87405724540966	28.353825355431777	29.936542825740283	42.177574157218544	23.599048193968184	26.1927206944791	24.780544671391294	30.39059780657676	29.32985024639951	32.312295786967006	37.58008835467471	30.44491101634334	32.05069616564314	32.29410823808411	28.684289373334927	31.81141095048024	41.71686886697936	38.153846931341704	29.32323549193238	29.02641681867988	32.55025151631515	24.162501578775306	31.652217964513618	36.31886894399245	24.480032552627627	34.762302052616356	33.319393054735436	29.05012643660369	32.5771395357292	25.28232261166449	33.08984685599891	41.88730601944248	30.385067045893145	27.062653493070407	33.78917769958364	37.661302033650074	29.1470578847268	31.805251960937333	26.31469130409259	25.528854842102728	36.8442207015804	35.07250985501335	30.113158934802577	30.752016288539856	22.846443297172588	24.330596200318	34.51293041961175	28.805696964011993	44.249627976700324	28.53313348639686	30.079041994664845	36.41571195249314	49.6139816461878	25.68398696399809	23.546254306622473	37.285052462387384	35.80113535773208	35.56972214552451	26.921403236104013	43.78920344210044	26.57234304586349	35.59643158427877	44.47806900175758	30.46087085993071	42.427367988386756	34.582474287976964	27.5978449352978	26.486228167572953	31.98389321500771	29.460267400628855	25.174408113624633	29.946939371703422	23.05663344643585	32.65825240502101	26.537338711432348	45.23038006045133	43.85944638329388	34.26555307071841	34.44156224395237	32.014950389579695	30.75048366298501	33.58974044109726	39.90268824703324	34.560147497038905	32.25618829889163	35.82361630138706	31.799771327346473	25.795924913915947	32.70934487577268	21.406026666831742	29.288644869681995	27.261700605527682	35.52785083051933	45.27625623849538	32.67486448825599	31.575789378982833	31.406311093178047	38.34910425874474	26.039709884315176	28.644214790310475	31.941202146499	36.473041029964264	22.80167285887876	33.65709885351426	26.714173018539018	24.841010327509377	37.62887711211855	41.32788574492414	43.274211321887556	26.352418823652236	28.94662907710056	41.671659551978394	30.40685013197489	33.92146741903631	29.646817179802486	23.358633188354457	31.896139863985457	38.15233244464302	34.357727154132256	39.02447176212208	27.901663052682114	29.62670615002397	41.53544123562178	45.86615569883322	44.68633094025747	26.011536818715474	42.13874858146747	34.57604296360358	39.51536656221058	41.11103676394641	29.753088471310505	32.10084077430186	35.05656678574115	22.754353168652557	31.476752362757395	24.374346338776032	31.983180349424643	52.08724599313073	23.233277288088566	32.742512235846355	36.25783808732414	44.412285531980416	22.14481690829423	31.120596425478986	23.95236971248111	31.977857852437555	33.653600481273166	25.426639669288114	26.46550123702693	32.39456957030483	44.782928350482806	38.209337777547745	36.40675477090535	27.60314594770965	39.82929940000441	34.37121888850881	31.492138478690737	42.251488340533626	36.89931036798678	27.58446358258448	31.372555493515446	27.50301398688182	43.561908099875176	32.22170958859818	34.717536963600146	38.36707148826284	32.777099014497644	33.92525114173588	30.322611403935415	39.53943486526161	29.466903535008793	32.90710768395084	32.06265427801524	27.50394100502702	28.177476884760264	33.54139788424864	22.693266266576472	27.4910681163826	31.491299476236243	33.92115120261507	34.82628484979692	26.064948152211144	36.33687550200765	26.33241223333706	30.572011149604695	38.410009993952144	35.44191370217908	39.31181937996989	25.229540704578746	32.72237546491898	34.65999505311362	29.999675149532145	31.436199106322356	45.00186783951552	30.714076359996753	31.352005094873697	41.407317182217284	27.8855986086642	34.89707999557361	32.61929147609069	30.208867196997215	22.918971852362983	35.17968972533436	36.41102154212779	29.6946810105051	35.39405248455003	37.97394994057838	28.936088314276574	29.35473609994532	27.334742784507764	37.019963620884425	39.35711186181509	32.429930085196354	31.94449124213094	42.48983278657523	34.46617236844646	37.9117459907995	43.27348011413706	31.002338705722767	33.346439442971395	35.31401500840266	23.499663128330276	22.50904414836625	34.61165989588476	34.70579888336317	30.50648890348366	31.924087397325355	28.172628240513188	25.58102612080378	24.95913309661251	40.04944199614316	36.277423195451256	20.561952754486654	33.87263168068644	47.62945270251138	35.13074975285557	36.79738987802438	30.744057966183938	35.008974733219546	37.3051188049949	36.99812087754707	33.02096509418311	32.67251520988759	31.292151142514385	27.045084413838477	44.72614360603344	26.518015958042742	26.928684997348764	35.75562460394068	25.578838815703605	22.65773066771664	25.683219088979783	31.50678632685118	38.12494673392582	34.407174830687616	33.946056247185155	26.274773597199026	25.832158531518754	25.214294128778228	39.287469940803746	41.576722432068564	31.456278402966852	32.500277896739135	40.3496932070693	36.425927423148146	34.25275915134569	32.79953974276209	26.56280585768117	36.839879486453874	40.98794881946751	29.736261350263323	30.112412499717514	36.196112295013705	37.39491095118459	35.63255505470227	22.4318729996501	38.72522394555708	26.23700415244241	28.65182657064948	29.142498409564748	31.139124350762074	25.67278245115436	29.070330066018972	40.77114133038267	33.71019552103877	26.44957137727243	26.076292629385726	40.81300060822673	40.838469571377736	30.99143847425485	31.67973560099651	28.745700445124758	31.692073232378938	26.90189512054234	26.953629993252132	23.324293864323785	31.294333759961052	23.980039821826278	31.55027125282794	35.553477003028945	38.5158702269436	39.75307909158709	29.928220545972266	23.791798007052616	25.685331055986254	38.90225171925754	30.286333298043484	24.093917434780696	30.414176439444574	25.453262045373773	31.21066917649132	28.288801620204914	24.371093168527953	39.62053547434551	25.766762303315677	35.01996624975978	34.87287204784094	28.780765768241295	34.305767335519526	41.164459055246255	33.52073877166524	30.881499278638643	35.683204011710004	30.199532043202264	29.664158678703224	25.603633439076802	29.77976873890467	25.22716369948561	36.00457494857732	29.696589255598774	29.744514403438227	28.27280607311815	45.40786273737873	33.68151216762477	33.88518952466548	21.237138875941664	41.815486424932644	37.133023574825245	41.11450806027336	29.339193632185925	31.344624354845248	36.541868273711906	33.48843723617111	25.072794360402938	30.723493906174554	27.790808066552476	38.379840035216084	19.930658824210102	32.66901275824303	24.607974944673416	42.6265487688265	40.1761503336305	31.786746550880338	32.144765925931495	20.23420596483882	29.566402557306798	49.18033833500993	31.83434483048251	30.03853212553931	24.379594125830607	30.220128311690274	42.04534154871461	27.498909623034407	26.41831892611832	31.501855285758474	34.65317270900828	32.97375975130039	23.602072324014255	42.44099368098851	32.9298368534965	44.47818207352768	35.757483059584445	39.08900767816003	34.575219486578646	43.39418764512534	34.789427502432936	31.212933778257568	39.487701487687445	39.67838289557131	23.465378625878525	37.97147113590145	47.756899708565975	30.567653557246327	24.66685680651996	35.7239171871431	24.79647453147638	30.82495006609038	31.08255915078105	38.33111556375749	29.654059042995097	36.627239724592556	35.20986812676225	41.33368761097731	26.11377428700073	28.775035957791292	35.84902246451285	27.724439596600668	23.59654505154783	28.52504349405884	33.31156443312378	41.31726316325484	43.91199441909151	21.434724527357893	31.575434572806497	38.60257395927419	32.34505143598677	39.380849816511514	21.911474261756137	42.797484016733215	29.862699179434095	31.137720269398823	33.84128011796172	33.391875740272916	34.746319398177825	26.808210798020063	24.50340406724674	25.71072104422932	37.71534953334677	31.543805766290312	28.820435951292684	37.838268219598916	33.550632801244056	32.38335675638141	37.566412000748564	30.843718985374757	36.400807435057594	33.08791285338749	28.128039465857714	34.31978040419847	32.57046663834716	31.88480649538833	26.306170000350683	35.53029483916462	31.6493195285544	24.438401847672704	22.476574826051298	38.46651882217799	25.828735009415187	30.075523977248704	32.5881672912826	51.09738745585264	32.3855186533011	31.662413610689978	29.642238602511494	18.97735087692652	28.68999723746339	27.634428876210734	42.028458829571704	29.62339756596635	35.22837331733803	22.288949243976937	36.04852097275613	43.748217024373304	32.623116992129184	36.78742470513627	36.03189049780753	31.41144321562073	26.490389539235345	31.311948700422963	25.120112561860434	29.681640940624554	38.09758091505913	35.71080161197147	27.660829526375142	26.39231702316614	29.892127782160866	35.43009095007926	37.069319626372675	25.46629046633871	22.85549054259674	36.70751370984916	26.920034524595383	34.857115055051345	31.196792224956543	28.98298050287756	28.6559080149725	31.157183358932294	34.71634240572532	49.6664541975702	44.69070326675587	28.646492481708087	38.219588644581656	32.36628701926148	39.049792867544205	28.883612840728645	27.463991917823762	19.964100907715814	26.364366769851262	43.72528934917726	27.737394737650092	27.21278695029396	28.8192235283847	30.77936840041787	31.01322886199852	36.93562437460501	35.39446326807756	44.92335448041461	25.66297372867935	34.307053935159445	45.98701243950282	30.533926887172417	26.59607762094842	25.97878450451992	36.287945579154915	27.503584796085363	43.734446674046744	20.943549283558085	34.696820099611884	31.275406420479513	23.789977203577987	38.668709904202224	27.25554930776817	36.35294762659943	32.341381574799925	29.484151611797003	45.94357101648591	36.26610922328111	24.467888130952222	36.359701126109414	29.18744145930834	22.834033695742058	29.945325382689592	41.24849192284099	36.32549763522601	24.3041877103615	29.706931351187205	24.885347621414162	39.22074743193192	25.61579425430635	33.40796910499955	39.18502214691126	26.592109851467093	32.36779037472272	32.06989536732751	29.362856890946784	24.44511115267892	30.744867645761357	24.409541406623198	29.606049144277957	41.92664835073868	38.38941226654726	30.34888557025493	31.252098171796234	29.667085027624008	42.8891684460528	29.009073656864278	30.728330177891408	30.599561562854234	44.35156978321452	31.388210326164565	38.36788116912939	28.3346030808636	26.103816946037128	25.428765944769946	22.742602727896035	20.849064323011092	32.75628030768117	33.78863374349008	32.40101591412835	44.16868742573806	41.208715637201166	33.34529172043412	43.414421842517925	22.403359101262083	22.062486490019502	30.53951328967468	32.97242648479393	29.788969474075486	42.69894937577915	30.98936368432856	27.47703266631571	33.89776874094682	27.49946879874982	34.5765230822766	28.524597791823886	25.744801945620658	20.140066545701853	34.6545617514821	25.174578367120965	35.586891008268566	33.74803165135857	41.89934144243175	45.022805121207384	39.867062707088145	41.93214589373414	39.46541997435836	29.25817256737099	28.507027549005272	33.58153025417662	20.27737875826383	24.664320895474	40.281747961322836	36.210957084943324	30.905843769083532	26.788422005048204	25.76530574077414	42.041465132115626	31.89262814413851	34.78593608399319	39.09011752670254	37.700314876551545	30.559407570673454	31.045230033712873	39.69013188894401	41.937266498644455	30.599071173027262	32.04266165654684	30.33922005982264	35.834375269036975	37.0632852675986	41.68140915773954	36.605610505031215	23.248755838848325	43.14722958921396	25.240227253288094	31.608514680289026	17.515064600625163	34.81391654391084	36.837407552667955	31.91859476546705	29.926373510910075	37.43892706750812	30.795322327862337	30.384113804181997	42.92521160534844	22.53860338744072	24.42923526608592	46.6942220695814	37.09803983206507	27.023313551039365	37.60965975751942	33.97726482567495	34.248413327721636	29.812962412330773	27.26568068043021	29.52912096408245	40.21246871247931	27.21876611628183	29.89294409564642	27.933579419549027	27.167162077347676	41.574698938285884	40.660716351029855	40.95414547571949	32.06248882137042	38.452006337288125	24.97323790958715	27.162926392847805	27.044051489364982	26.896419959644717	26.60218287268778	39.138698948181954	30.753227730711753	27.776849415185875	29.329919879712154	23.476895639243725	44.41034121559376	34.78687309849407	29.66963439716374	27.42555169378989	32.93256836873732	25.871225506722634	31.62756791419116	32.56125408044139	34.295754388908534	28.99550483245916	26.48732270429316	30.99567415163362	25.757338960708886	34.69594052986897	30.889280856794866	23.395794685417577	35.83058707523877	42.95730947402581	30.92689320653795	28.934044263403422	33.68653275563469	32.50385939862829	36.4116795159499	29.593888980683595	36.49473279664312	27.30060966645754	22.81596750126043	36.25626469654424	38.064408043150415	37.75097134963017	34.284039765827	24.054169677038296	26.374664908727937	25.942807810224426	37.342680074893565	29.863610942601202	35.40944750608531	29.721148181691667	27.44760989711078	43.491241778727144	28.931693168170263	46.48189182918696	40.58936940467035	38.61409712700214	28.909800762597502	32.69741620212651	24.974233208687345	28.05292914655337	22.92034919193089	35.832952542306444	27.45694632212198	24.90097878600595	32.1060680470928	20.886703870920396	31.674388091535064	32.87452040202038	31.311266942615877	39.569039796802116	30.628664651074725	28.714505731234226	21.664647228422837	22.373075045717677	34.8691232663354	33.4652227831311	37.1497378300207	44.5796321008803	44.483027431103686	25.201566007229022	33.92994982917971	36.09123211865151	25.498103192839217	36.94138063596997	32.062925771885965	41.99150604102163	32.53255237101694	34.439189814639974	26.502316980834067	47.09259484478499	32.97788643448481	30.134961792454792	24.69796041536786	34.44954057622771	24.643781000277855	28.857520858809046	29.270128656004395	40.209272821719686	39.764430843043435	49.12079070007588	32.93187146916627	41.8112296027784	35.00705893999792	33.84800135117991	29.549162210749504	32.01830819267499	37.08957063743307	31.868198644245368	33.25607170890598	44.20381647143978	31.381071040675995	39.96077041467838	27.104249504217993	29.656752609388004	38.09273894545464	38.15725266059913	30.083539713695124	33.46436987579304	39.869582245328026	33.65924468058152	31.39474836493342	31.477257591149893	27.145485513936126	31.332213417523825	26.662131092611723	30.210050877473837	34.48842983621799	24.030052082083547	25.5948207620506	20.755170607684995	18.195452401990917	44.38352545718233	22.912732639734223	31.99305176073831	31.412628919139728	30.425491492840205	25.545249013221497	37.837967730929726	24.979217156638967	32.39554585042043	25.175951610151348	27.344534742351218	30.051164617140675	22.71069568392961	38.63934466497276	32.72419396781596	38.04777922231571	21.989756372505695	33.63955391280197	31.450499865457257	26.44142106858706	43.60687659403548	25.353223464973993	27.027644609374196	36.52853951266626	25.6023552532845	33.30275249761057	31.496523601796618	24.545047300662738	28.844199256713562	25.298518604588658	36.402123824431925	29.0188437395405	31.20820489186993	36.750839500227364	23.51980067916315	31.51140913363533	36.740377327355446	42.17111051291086	29.29885867367832	36.612856534075185	41.878616356822356	34.40672073613209	32.24823033265903	27.687665612024013	29.567753428143696	42.77934222509429	33.524671202131834	33.196896163587176	33.30737374276944	39.57267197924269	44.32699237892392	31.768278960887237	26.633267891534818	31.451615088909485	31.383504680657353	31.27595149565954	28.68927004822685	22.04163409787861	28.316128421521288	27.588305239493764	36.466526969656016	35.80620966857368	31.08268957486421	28.527325356132224	34.43013829451653	43.74603300913523	28.701745139889574	34.006304439378084	29.886968586807384	40.171683869566756	35.820171812545496	31.885084315307704	37.43616528163747	32.19274366860937	41.03936314654361	37.55978789930708	28.746892534961066	42.0091908308835	43.853273150054356	27.25162229507091	26.068272488575097	31.77626367603869	37.266108324049945	31.457219396011094	39.99186013994936	23.603852633926135	27.21402235436403	26.20982867214787	34.26767785072911	38.933379522470744	32.89496338717823	44.60010936649353	34.9234015991059	34.87842983506864	28.372266397687728	30.400992010495543	39.7619816674136	25.339842690361714	31.757895347522062	25.662683664725183	37.95922439832809	36.43834141659791	38.584655939928446	21.702292909266955	43.843012755883315	25.224743409998148	27.004139025281695	33.54167246127881	30.127270478062385	32.861581017923875	38.9562357483965	31.10895906420187	28.16492928145648	33.65413240134499	35.91338458441789	27.615784247299082	37.328285125055984	30.18879264457287	37.81155336442955	31.53816500724352	29.48292981569791	39.412910361226714	23.91640054925908	28.96003589148364	29.37030269560351	42.879641075697315	26.66136363825401	22.61835813843539	35.52154096735788	20.693494213775956	36.8327871594569	28.7040874523897	33.41647299119489	35.29347510901445	30.973574047304467	32.13996168093569	33.1573924942091	31.26332552384488	32.13490103674986	24.503494915163323	29.602691353755933	33.14998618509061	32.25292289453021	31.654515891983852	24.93882311615735	32.7635284150951	26.43355202630436	36.324219863523	26.250982305339612	31.940832779231755	28.925634767294685	29.868941396021953	34.952451928258824	27.287548841590013	36.11087723065465	35.98487162076796	31.616781005306674	28.622844771126353	47.78807428937344	31.91859964674473	26.298992467686887	39.49499137787968	29.528967551064767	33.51167007557333	27.37797557195785	39.26380053706493	27.908684962290256	30.985879809610445	33.17219425775022	22.79541993006216	29.800267608837938	27.78434862115476	32.929557109730176	31.088323449668536	25.208049892615904	41.830076375989464	33.92182798777689	26.780541534054592	37.47026119359181	44.44636610292854	28.6840041345543	46.24409908751008	26.46704117066772	30.153538776821428	27.745646928665003	27.353018882544685	36.88721659609118	19.544303871329646	52.24637099471767	30.249353398625868	33.95074518338214	28.38075862046582	26.581762605868825	34.71167893264605	37.76708456574741	35.86221564576251	23.88814958427775	25.062065437049643	28.0914477376151	34.6417733001162	32.52165130704512	25.563185144751277	30.016060712207143	37.000304074643886	39.77992545591919	27.796678590647836	31.545478007595054	27.543666243789666	33.13117519834596	24.56157475026419	27.831808505832115	37.79629022104216	32.45373820673558	31.66911789658291	33.884641249863634	45.925205870243055	35.732592661604	26.6062300707444	33.10979081441623	28.707171340895606	30.35066982634659	45.119724463773515	29.67939630442516	36.50226521346693	30.70725021104051	48.37232781283148	34.051410010549446	41.67026118752903	35.00280527520921	48.648578473297	24.01241294412156	39.700694644916496	34.30899038267324	39.24918164966021	29.69945671881555	33.70871478593876	35.94169960878283	25.628905000695443	25.01217633951777	49.18862195804408	32.276551835846575	49.670424643022535	28.880244158034085	45.38062487288423	33.98274250412192	36.23542499457581	36.13482605364924	32.346657922473334	40.28881452366442	30.87262761011074	41.01371602649107	32.254149081437156	35.74010092943202	28.954468206217197	39.24127914608829	18.364394566528613	38.032655928544415	25.530788383549876	30.12129057863499	28.51822347088691	36.81362005939701	28.93119923829315	26.585215959063206	23.671871127225927	31.865205367190587	24.22524366341115	33.2344626082673	30.089630104773118	33.44883672505456	44.81321707333333	26.12022011285784	40.85273135058378	26.654052152182075	31.660325487003725	23.291915537240897	39.77253921607104	37.20606583874827	35.63984228808959	31.6351455676242	35.362014110060315	28.70092238455119	32.69939414970176	43.01376310152495	46.43711191952985	34.35329890935392	37.989724013006814	34.09317966340715	31.79532680831821	37.50314935259977	33.515493361456095	33.464170440831516	28.384758099232744	28.297671453100012	30.59594474037116	31.797499648186854	48.0121743568091	26.988571721681122	28.34691993422726	33.89316822185845	37.50515506633808	25.939297866324097	45.115224213501094	40.61111518054381	34.56608847775005	34.11032008013395	25.262088536926157	29.272735341726484	31.196833880369965	36.20431304069413	26.900403403812685	26.717021581537356	28.454696415822493	31.456334567772043	36.6214076158735	40.61122570170903	37.43978010492193	28.579998719360912	38.63513034922267	26.98394705714802	35.532426421721	45.44031784536318	27.962042726074543	30.072533710831163	29.150746855174997	34.21323361505365	38.12326305643152	22.390543063983063	30.852746231288346	43.882577794966664	30.054441631854804	33.308993584227856	26.30320867116265	30.0644882907229	34.4755963998025	30.7856078293971	31.178212830186702	34.016773409882816	23.65777088007777	40.48400956985563	35.90714297065509	35.98466261097739	32.83792884297459	38.43604691128798	29.2230721685562	34.918824606070025	36.127013827972746	29.35608222128669	36.62259300756524	23.921667305205208	28.315386438581523	30.156971925051216	35.69419769940811	28.764228335707465	26.010535373688324	26.55900869470647	37.83969889596621	29.05637655492492	22.03470552166229	33.82815347106745	27.932342865601928	27.4930188300871	27.03421678810229	25.298860950479504	33.07208288076153	32.47768477540212	46.863248814158496	29.67271624013555	26.566387397997932	30.48080872667676	30.315418175274942	26.726519947603318	28.591466820868543	35.921077422016914	35.288457331912355	24.23156805491828	32.08152145485576	41.744368014996724	45.08257028111484	39.622132261682346	37.815984625118354	31.75051463777251	45.15556486358578	39.649408928298456	26.394520932293783	29.453854770406643	34.27142129490698	31.178777005890108	33.20682569014068	39.60768378577095	37.2317842488497	35.145488771277385	32.07339257082015	23.638007789527183	27.453414003996897	31.82902491465513	41.007232001171595	30.25557658016484	31.235839463120776	34.9040783018215	27.554172303772177	23.02561592821886	36.25778781470821	30.021665682549408	27.718272616502468	25.65842947003831	38.12331068303045	29.5205294716784	33.007450432383514	27.497239001722278	27.068615216849494	28.172613008016427	33.661978891900986	26.881294817870874	30.93366248872053	35.7354318599256	24.63450970305646	23.27941603917206	27.614976587733693	35.14540037920646	34.46595619422601	44.93454674538899	25.657543689227264	36.117700329504764	28.29675800281565	25.705378936521377	29.53442271757173	19.55467878707665	37.8150203268562	35.843611324365845	33.08034669804038	44.42567265430617	26.53963588154748	34.69505207015494	29.637922211185135	27.01220483509245	30.601103069752075	31.766433183082526	26.583733460071446	32.7194633480493	35.59972466305022	46.076255780285734	43.873952523073406	29.737849673426492	32.98295630513117	49.32615794510904	33.39684703959868	27.793470699854108	25.127481671644414	30.406987917151028	34.71244235476309	38.403731527228864	32.11927870491756	37.13821489441671	30.201817818394854	25.253384208876316	32.3811214386797	32.689648521634254	26.67445941998285	24.484615750110397	36.92566023292223	29.62533614788315	30.237471150731004	38.59351766054376	31.349762926174897	42.49291161606334	51.27161558871287	32.527762604135596	29.61357563214894	42.16323897327232	32.711862240533684	26.492409478638795	28.420095550010135	32.712212960941365	36.71548652797904	30.687220164314372	32.13761583180297	30.225043830607973	40.17467153826607	30.42316931828912	35.297058874160086	34.03715693202711	32.66243312703885	26.56536508422524	33.435891751613156	20.309151797240638	23.5422351277014	36.20301268922246	40.831312234900174	30.390968687059214	28.092486827439412	33.95704176431616	34.24652445470332	30.389026115367454	33.71562194533273	21.735034094916934	33.28717279922159	31.092158748419482	29.922727648987507	40.84775050196566	41.995476369239526	28.5136510735139	41.152597261602835	27.586337881422743	42.24969637341137	34.94529187168113	37.474121076713736	33.33815560379126	27.92213053424737	34.29706990983259	25.01925125210924	24.64700842300374	15.86809467292054	27.68857706319927	31.933112411024386	37.07430318361072	33.02742957392868	29.91700405855888	37.54291826147582	28.407660085733692	30.444077651217423	42.90620209383299	47.88931232704788	37.214733414254205	28.58518387794756	33.45975477771341	29.943189130914252	40.71543238807906	29.802347489218217	31.149274909958304	35.43082431702807	29.526737240898257	38.467484252254984	19.793641009842364	25.19151026027311	38.23281377586452	48.540896392718835	27.160786228935496	48.496322638074815	33.90419396837075	40.354879871703865	29.109468562797925	35.28778526716238	28.380598732104428	28.28906663683701	26.883324879071868	29.21362114741014	38.28413881341538	23.382373579093095	28.556119974071198	27.361309033195404	24.536059970406242	27.839828405515846	29.80232481631005	26.31306005079279	38.28050974060901	32.7962914059378	30.00749283318753	23.726174604407905	27.488639466679068	35.10476033927849	31.75632839997603	25.727633309101257	33.489923928670706	36.30745761708767	26.575081288193285	37.25272235367886	28.648730206780538	38.472704632271345	28.587726743674637	33.92451086720818	42.29293270386138	25.16620359423446	33.72487051853568	33.0840530781092	32.74558441769261	38.64792749802702	27.069041285071773	35.04819899277474	33.07235270442318	37.72933368009377	30.209697402661583	31.878274325101728	31.150061850237908	27.140652853209236	50.18679234348123	26.65892231562345	31.85900393351467	41.73274951008704	32.511441026865505	33.529689803968125	36.52032639659531	29.895564328872883	43.20406128108692	32.13444807734624	30.196451625380963	31.090012165160775	30.637223848840904	43.63436959571442	24.61869461450659	24.874888079919995	31.307297534230674	32.92685560980235	34.67018185650835	30.033980436832255	27.074265201288178	37.7017321320381	28.390272636156066	41.26291800980693	35.882515764512156	28.840414781718113	36.40400129096249	48.50318308201079	33.50543582972354	21.34807438272888	30.7225961338407	37.229945497486476	33.15022866599306	22.381810600247118	39.9734526150249	28.931019697100048	26.559162042944255	44.810708778752065	30.372132715367414	28.57443958183297	31.162922122588963	28.945833756928653	37.65529258535467	32.493506336938516	47.572357510202	45.19145062258167	23.88858084266696	34.01940226449308	25.667525506087756	28.541366436041198	23.30104983938107	44.2040862229124	29.49245729606883	31.299108491725477	39.52543958425779	39.73507402261713	24.76609379427434	23.936621365063978	29.116541023999336	29.059596037163864	36.084145742898315	33.80381971747353	22.78339624863271	34.37437262659272	38.11001361241449	35.30214240180684	35.22381712668302	38.771274376140035	33.58348579999784	35.73961052360281	27.825297471851545	35.504236938424576	24.463088599321377	39.0105055893	29.270805034172906	26.06249061953368	44.684148291139806	20.791738611408988	36.47717747711326	39.49042510118599	28.17865992599952	27.889016721047977	28.37046511275935	24.983703419015864	24.449069678503324	34.75150252288732	26.954294670605805	35.387762901081985	26.848252224830187	32.58208457028498	35.33208243634624	29.889592433661385	29.3516356709749	25.345058180773442	34.882866631104825	29.936980385945027	31.218434497588728	40.067803821509735	38.7832502508365	43.667389362077174	32.669031090906074	31.282161802927565	43.97071040473296	45.27051215065337	35.256724898173154	33.35728324409394	22.043809374768085	30.558376194782035	37.87604765525074	24.29072054007797	31.078485613116214	32.23528209622081	31.570130281923998	37.887648349203616	28.7329962848594	33.67913660197351	36.062892437654035	31.488733562094193	38.04923025892556	44.076723750260065	42.774399855499965	20.961126896808842	27.574830940363576	31.650406766015937	37.834260682377696	30.868457583966503	28.33355089311307	23.89835648745413	28.492397624223297	32.79658607372182	41.393998035791775	26.390106845612415	27.313209998316584	31.382852584159938	45.19522008318957	38.959823354379864	34.315061880672516	44.9422200741547	31.795794192006152	30.35743725507359	37.41196081380018	29.52448366586624	38.08122854024801	44.43805247048193	29.891103465933515	20.907388710903987	37.498879100696605	30.467245692306275	24.81692005652384	17.85987136152855	34.87680838573946	35.19974945903941	17.818089492398805	26.242168369905908	31.409196436298814	28.462031337519868	32.47620599648374	33.27785771571754	23.726920898864982	28.154133657428265	30.325079788001695	32.16094872761566	24.60832300087557	27.320622122266325	39.81528210388962	29.03294112313667	36.13726192149373	35.531935057924244	42.315640184106094	26.29105259748956	20.535875940500677	42.64523998813032	28.2824604934762	33.84185816366449	28.337192518237266	43.24303889547089	38.58766433897733	33.093432123840266	32.00886915370177	36.69155138837424	31.492053256855453	33.53328246250828	34.292581512659666	32.83192687976222	32.429906715956896	45.31002177019559	31.819588543335005	44.97286880913831	35.71029668598968	38.7177076307332	26.269461842228328	34.87842780484579	25.250931419122768	32.66876451596944	33.255165407350965	28.324059179971346	39.59976112029852	31.890532624151902	33.686627764307865	42.33524573957112	25.67499736221864	30.84109808151825	34.75475679757292	34.54356504724618	49.81526957726361	30.299049094893213	39.11599906405029	48.73864321164596	30.487492026262675	30.758234354762056	38.78008847107861	29.340302510835944	34.91370603265296	38.813272898196416	30.701110761004216	34.26508053860779	30.141648974105074	21.822776890716312	39.35197896658186	30.212889717786837	23.83656211747301	32.40547075558038	25.63836892347329	28.541787620525128	29.923602640184814	30.71177825280343	27.379101687853144	39.006011765902315	35.721689384861754	28.674503031558302	29.40711586972677	33.62273551102546	31.090127564385728	40.418837984302705	25.26954579225983	30.773361980406058	36.13472516525809	23.91435809880346	29.758049860508883	27.658834515813293	33.940293060043196	24.620153042077945	31.310349086289545	30.747313372915265	31.37616264067551	36.7500726440032	27.41055273506424	40.23458311828575	28.87275890238343	37.29970114674903	20.893652598588233	25.179532109801958	38.06394006007692	21.82037659359059	46.689870890954275	29.718008059837924	42.114605133513244	31.07166680734386	36.89872274775238	26.340152999971263	39.80526112450911	25.58705732135377	31.249911811043987	42.95530517929144	33.22012340530051	36.16672047508315	41.309307010744924	28.150466291586877	34.92986478234144	29.07336664426387	34.38822311608811	28.27827556632576	29.06160367167711	20.057828908687345	21.95742205162223	29.006685604299552	33.60640423572459	36.34339911199872	23.694426144364712	29.204432817160665	26.73614545969024	33.51886872939627	33.43701242035498	33.07256023905406	26.680290141124214	34.5778241633197	28.96282762132922	27.5976509360584	23.180714687292088	40.194712476425295	44.30079072945826	25.364365510082813	27.646756763237395	28.693429594002424	36.41598059907447	24.769579396424945	39.89034178839853	28.948135207592298	37.88428580401101	28.501919283853727	29.780233120165384	28.528909727338107	38.015684395659584	36.32932128710278	26.241601714859407	26.20462637507162	30.769167600990247	27.917067802454756	36.98457587183171	38.7715715538849	25.295763800363165	23.26879904132305	27.471456410693595	22.727260261853342	25.07744033382894	38.499778994713665	38.77245423819623	25.527308082363025	33.42251343788374	32.82686359640119	35.291197759482884	32.454198423669844	37.44775753094076	29.288900498964967	35.813700560586724	28.459920369884507	23.84597794309034	35.1896146778903	27.7600033677945	33.181024524328905	26.894317540142314	38.493552185284116	25.914251945021824	51.668698822202515	39.05520346861326	36.2968852668676	25.486467465613636	43.43867067679613	28.2104329450316	38.89641862074929	34.655416657439915	35.41454251040545	34.161500343608	31.350778087818092	33.80049512010552	32.88965862395241	29.701398997837035	30.97883452617039	38.836157923402915	43.99361511485059	41.43952766803007	35.19338831933642	34.5516249011962	31.124523990831367	24.2368431767408	24.864491355457282	33.499362386362186	33.59915952884054	41.715318399620934	25.68157777752324	32.64764609903642	30.50224669253374	39.71650516760048	27.40150850125869	25.731032406225488	34.29890430114239	22.83852772446051	22.922426437268864	30.477852537845113	33.87277993952931	24.457204329728718	47.20144182312819	31.657483709278573	27.41482868399154	33.890812340345796	34.83840731960919	40.59257585131997	31.191317790581653	41.36303880406756	34.25312924370351	31.282148466766696	32.08086236093647	34.60499980220361	40.15160172290577	33.039850227703745	22.654953773416164	40.51553605666793	20.142851729594536	27.949256332696297	32.130311087096715	34.826431029894884	30.568540224812217	28.14124029367172	34.325520363094306	38.92161718496271	42.73212563431673	26.916323136622946	27.907160871509213	42.29058056562244	35.84953997158923	27.45521408711993	37.271885951544284	35.894379756345835	32.80938629853759	32.068783879333864	27.291303423665184	24.54609448800065	26.010119071554346	23.570342845140715	27.460495087542704	34.806353212630725	38.09459694951499	36.42328677027895	32.79683366732582	27.140813857889736	38.72013789017308	31.440584114258016	40.46790675619857	43.09420941439262	37.56269335055855	26.32864693653107	25.95137602989911	28.63517861666924	25.969193957442563	29.01836011564348	28.573990231175554	34.20824056301063	36.657112353698444	24.127530560067783	31.95019589289413	25.11435458872053	25.21598724902694	31.647699255903813	21.406571696451195	31.607028979980665	27.18066751346887	32.47107762666387	35.74603579302994	30.63858802447398	26.177799234456277	39.89468343426855	45.786024049678176	31.24209287164179	25.10778045833536	29.3819701417989	29.782542173617653	39.0143901654761	48.867450940449515	30.450936484863345	31.168542762306902	27.005361656922812	27.572730198001434	43.38515043142807	34.182950336015374	28.651491303152138	32.276728571000234	54.88819005773806	28.86901395943505	25.05679241612662	22.26209963379718	35.82851892310591	36.722594377528914	32.008845004565806	32.79496012380497	30.029315717498182	30.153526609864738	22.71072725225784	24.074098697548642	29.75473295146168	30.757900063475955	27.956873773545517	24.43067377208508	46.98062147269694	43.20846931221094	45.84302834614526	38.548580070644256	34.94958322047553	28.851670883150653	37.22452514424687	37.195265119605835	31.381596250819474	26.012760508636525	31.325378873116573	20.45002663199826	25.93635164194103	44.00782052368419	45.17052408417591	29.706939840674508	39.765811322393276	37.39119906217166	23.128727710010626	30.271642452280613	27.24601881357953	43.81931229494232	37.671333966889264	31.26694988845202	39.29434968972463	23.693565436887365	33.552853412816106	31.078512574641678	40.41115331519235	27.931218200006285	37.779135127932236	39.342092254824756	41.50993997418867	28.559820860389593	33.95572441202722	31.62088450714752	39.50397701861681	36.9377494575246	31.47894014629667	30.329723907030058	31.76508504862169	44.77613136684527	36.13547864560913	35.94897069691902	29.659413626354954	30.536851871337827	22.590630750390837	31.98484583320601	36.0778954981271	25.942685320533595	41.20742148386799	40.87977284172768	32.780030487491835	27.322162081788544	27.259160917911007	39.31207981734489	31.36376628499589	29.427440580185433	31.350597590544513	29.333212339303675	26.349537789403087	27.40275046345995	29.0112996430139	32.45864120309995	36.927509590175035	42.809435090705115	26.338602439015432	35.814189325019704	24.16931705614115	28.65208659190034	33.90811185651574	36.73774065112317	27.438993127415156	27.204074215910122	35.125285293306106	28.48371348461448	23.460427906389157	32.89163429650714	47.27320249987903	33.06913028341621	35.5965942659098	24.595354965545997	37.905539496155356	27.75770735326388	31.204616954981294	32.56639526865261	27.210697461480162	32.967423280947614	27.688418931848336	25.216025587601266	24.13531031124702	30.47603046591787	29.014622867473744	27.321814986336115	44.44678533467785	25.097435081661654	47.68990313083449	46.25733703477578	29.148193894104793	24.448332199663646	38.267271261832306	27.949729211359788	38.499232934364905	22.839007915835776	32.975313531840065	36.90547673083217	22.001565800310843	22.09461602019692	41.724054064235744	45.75509581754337	26.58924541843173	24.63459295632407	41.815906742489126	42.47718289514873	28.37466798233246	29.422064629183772	36.014013942886656	25.415320586414285	39.37746216505073	29.75679008962102	27.524530380577566	31.094868346413175	29.17039054939433	20.612377109671	27.82382670421989	30.288203706569906	42.96873600921639	28.880297619843894	28.938541170819487	29.35459668080737	23.90302871064236	33.69566976648871	33.02363625664051	27.908613016103384	32.99337427471032	21.11634792675648	31.78817450356221	25.8845666833264	35.49946593778565	36.505348496054566	40.68701806137225	22.484593610756075	38.83647643361053	40.2548707081599	30.314134131894715	27.875373803793376	28.86069470691574	41.85319414983507	35.61496574134228	36.20870321358146	43.80111465898508	31.66715284030615	28.34038670362205	30.939298802256342	30.622987599180117	28.843532884529278	31.57307252116388	34.51929236366569	32.65561101476027	35.02367443015286	27.228898997086176	28.358697714592513	29.860314075430097	25.76037217558994	26.35681911988252	34.79972267753314	35.57699101910982	33.83083172124936	33.631042052742174	36.58772778792638	28.034369907629472	29.288165141390294	34.63964725801145	41.274863725089446	38.46164196800677	39.4428046300867	39.97382094050775	27.64667415354111	32.08779249962166	16.709172877846413	38.05359711528429	41.33951443827313	33.61833025795026	28.31727943681323	24.329429974991136	21.598508769234506	22.383631376065008	30.76979623667204	31.748851344321864	48.43505398845725	33.14274383156868	28.075677574603173	36.905036297664864	37.21849215190541	28.002707733139157	27.627593847433996	33.123425589795595	37.27682215720821	39.311885059617374	28.319615046766113	28.744461111374385	27.072066788073993	25.101265890351463	34.177739919817654	29.168777362941995	37.916602708174715	28.956216719252073	32.25775541086724	33.98245659828018	28.688985734722692	36.77887908207675	31.50620405070784	36.78978716435799	31.567311543353277	21.309623755039734	42.392233337007475	24.443053802896344	31.689503006910687	26.16176155375897	39.286163813030576	37.35742078878374	25.961538840329577	34.5422649965067	33.60238240648978	35.83591169685524	27.34586011251506	29.42252453031246	33.83597291341176	32.99806731789645	42.64780470855092	38.59988125282482	27.870115689403004	29.376290016566763	40.5203938972411	31.38753975699894	25.378100051790025	34.63235076307643	31.835912810122604	35.47110416247241	28.77039754241604	35.90066059262086	41.483860640782154	38.04047667035145	35.548072996141535	29.490205772184726	31.247879566347624	27.410683960918153	20.69456412858778	37.01177176768869	30.718254146391967	33.205307849649	36.80084073885478	34.20749955789224	38.01308314420895	35.4485939309644	27.785839314429804	27.606324389196104	25.5451039809038	49.627635981240466	31.000540339838214	31.982472296713432	29.77156886106439	19.477988620941563	28.5743805830541	38.488267605932165	30.755814808257725	29.028643621417643	29.825259238616866	37.648990273587565	25.930409927681836	38.82082736416606	21.577520317146774	37.81775614074917	26.26245647435272	33.43820261626663	31.976768991237908	30.412631893931966	40.165554559332385	35.68016687342909	29.542137142332994	31.92554390564343	24.768233515767477	33.5993315395111	28.455701458659526	40.03318469892721	31.998856624775485	39.96344468665984	37.48991569823627	38.825600294764065	21.536449056445136	36.43186749399049	37.68144837797491	43.71096399530324	35.35553241492723	36.505760245660284	42.585431634661006	33.433435965150636	27.57713747801297	27.403522027791418	31.091572038865802	42.43762199902976	37.31287505357758	39.724684145733995	34.16704233308761	26.31013940347003	42.30812108024112	30.343443351837468	24.778884250300933	30.945660408938515	40.190568456536674	23.185097363271378	25.881592680483216	23.78624489514723	27.029560606911435	36.488490242487586	42.35628118801691	36.544099040752776	34.294793877584205	26.24034495568378	30.54053112491731	35.75384866743342	27.011853934296116	30.488243975715953	37.699375383547306	29.373859613808587	31.57125425609502	37.90873160932343	34.169030949111495	35.96031667225236	26.80805262369201	33.59960883641777	43.84447175052067	38.665613556785985	21.369874612703406	24.754678106492435	26.984776924899585	26.228814565161155	31.437316087030066	18.387781092364857	34.47146528186881	23.777314662231742	35.910432929173794	30.824732144293158	32.44484708717222	33.365009874977254	34.036304515971274	23.375700253948164	32.42279457774703	18.755059109934983	34.46723469795428	39.134827471946835	37.1905059563821	28.077232269223895	40.463528872968915	35.186321751811036	42.940580482657495	28.601126522043433	30.044722101617616	20.600692934389713	39.07325479209169	43.95111953627998	39.10906752170284	29.72510506529781	33.45768480797252	18.592840416638428	46.978667534995566	36.25544793382337	29.600878005686045	33.46434950275436	37.75365727914023	25.914616927911748	30.138823340690728	25.947425175091126	33.38451990553038	24.843765079111108	35.749746615558834	31.34337365395006	31.829768701230403	41.44802692257645	37.93530245542029	33.363054703080564	30.972992288063793	36.20778454003527	37.33685754317627	38.809131296199276	23.6051544802572	34.15123659358982	32.056635067291886	28.251667189720003	29.23607042235993	28.998269238960162	39.84303384994431	37.38420484683999	31.741114146054564	39.196941396501295
G14	30.21602075800179	44.78925853889651	51.50823763158337	42.36972196386437	41.452374423010745	45.07636104206394	47.48617289156843	37.304969421750755	45.79909145999479	41.54315621094031	45.767372625685724	35.741046227732454	44.45591610374121	47.735368298253526	40.79565485041217	46.328078235041055	51.34174999190315	42.32865297582298	40.17717188636552	38.33452346803651	34.43019660327015	36.881389697872635	54.52854037162046	35.3465155470793	34.55399930700015	41.01978157176195	46.38011525250575	29.332590304167123	37.46333719588251	42.9133964861605	39.435213857665794	48.66443919788661	31.65998229715724	40.32471761558256	40.50849699411198	39.689619083818975	45.74747178300781	51.732309930734914	45.76644447570903	45.09371800861083	35.54266429563266	28.416865003201877	30.761221961007198	49.24028468196076	44.492784052397546	47.6413930721974	38.357637553745064	45.7001202367576	28.068398201168712	45.254448304427335	39.526461873714624	41.561983483631714	42.30110025582639	42.133157972852445	38.974845528534736	30.296671587526365	44.287537408430225	45.12199008029454	43.144400880419575	37.23240197889145	51.93687856998182	48.03611522066176	46.171999137769525	42.00114255542965	39.63023201039326	48.855328763621166	40.579826399499375	47.57504276709535	50.33380952907991	33.16776325288038	33.20100908920118	40.81311240473667	43.53405979664041	25.476528191658268	47.48892516828148	45.90271251057595	37.025196506636675	48.792302433774246	48.50707280843179	49.87060758642475	44.16161057543822	46.483625913695406	45.4654246096328	52.318124084255714	22.912316334175443	34.955580047975054	34.793484660253874	29.495929172404008	29.655894381434578	38.78634891833894	42.81103584793426	43.999530500581166	29.7345196235434	51.83118113157466	34.72238232712851	45.84741849412656	47.924422355978855	41.95711923923547	39.40660013271664	24.317949517916443	51.03676543309845	36.233323733201125	40.60642763678218	37.552525810023845	36.33415669152728	31.653681289692344	42.576283624624146	53.30106606351098	22.22078935684191	43.00720399496561	43.32718445976313	31.288637404937056	38.89105050628873	49.15885061976201	38.589069947810465	41.86625238800557	44.40487040694695	33.360836343763296	45.157649696400064	42.57857751802821	22.470830990168253	42.17063913475717	26.707381920464723	46.47099315108769	45.05764543627103	42.30374966213699	46.69453834758571	44.65918383964615	30.420083522997782	37.66811899772924	39.22720301921857	51.83018787374305	39.82601317969008	46.59110182562007	41.4991788257059	43.45368727553296	43.355672736195245	43.057092780182735	43.24621610083262	43.16271390270956	32.391624256459316	44.12468524547359	52.74378267307775	35.72245187300987	26.30186358959318	52.521403688080795	36.55166976308813	51.03669762456622	28.824979594647786	42.116451632546294	41.42385480757703	39.53134057301399	49.82309775182586	36.50364960891023	43.88804518079823	35.01670953200155	33.778149644719306	42.43685734919542	50.9668988858438	36.03109531621124	32.13923135955368	45.70493423637706	46.12758357389562	33.43128265918887	45.45119029063857	37.971777206143614	30.105717277187612	39.316274126494214	48.67410391454559	49.697716439112874	39.67502043883873	43.565743869411136	36.69233391522147	23.304156065827407	38.87026288346717	38.7396144296303	42.139760095146855	42.61233095827769	29.759380173519407	37.059372808969286	38.17162409400412	39.388407085720694	21.905910558880286	44.94390052981589	39.366519147720204	45.054084085275086	38.92268372093681	42.14913315934177	45.59698903495588	44.80761717620069	36.85792697727037	37.885858159942366	15.014458409933633	40.04422847155094	39.36906591099108	49.523505477965664	30.68481739692858	38.66901876559007	33.550274570774256	39.79224829274496	53.97243053222471	47.49517155280187	38.93135376065678	29.75538521660287	39.63395504085337	37.25347869169942	32.01457488793029	36.23985986397022	39.22468932371923	47.99638249178917	47.72711317735433	42.934804889116876	46.017817658121196	44.82042735853602	41.403107284946536	43.1079703059168	48.10246727423704	47.97055201189754	44.88621170507831	46.06997601125638	35.94167569268238	42.107684649312645	37.841709494381256	30.68004107128197	46.506522237695734	42.27926576823457	34.35592165690496	49.11305055471321	46.87721324752489	43.47676065135888	44.708652947313766	29.155750167641237	35.61415136041626	49.700030107247144	32.71019534303357	37.89446262034963	38.63106735688498	38.880652613852966	44.19378642469855	49.35300046312153	40.873912221395464	33.489950458043396	42.77439827285971	45.9378532902014	35.56328558894494	43.006461065215674	37.95140803294034	35.36393279775265	48.57739988069004	53.6992754976672	37.998754648531985	49.29068549222506	41.06723872632625	48.595360726754386	39.0204707259479	38.40514750894916	42.93840021650563	45.37698024424874	36.66045802751762	45.56715646311123	37.8986001459878	45.604457988351385	44.273714994798034	27.589071120910358	43.82695595470323	26.09754494150613	43.41998473776353	38.70869782840892	38.616379894384814	38.22487361063199	44.61247328940186	35.464413511409305	40.509712864223765	48.96551918967625	46.321688422567014	28.502917292716678	43.18695854579495	34.037575101705734	54.412239485045994	40.02868917301695	39.77356545480501	40.50763110381923	41.84546254163382	45.92279143563678	42.0903867525098	45.80033550890394	40.44020346396315	37.47167763718918	44.891130264423744	45.048703611943395	35.57227207486387	45.52969257612202	43.36776124359329	34.7523285034097	28.41583826939841	48.401509898050676	46.663817848877116	34.47169405958659	36.108510975357085	48.836006050638545	30.540166628000094	48.305014097500425	29.962191270663173	39.26040919797464	41.04663216851127	39.91258581180079	41.45959996636504	41.99645683183818	30.747493802309606	33.89964142029837	34.346541314497344	41.39567204592993	26.927368327028447	41.96543972869962	34.66254079962963	38.778171903863395	45.269753581276056	31.65451537465102	38.57326511644469	35.86071842357095	24.326835666718495	44.0083859558283	38.95765258977771	43.27361645738056	55.741543560017234	42.826518567928154	34.39653118594539	46.027428909216674	39.86963989597541	47.6376630742616	41.22884540464366	45.70577889900901	35.0262810489811	39.86370526543296	41.695511079246515	49.87728579124744	46.39076807619998	44.451949400605	41.235829783996586	38.49847637728742	39.63888030904185	35.38693221008313	49.159705267175454	35.859593770146816	46.08725812848902	40.546989812188	40.10303687813199	52.15485162713147	27.076105535562714	42.071545574979666	30.9342263117464	41.86336128884718	36.775127559832896	34.215143544899476	42.00426897602525	38.720113911467706	35.25246942038741	51.534750596568635	39.65036357439562	30.70303405969934	47.38492396334941	46.60026049166287	51.868909075094706	47.69139816615521	40.262917035390316	31.705499639641825	27.049624968048377	33.77127870566891	31.784569347143822	40.551052836399975	54.87525952135492	46.36243722157336	35.32378565437346	42.72938485049345	46.81639045837212	45.35008854920532	39.60784408591185	43.15484242517602	43.238722405514494	19.698416292808545	32.57897218422236	52.90281574196255	40.9701299658028	40.6047550212787	54.05978720111251	43.76144703414545	45.51432702062178	40.827671164420806	41.37450408095131	41.43076548322397	39.78081692054042	38.00325701683465	48.10929603723941	39.614419836079534	49.40725878960565	39.15249030503482	40.085341228146355	45.76524338126193	40.041896975154756	42.40360622156154	38.76740823736745	26.98842874068949	46.07575123848017	47.512343570349294	35.72786193646701	35.00881923790126	38.0160768418881	37.74163490186165	49.03586046976082	38.2095405991797	36.58247387048467	41.524400197668626	45.89139963979292	42.06654730194986	48.366641424249536	42.171939242192664	42.98357176145335	23.972190647016344	36.23489081398214	46.6024167091942	39.96231893785199	42.96480603601482	36.0423188852549	43.09144308179696	48.03717660151236	29.885671131830133	50.71633545545765	34.323837162966704	36.742930250931444	31.235385691592374	39.47338537466889	26.707637216879142	47.598262629357365	42.20357708946379	44.85960008289263	34.16555103222995	45.34203856821627	35.38514955924195	35.703122575701535	37.073368554032925	39.55526077360777	38.50468640032062	39.59846646598849	39.6696525725672	54.6721516525039	35.39606557327837	30.42851357919187	42.954923345309794	48.04357895293201	54.74810805437676	37.43021750074045	37.4969308748586	36.91880002406651	36.3268353935075	56.55103028675275	41.784406900333664	50.76478635774208	42.637363427697764	31.10037876620591	32.719399801756936	34.21970844102947	37.74402316458234	31.396189020667055	39.48966520676801	51.06270890821621	54.0011441863255	34.94019638015653	45.47029122474299	39.62647195653278	25.729510314455634	44.04595096956553	40.441417402154116	36.51099814924424	38.25943946644409	34.73845206415033	33.43167264773041	57.50523865597056	37.86512329438048	28.326239368723453	34.875226431695616	46.56974727490497	48.87355013554246	34.651852526204564	48.25788390488289	37.72819923366778	38.350923040133054	27.69689996361421	20.76375351699616	43.96665834743112	51.26366631218808	33.70785835024537	39.12468669579592	43.198034590707344	44.625974129260584	52.817214505231874	44.76024677077436	36.80014501367556	37.07481548547772	37.780769642882134	41.775969369118435	38.23814019861971	35.9935723127588	38.242613434934384	33.9396813235517	36.961236624045	44.32911149196157	45.086372374957755	31.632766728085013	38.005124144930456	31.388689917095636	41.244382737497034	45.62421149439923	42.67661707712623	50.10678447289961	22.588159786319252	49.71128384875263	39.60598180142391	39.56453706666886	45.523226015342416	48.555699828779254	43.00979108623974	34.21044140725444	37.860543676538974	48.82537727447272	51.59020607360133	36.01804113203274	44.992031676886164	31.33444166736336	49.43971847483215	36.79016316460371	41.19836112827433	45.72230110277783	44.51887242488747	43.134978937284295	56.96673618644177	43.40723863699021	33.076576491530496	40.74577310832145	35.98746638771007	28.17548928856924	54.8640596326169	42.604738301864195	33.38388710121126	40.1338832642215	46.951908354292065	33.800484518655956	42.8116305193398	41.123597934910656	49.69653691979847	47.62784397906422	31.206171711012995	43.48670335641239	38.723538302967164	36.69643123349111	41.72633661223173	48.8622546515486	37.770569064703075	51.21310311690388	45.842277617689405	34.135966271325934	36.295634842371946	49.99689172419316	41.05237822696916	46.18526291304845	44.313925033489895	46.70197245184546	42.25217570893615	49.270491857481396	47.42739330922556	40.04393186690269	35.65453791788667	48.81752122290651	34.370311967400326	39.27207665725442	37.15638773896536	45.550909979543995	44.81016027665674	42.78468894292154	36.569243453130866	40.2644097944993	51.03380244575083	45.26605323490883	40.69697083421148	46.621701037428885	50.384610661645894	39.90268824703324	43.20018437129863	41.12664008108683	35.82361630138706	39.21971797039399	35.762532267019836	37.070590859209034	37.20571301615993	53.98299250490407	39.50164781617276	36.97796719094868	43.120244036662264	49.84301362615321	37.66936276790934	41.22078330979618	36.95459137660856	31.656117898579232	29.59902194998749	37.85623958103585	44.93999698334883	36.588730866572895	43.2734128116612	43.999814383476036	39.96162530947161	36.308565634500354	39.359891185642034	34.95224760613995	44.506307346612665	52.697709345490765	37.740370914999296	35.694997981014	45.823736688873616	40.517316812396736	43.67048813474963	49.6162175661996	53.26929435667139	34.357727154132256	49.75620149670565	34.87707881585264	38.38005114889469	44.25907672648223	36.537446065172226	46.28227133098095	40.71370980320683	32.26247938268603	35.56392990542082	45.837825212164276	20.077483070764526	37.32660190037136	55.03001275594604	35.69395890911826	40.9578357035746	45.136475086218155	38.998954142041654	34.89074219937234	51.27338277448806	29.29413223280732	44.70612247586714	55.011892270422834	25.839875218606785	30.449123248904566	43.09005658912475	28.11799922769522	46.399244727066254	37.27783437925643	54.64022567229999	38.88808345032528	35.99396618922759	37.711939663564465	35.91677751089488	41.05442559272306	31.546452511668168	31.610555079368577	29.61212704240759	46.02697162270185	42.855081031112675	46.42171304359627	41.647131291353034	43.137263803583735	33.396516984070786	39.07759403077038	41.00944856730678	31.824408883300134	50.27409367427544	42.06394373527198	46.424027878164885	44.016693973454636	48.577019977321406	47.3781586249161	41.438580046456615	31.011419711522933	40.446972066216205	34.007299688503764	44.478810237807984	28.24050913173961	39.272954451975146	40.23888266407964	41.749109172449316	45.274170304735996	31.650294184827818	33.46817480448073	48.451638509340185	51.16132478097112	47.656864251755444	35.44191370217908	49.59337214088509	38.39277933305461	45.81132565088657	42.169660647954906	44.71649692100074	39.43814069702259	42.14460638938755	40.75521670845723	48.28208784610549	53.001365993238124	43.60293600627493	37.95822736360639	39.2537236407193	45.89424054928423	45.837943704725966	36.70924145252282	44.8787009705296	39.142988604756724	53.39102832415174	38.54072531282581	41.43121735907782	42.017563437176634	45.186003378472016	52.56834834165589	45.65424975970551	27.6608227197263	29.66274186769302	54.515257160134254	48.82707752196582	38.88384204184565	42.586599477404725	38.41594143969995	46.171993074883474	41.545900009885486	40.35811711169765	32.940064607365244	38.39731019699716	37.072103352683385	45.75973335522549	43.028117796395044	34.00144787648143	37.34829813637352	34.31880800784221	38.07979730780825	33.25430459583032	44.06132733104283	47.07721691214047	46.918565348742554	42.8595146984838	21.260714151747422	48.03759057216241	39.54717516159986	39.54342593329459	48.324076248224756	50.21938441407015	29.70228655444327	30.78743902731254	48.580984965598745	51.23176449418376	52.50567159692463	44.881141662247934	44.056037458426914	40.6252145896469	29.352060183178374	41.09315054236765	36.39577041205222	33.456585909363476	24.849626266607725	35.36047525748453	36.00617122579126	35.519217980838285	28.74429530680718	49.109337426004686	46.616325151107176	40.826233671935704	43.707270274925044	49.39358996037794	43.202844153036175	39.46513554394178	41.74486876351539	41.576565690283566	41.99746261455742	36.019712598926	43.022675996125656	47.319505356698954	43.1813269484374	51.418002557878815	42.31365912745895	23.996887394974525	49.70700387041656	42.207354506103	37.7960265400057	33.99958147782554	38.32507612401486	40.48400309605111	39.36607196440069	42.25372828785113	33.71019552103877	36.9191933807761	45.49480841722616	42.19649215426831	39.47718725233181	41.11109185360337	26.879775661451582	53.571532647732504	46.547732560056566	50.50968063448766	36.30488937866614	37.9697807093643	38.13996926995253	36.969228058648845	31.55027125282794	43.038419529982406	32.767232879638584	35.536843430358154	41.68573576046137	42.62697142930261	45.71988927965553	42.60722807347255	28.267244411507253	34.695241106084204	23.546459178924835	49.92755247361779	39.988669882379504	41.422888086728626	39.96859279638584	37.144252007198915	44.251613520911704	45.52595612468772	37.77894471849435	40.69004815509977	45.16926032510071	42.66134847543703	31.92451311587166	41.36955563742158	41.12640462366577	29.081030856416994	50.2474524557626	33.481674497254275	35.427655913524525	40.751572129938296	37.96846085486336	43.40270737356744	42.091293967129566	44.93356679477706	39.034829370729085	41.45416882169202	46.45550176768654	39.8843827670124	41.16211944954307	49.73172800199809	43.44174436557185	42.49124595006237	47.72931435851436	34.618612048779696	48.24605364533126	36.77343172859097	41.476716773335646	32.75345236415113	49.45094773768226	42.015983467253726	31.679042674659907	45.27867389819909	41.31496265286261	44.27575751053158	42.58224537948121	27.274346846244903	38.91193454776697	32.46506947468982	51.599043499026806	41.91522069346864	33.54302754018556	27.30514542093028	43.848813628727065	47.70529137258004	48.961473231256385	50.63511127506012	42.95707538967065	34.65317270900828	44.413635583384206	41.30362656702495	46.0376880607333	39.91495376181393	40.7088446096694	42.41003804741411	38.43752421685736	47.25279996499082	34.88552340098312	48.36578945460189	44.507331498626534	39.487701487687445	56.8973037747815	31.28717150117137	43.87814442370835	32.37755912445151	51.68712328770742	35.972499509508275	38.604878250622384	21.820897587699214	45.93521970633076	39.00556442450956	42.26251203183518	22.734778599629575	52.0492353981052	39.86022806803274	44.453211204258615	34.818365716000976	45.29403808170852	52.03890357751865	36.617184372868806	41.45338995542187	40.82996421698618	42.0360217846562	45.448989479580334	48.23120698490379	49.63830943177617	47.363151859209744	39.34493115079869	45.13262991067921	46.88196406727561	32.8672113926342	27.780822958230335	43.87988450855622	53.161961435558965	36.917760128685515	41.14356117997913	44.67383922622864	47.65904141870234	43.90193228715041	40.658814674595206	47.31562032365322	34.82961886694555	27.189090520087436	39.12092137958532	40.740054115796354	36.60727285503985	38.74036237577196	46.59370314811932	39.312872029862206	46.208981743523914	41.707093001099366	30.13444133051573	44.57011224194875	33.47904682015775	37.435703462037516	45.22037524984588	36.673021041023354	43.98912332581087	42.99866488461987	57.69977823326699	45.200286266476574	40.96493783108013	38.13508938341581	40.09179631151515	38.72181578112088	24.946144056907254	48.086298177407535	43.53627554118436	45.793649436720415	46.85837939879212	43.21235907829203	41.59881360327189	23.48558221155869	52.732392113799094	36.04852097275613	55.368837171472464	53.92800972168293	32.78879158501276	46.54119189300139	38.14246676182517	38.9246540168356	36.73132443703463	46.273891561321854	47.376465347535344	37.392070157372856	35.71080161197147	35.29140318882346	37.144742477048645	42.44682145066843	42.741062098508316	41.18813291819186	47.53707553716559	19.046242118830616	28.979616086723023	33.13235018411739	41.67698539190921	44.4720229589806	39.71741772616554	41.83762570185985	40.744009007834535	36.700133400338196	39.023642583805156	34.4980867322326	38.54255352084361	42.997037225154365	31.5363822238958	39.049792867544205	39.238115557216275	34.7503571205117	39.215198211584635	30.376335626132974	41.609549541959005	47.21258678748952	38.6041861387891	44.99843673730243	39.95918002861267	41.72688974159801	41.45835388986277	41.94899350290673	41.656201427293546	40.32753014506755	35.45062239966476	30.65800829300188	37.53128513214943	26.59607762094842	32.97307264035221	48.84915751040085	43.54734259380183	35.53423792266298	39.05688920447319	51.503092335361394	31.88864968362617	32.711218654919726	39.63542765180728	53.076596020390646	43.77191652998707	30.639203597178877	41.27781225651581	41.27134345548735	20.58346739699739	36.16992158488589	31.446228000959493	38.91658861241112	38.69100154000738	45.40097719311003	44.093215503726576	45.20506372383681	28.19285774401934	42.622988460399036	40.81197009911922	52.04291486160197	38.70831131761849	48.59340960727208	37.04765730253428	54.812308061187274	31.386948242155366	49.88650390473169	38.12020017421161	46.56211648129318	45.790228408580745	50.48336972733434	41.44846880198914	38.43276098817712	43.103901492263596	43.7588582640885	31.252098171796234	38.623186168038806	36.41533169947879	33.3878017560136	30.728330177891408	36.06376898479249	48.64365718159012	43.69731241485655	35.11636581581334	43.59169704748246	45.68167965556498	33.25300162008377	30.653073241946828	47.83020638808427	44.249711994586846	33.78863374349008	50.57719557327352	48.58555616831186	48.93534981917639	35.30677946869495	52.554300125153276	29.221772740776633	38.75842221219642	53.59996210024536	49.842040035153616	38.64514958798982	35.90593470235974	41.108339581252174	39.25290380902245	33.89776874094682	33.350419606994464	39.038009931602616	25.573777330600727	45.838305903178245	52.47017336906535	46.00691818731244	37.50498409795573	42.4014020524051	36.30470071585543	50.54523729563195	49.52508563332812	49.3270436884311	38.97917787304864	42.41060056945973	61.00640237451824	42.76054132350791	45.574933916382555	36.91522799581364	49.328641790948	40.281747961322836	36.210957084943324	32.83745900465125	40.182633007572306	41.62087850432746	39.32911254294687	46.27557809149509	45.28735075085906	19.54505876335127	36.46423897895969	39.50362442062666	28.13473971805229	32.86839047053176	41.20152498112438	39.83652662148832	57.802448478476656	24.46711295146987	40.95357173604226	50.2147735883594	50.6715170152912	45.05305908311534	39.100180274426734	44.68820207454303	45.0718343808716	40.22901868400422	19.461182889583515	37.30062486847591	30.051569319281754	48.941845307049476	39.23680082541543	46.64522060869864	46.192983491793505	42.165708952742364	46.291894868513026	38.21763183087774	42.24221931427358	42.92855899945386	38.31436900688688	37.372667676969336	44.997271495603584	50.6044369744095	39.005137401016306	43.7256782047518	33.55776083745257	30.565230471594113	38.66583530046087	38.46129994691998	41.85012173390499	49.02628224655543	26.654574113624133	19.337069273621342	37.950001927627866	44.61076560748016	27.204535969647633	48.87966907282389	41.976293507603934	39.77428507524143	50.906449862334085	43.8312028971988	32.574101476760546	44.84642587812516	35.785574086646406	40.59693376065628	39.64970650405532	44.28596222857339	47.52685638861789	42.51728934260387	37.24486020069491	35.42467093781194	43.153020621104076	38.045919862827404	40.664015889674346	40.023208140542536	36.25551178256045	35.64030802323105	37.18412610410386	41.32756553551149	32.19667370088611	41.97089580226085	38.89761293077872	34.50879716099092	50.162821905334276	38.86613714316621	42.58785294015062	49.88628321276452	29.723411254971783	39.78920719487257	44.687061224120335	34.61926635476194	41.42645344483814	36.225808980491735	39.65632446647646	42.41298889029704	38.064408043150415	37.75097134963017	35.62851191350649	41.1593570029322	36.06331732417902	31.13136937226931	38.89862507801413	38.39607121191583	35.99960496452006	37.30952644084699	39.21087128158683	35.92754755633982	41.442695619270914	35.262124835934934	44.029146472862756	48.6537623800227	46.910242746856326	36.858905536942615	46.14803962474835	41.494957695943526	41.065625635542844	57.33272406769031	37.543171501676994	42.68739220458163	39.72445707521651	41.77340774184079	55.04073996233962	38.85170592966045	35.446717293527406	38.15585980405918	40.004786483036376	52.8951421364841	41.359781072443596	42.50884258686359	38.6242596180946	40.74027121424655	46.43717228752587	52.68501975558581	40.51132855332657	37.53424724480918	38.411263957561935	36.74743633899063	43.943539545105885	32.83678278752886	33.84419942587963	44.700635463023026	39.76200845346515	54.02225853276859	43.240622442413475	39.84758025327961	37.100122238795414	38.095140379140965	42.03908155807295	34.9637128236341	48.055372950541816	42.68508293698838	31.83768380126794	41.16663646033206	48.38005752570285	37.05603508953092	42.95461495978209	43.937224328343405	38.14201944208728	39.489334909709896	50.82455900248915	44.02517376492812	42.79565842780739	28.005386687367142	45.22825752411213	36.232636451999824	36.28436339078162	39.161555006384816	40.65637425632699	39.18928023383415	34.28346505090918	50.87633688079884	40.11138628492683	37.115028407697736	40.56904860050922	27.71937797224361	35.3190919105501	50.253165627976145	44.87314952303727	41.776284556698435	39.01775281845618	39.920424373804714	48.973570367429545	39.26862169511214	31.501317860985353	43.48702413038761	26.758018238221933	42.79839954799725	33.41440176627908	44.20858061483839	45.78789978044096	34.3513613628841	40.53919952098194	47.29745966366216	42.70640352586662	46.531784039694806	39.56220967309497	36.96575992947479	36.88097475739992	33.14533964681619	34.775410198475484	41.985758298329905	51.99863160383147	30.683380984891667	40.047087991430914	52.417499775762096	32.317292417161966	41.65432988086971	41.862299209608224	28.958190652900925	46.49086847066615	49.010222913430326	25.466810733466907	46.38578930446411	43.2206267685583	42.38331319353829	38.791061860369275	39.20228719554207	45.140423594840776	43.17135010042007	47.35204320221603	51.93955983315196	41.834112125688286	44.98821713553728	42.17111051291086	48.43280719526417	39.50334520781796	45.29727891656296	37.355868227800556	37.20949653768349	43.00424658888836	39.42367123752493	45.11276089191762	44.92305941085666	42.96068915287752	43.37704487430439	53.04421988706999	41.90915643098261	43.75630875744846	35.51102385537976	36.24931908552279	46.53416211269884	46.51295350636547	14.596295287694362	35.369133784968	43.3778988585007	43.724861134292006	40.17498733945155	38.09171241337625	44.72874841260948	43.66427350428401	44.094738517538715	26.07936583236908	36.45897355607595	41.96522675497721	52.682114119118104	34.81545935362452	50.61546016990125	38.64858704885782	40.6222219013513	41.04574817747694	48.11511541318906	47.80336641729993	44.38116742239603	24.236071633202016	32.51190940435065	37.16130312964215	37.09715700297225	40.169993703671544	43.69129941440339	31.457219396011094	37.49236888120252	40.53705126261227	34.68453829477769	40.45430077657606	40.7332774452063	45.04057631030929	29.024967694569025	52.03346092757578	39.21224039197856	39.63457935803254	59.89700683956298	44.15382172952924	44.022193988922204	32.348735349397934	50.106901548312585	42.04312004646466	50.61229919777079	47.55512354369558	35.30085543440262	33.53990722341257	51.81446962058937	42.56675450437187	38.02623658662116	44.36156680362681	49.775490355059596	33.428160000991525	37.58935028354048	31.10895906420187	40.79058723521283	42.35778733272731	37.50953501039202	45.81709659210984	37.91153958013498	38.81416197159369	41.35638649234482	39.28438097393491	28.531867563578622	42.697319557995606	38.16446896158364	30.118437327142985	42.293235881669055	38.11523651173095	46.24930427044063	55.718394438584745	38.85168543304768	43.357797400292476	48.108130167453915	41.62092680596506	35.382147873029886	54.351951667882254	45.51219043685555	35.65526998978803	35.875211551111484	35.55437020358829	30.18733127694684	32.48137698056534	45.15664782776329	42.54248227086629	36.701601914465414	40.61334114443211	35.117934592139946	39.31623409811412	33.04194003288045	32.397277175574565	35.54820520514739	38.49279847753571	41.50199770959672	30.832455634603306	46.07368663270481	45.285719354128105	56.745664219600165	47.18016501389577	33.53294955108284	29.609839418406573	33.653573443220736	46.5479578181694	43.085583404508306	43.348161268404525	33.98617020028209	30.933849300529225	38.133608832369866	41.770000571345676	39.19091930874802	41.12671320184659	43.85476528990707	37.30159624919262	25.826898594326213	32.74583944636097	37.47156498693434	40.803424527689955	39.68927004369313	55.77343516798596	39.736998499967214	41.24203396244407	44.11821076019681	45.95302258099392	28.6840041345543	43.353842894540705	42.45754521127947	36.78731730772214	39.636638469521436	28.329912414064136	39.7246947957905	36.08179176245473	42.45017643320811	41.97869451237875	40.740894220058564	42.87306089474624	37.80517348390233	41.874406331446025	32.61702757950913	41.70025075088664	32.84620567838191	32.68965057006475	40.86028761834923	46.766393955156865	39.42018340247893	35.681945931215324	46.05912764459372	29.365320694161817	32.22677505289656	41.063275190729755	44.59877925211715	42.23362157381082	43.41326405300505	25.731173547895818	41.051917546102366	39.37113564691892	47.82656156782085	39.903088549694466	44.97416020436446	33.83962537807383	41.68802477187134	44.343716784574	51.22646880721002	47.84528556815934	30.982975447728812	52.243891484369335	38.58321519575271	39.22631485626297	33.069346381120546	39.88595451233473	44.52876693687236	34.72521765627419	44.05525491534953	41.047238086844345	43.22234329941881	39.700694644916496	44.111559063437014	45.06387522738765	29.69945671881555	33.70871478593876	41.931982876913295	36.307615417651874	41.34665884695794	41.34695758792111	41.60088903286892	45.388491484141284	41.7841830371557	37.329223685759615	30.099000503650846	43.324964667427594	35.294481261703915	40.43332240309167	44.45662292266419	45.043669791800916	37.732618744371784	37.27146116077182	34.03819136136382	33.0182532176161	49.444011724071245	48.206535737137614	31.321010764683635	32.53924009668121	49.236724984307195	36.66628731971174	40.57011190219262	37.66514617815523	49.70279505390077	35.50780669083889	49.90211406560035	51.26737612489336	43.67957942800845	46.55376733191313	44.15246447707202	55.8199721439766	44.70576134700669	46.7949468197596	41.46185890339434	41.091060738451645	21.739121168091504	50.27849297125961	33.82369621704388	44.35180373628927	49.80852706391895	51.07846482564268	40.91408084606234	45.494809251758966	43.79583152155267	46.43711191952985	48.66717345491805	49.94945194302748	38.963633901036744	39.50328482245596	44.253716236067724	42.38724160419447	36.89639305014757	41.98578802178177	42.70375873831456	48.762286929966535	43.721562016256925	41.50204902029261	42.50700046164776	41.975246825682675	36.60462167960713	47.66280123013797	28.100906021851106	31.891796426785255	39.934263260868086	40.52575890494833	44.40777519866496	42.83571534522262	46.18587131694623	41.203365502375426	36.20431304069413	35.867204538416914	37.60173407771924	46.792167439352546	42.18008498860342	39.48245508586361	35.7765559753151	36.80520756077071	45.83584700274863	31.915977245010033	41.43963298062017	28.810075477071077	41.232881007829555	54.925441069075	38.49284314986389	41.782737159084164	47.67417798818951	41.52712582932719	21.417041191635974	34.641679978990425	43.112708009090056	45.73501987456166	42.44210472829033	45.52478423855074	37.043744501069284	44.1287633917472	47.318619441480735	40.99357612857881	36.53653440320747	47.31554176015554	39.111670262402896	50.42279651198374	37.81439121831522	31.7612754382869	41.13331336120293	44.91694425907713	40.01115319445524	52.4195886915683	41.750872492496626	45.23967371522765	45.66863758266449	42.19547783004305	50.88989012352393	44.75939076592446	35.563045942329225	40.68314507166635	39.32776287485381	42.29142817784459	33.20728749134277	35.870450849217676	44.87408113508948	47.19602760049981	38.293847656192746	39.049424249481085	36.65753321396009	39.34437446159561	33.85971391478093	46.863248814158496	34.32725996407838	41.32549150799678	56.272262264634016	37.56475730414504	28.706262165944306	37.16890686712911	44.56874420879877	36.023633526327195	44.6937810790715	43.21184522490776	48.00602321724623	36.67734531344936	50.31381874499346	57.62435752398987	40.68034687964603	41.050513512350705	35.617265647454545	45.94601791917807	40.78226045133228	43.084072485025914	43.904808436865665	37.95065793158935	40.416003863031584	46.997498150187326	32.044416232635264	37.53269343393847	49.84536425182906	34.57096578281091	35.89230469099408	44.97567380773659	48.74509560137668	47.148436925465326	52.35611745273225	40.27148259782087	46.05123185643772	27.43832591383324	40.584844348631606	44.853204779431266	40.48329983050489	50.831080910707264	38.10831986343939	49.511175648575275	42.05460082616348	37.3546889992523	34.712683884877386	55.54226517163663	35.11026261925992	38.66707811090066	40.023683683116666	40.2563939049947	36.43734684392148	40.84715286935609	40.07808815172667	39.23816551342654	36.8315956929418	39.27175054473561	43.94320206756413	36.68098259624251	33.300149985948146	50.86483912470687	33.44879266210479	39.615735580516024	37.95205904932855	40.75971289579975	44.42567265430617	42.24676732164701	42.62534968619035	41.49309109565919	39.617900424802265	43.3034477402152	34.76326650224126	42.42085126607146	33.81011212631761	21.167403853705533	43.24079388611431	38.66856832542063	30.729111329207374	38.480115689319696	28.96933085665134	52.999344215015306	40.426866472515066	35.40690599186258	39.762984199351344	37.33224932493389	35.09306501626086	42.82570493989009	39.092857783596536	32.61796324386644	40.91048241837963	55.93102793953766	36.65203016062023	44.45743236663808	34.27846205015455	46.33808342954947	46.827144233750786	46.01354305546022	38.59351766054376	37.61971551140987	43.265510009082675	41.1726610030573	45.804400401741965	36.44747770110639	32.43326074867102	35.55637200058009	45.712392825886546	51.39804514363535	45.67365583225775	48.234070536756775	35.35701453714482	40.34296455481649	33.15004807227971	55.31295356717792	44.14342214810578	46.01223746095869	51.40305332591849	41.618261565097896	31.458984968161467	37.6153782205648	32.881483862199126	36.56559924089792	46.339856242204746	46.99452917601718	35.29273783013328	25.338321452200255	59.57375748125642	39.041037878361784	46.443605949901205	49.44957885315467	41.05506440150976	45.175448798943584	34.254073197411294	59.20880151820932	40.84775050196566	34.218536300861835	37.586176415086506	50.29761887529235	55.73566225022146	37.04973374283766	45.223318892763814	41.14805451560724	31.377087627097655	45.1506791617617	43.72876413503655	35.652433034255665	42.98896817965769	31.73618934584108	38.566232338027554	40.80342141408671	43.34841603006792	43.536157165633256	56.0943826097979	42.093575020442586	45.331372477234616	41.455765312296066	43.764326135709645	37.07559664029513	48.24132109255175	23.8209865649563	50.483138787427244	37.85271078813688	40.71543238807906	24.925599718255235	46.723912364937455	45.242437204820455	37.14654039983974	42.58900042213945	35.62855381771626	33.25279354356051	40.31823998182077	35.15030428438261	33.31039820529825	42.93117085993508	44.577736513968944	37.83269987972238	41.98481042711239	37.285207074737606	49.515087149629	34.46122663032872	35.67210416646075	42.539132547983186	56.05891754821538	44.42650980027688	47.39100761654369	34.33576035538247	43.20480125223708	28.44504206650532	36.67978438930468	44.67100892343892	38.28050974060901	49.54333382599115	34.66382792799249	33.612080689577866	35.63342153088027	31.204231412691993	47.265232967406185	28.754413698407287	47.11294383185879	36.30745761708767	46.641979403767806	42.80100015103529	43.25396521415885	44.88482207098323	55.87601136263679	43.23712169350062	53.679491508747134	39.14742781325361	30.81755409452398	40.10188251892024	42.5692597430004	43.55560083110982	50.528877065467306	41.78823726061604	37.99802225614578	43.8892248931703	32.15871013831717	57.77937221424688	38.764521413629396	39.62535316568548	39.12868555593452	37.51996474050708	39.82375491689334	39.610745297709734	42.264873334925156	44.37753062289899	27.095726036183617	43.749606334935926	50.65303736403295	48.20167211601936	34.092767964139796	37.43491260703032	40.64121530968691	39.27093263614297	36.43566802946975	35.819838835084795	46.70432910844248	42.24577700880302	43.71457712342357	39.722361222907175	29.008141287094475	39.3898693916816	37.64797023490261	42.04146363263348	27.154336254225417	33.81290008891089	50.055501775073424	41.695718789798754	38.20795313915843	35.1954739823368	37.81242601088086	45.774523152647305	42.388816982745226	44.763621200494235	34.89745863216459	33.665186556625514	46.794714075663684	41.55174814029737	39.93373005168679	55.81983546218534	43.14866140050779	39.1022666540966	24.77321880615439	41.51948031942144	46.08572133800819	41.963489863825835	37.82358633422269	44.07058929718421	44.17202063838358	38.05515524805493	34.42200544454021	35.19955014046728	47.18793167371013	54.77343986051958	41.138722832594844	38.9853556448319	36.65381881552602	36.18326485416648	49.66939351152828	39.956944551100314	45.61580688253183	48.981044896747356	44.576210051672696	49.89828284505395	34.02679786822723	52.05570150774907	38.09923076967755	53.31050226719255	45.39989747036745	44.825952182145905	49.82669547285044	48.184321559290495	41.63929974352575	43.886818787962504	37.07635304328568	44.97057204939145	50.585828254120536	34.84021064614479	33.519568492482456	36.08607810970444	46.776575477159206	32.09867962233824	47.28410852126559	31.7974407151111	36.18462312418492	41.21689834109892	28.032466457430036	27.523815589730432	38.035023985176096	44.31163501558757	35.33208243634624	48.441753254554655	33.95581381544155	32.73736681683236	38.939013913791435	40.414923521025784	48.15046676746736	38.61079277345483	36.81122057706516	48.51932151341908	42.8327296525213	42.496521694543105	34.7510453198696	42.20132488620229	48.65428035947895	40.63523595189626	35.37262434555809	28.586868053183196	41.51797531440946	30.12049346969668	38.16656127926553	29.30480190565528	37.0605877222586	48.595027230500285	38.136522341722475	39.20030653672327	44.44961160920148	39.63237155229096	38.79529359733586	48.34221314544652	47.19933777158617	34.935211494681404	40.44308537919991	51.343993198203634	30.07338669624894	51.07326618438094	37.59644253124619	39.152626585829104	28.492397624223297	45.356980740253576	39.83196037406378	27.405110955059047	34.52802018655115	36.61332801485326	40.264832437750705	39.77148634092944	34.315061880672516	25.063930425970888	39.50386551128037	36.42892470608831	48.24173894411076	39.18704195651337	38.827919295939154	52.23420202670683	49.81850577655586	38.82800760596455	42.85586182936755	30.467245692306275	41.54136618157251	46.54390718458956	49.71800344350093	45.841534179214115	47.51490531306348	46.06958447161259	37.22571429487267	41.74431262836247	29.523823633167037	45.16280689990237	43.499354981252466	36.81694401356004	38.90764953932293	46.143969913535514	27.56132176098064	41.956669687766144	35.22121109190236	43.804086606837785	45.99287880917384	52.07266344695795	35.96829415649018	48.009748221502676	30.803813910751018	24.876389993076018	47.51453362904002	33.84185816366449	46.23436674028186	28.616716916120442	28.394696400379548	36.89103908887112	42.920983637918276	29.896819649786423	23.61903994264159	46.9465954475116	38.67035787597792	39.50960692310369	43.915498677858295	36.24801741615647	40.729073335468804	42.89719794102424	44.01501684552216	32.604385373249016	38.39382884633371	48.29320772978649	43.28731100421046	30.7470724856183	49.882748111026444	45.43651160120403	49.93013358646335	35.75605173010971	40.2918488945643	38.26454903384313	41.47499573896857	43.29615692213139	33.78934688652922	37.52145858580189	44.7493099592368	43.005101941138754	38.49511019001775	39.87707171861942	42.79974842148414	36.35064060108243	32.31674039256551	40.09841343147579	41.00974994311618	47.281623348712	46.66568835672641	42.98710103934432	43.73494164870148	20.830832486592843	45.212912004157886	29.09389380231325	44.6935539702619	41.00284054787722	25.63836892347329	30.510186766768243	29.923602640184814	38.553083338625584	38.21666277262835	46.27831904429088	44.41074896496326	53.60885349378291	44.42351546277874	45.45295726490479	37.87342812388807	54.38170928797091	34.03653106712549	40.491265763692184	49.770470510638496	41.56543193363459	41.15474980708675	41.48825177371994	33.940293060043196	38.10261780321587	45.76127943380779	42.48719666075564	38.34864322749229	33.635659708070726	38.17898416669662	39.55264103153514	30.39237779198256	32.5380371705683	42.94806367487581	43.39451278497784	36.432628343216486	43.64075318718118	44.430683589779065	41.84780726793504	42.114605133513244	45.470731913186135	36.113643540353394	36.55368171424583	36.91033304272663	41.33293874987917	45.89830797247085	45.867529259243405	37.965855320343444	31.826714018073176	44.01811402784295	30.161213883843082	38.49413669890689	40.41907070056197	47.72243207946922	35.99053253896006	48.242262094984	38.23523635718525	41.23710970670516	46.69368902155537	43.40827213781093	30.376572392118337	45.41431677669903	34.07183828668744	44.342875396559414	42.82966559867301	44.582683227139974	34.156906476400096	46.282135959093026	43.22228020414962	36.076504580953944	41.66704160934307	33.61203629657353	45.82197222312484	36.70636946155113	40.70095860920265	44.350005641026655	44.26986280217517	43.322459678209285	34.67741115499493	47.013617107755415	50.659236613286524	41.39209004512313	47.67593771117351	30.32169190416839	38.36646480573056	37.34874256415679	33.383700642202555	25.71676968056222	44.02377231012032	34.46146771310907	42.13897026785624	44.23645349375949	38.7715715538849	47.841988057208596	46.5375980826461	45.38762363505898	23.76031754648304	37.616160500743405	34.55108371320457	37.96469477490048	48.15378570082116	49.15075505571137	34.79647541218526	44.113997199353605	43.51812970446638	36.487558619891004	31.24149386556263	45.075864498669496	38.66253333267329	41.603621092200164	37.796252802178465	43.406550720551394	31.464764635139478	43.26477169501155	35.88381983373943	55.81531188158547	41.98081779303954	37.49299532986873	44.18751249879534	43.13094494180769	46.43444106829931	45.570699372743356	54.837573793187524	41.10293603556828	51.4513164773815	39.85508373420933	37.88219018944686	32.834766688102505	47.633298696758665	47.408002246547575	41.62780889454147	38.836157923402915	47.193150759567	39.00190839344006	41.792148629212	44.341251956535125	36.409820517576314	41.09725582143005	45.750664094041404	39.983109945012934	28.91090471086279	54.37889719950586	30.247191604638484	35.72761271215307	42.19477459133834	45.493451373796916	37.02906554224147	39.38423327483493	45.73187240152319	45.04265190101933	27.090140334954114	52.16401684361952	40.8624011968925	46.312578411613956	52.084349597934555	53.139347654860465	30.352131757276346	47.30592555839934	50.04062142271138	38.25069647528228	41.39938543113565	40.70648263257442	43.188728176843554	43.22624151771398	52.546240073947665	32.176578763452476	36.05449950628273	40.849269372433724	44.2311002242887	41.48019167706479	31.80450273093874	50.57484479249806	42.621841237985436	47.31137800287607	46.8717616780454	43.61892245519117	52.08009986124654	59.57390385453477	39.171115164790336	29.04129601583002	39.43403166626302	49.47199990695455	35.84953997158923	41.1828211306799	45.00756039431763	51.37822984731854	39.61888156804539	38.940666139191116	44.55723007945336	40.39878051150107	39.88218257638333	43.926548029580424	43.15220656613854	35.43919599831492	39.99932679699074	37.251088742330744	48.30079140097075	48.56777216675005	39.387726474486406	33.85909058458555	40.46790675619857	38.557976844456554	48.10660727352235	35.68994362507545	45.41490805232344	49.01020955545312	24.9507941944056	37.51153868607572	34.48585027900498	41.04988867561275	40.584660105880424	40.0163921484051	39.774733662582484	41.49328149440783	31.035061229571618	44.64586145029288	29.434036082620395	46.75206369955474	35.89899482910983	36.84218423025324	43.68959930259214	41.72063050141138	42.60308502862492	52.06594278709625	53.41702805795787	39.573317637412934	39.84495594474959	37.981571158910775	46.65931607200099	41.30935429285705	61.505584804358875	40.95125941067829	38.036187777730454	32.40643398830738	40.00749087553149	45.79543656650741	29.08101745004293	30.85545217262538	34.58220918321454	50.7715758034077	40.81481283920128	39.088596169157526	46.11434924143702	43.79041201712945	47.89903614460293	37.02984029939966	30.865844822404675	33.032247289248	33.56713339588716	39.88225273567231	36.11114804632296	40.57463584290229	46.946268517936986	37.462210856550996	39.08907803533612	50.1549877884197	41.63725224631236	33.7790735182123	48.3746887161026	50.29330268312332	49.17898445991589	42.54231445056785	33.548670500036636	29.420246485143256	43.896533358324135	52.470009612470264	37.22953566338145	22.943695683255527	34.6984738744433	43.05315576773017	41.4659368609415	44.8154381569829	48.177121868567326	43.68759678557563	41.391837638832676	45.94426701897724	41.69902299034834	40.64538664848578	42.63674984788912	54.29764684398313	28.844340531862876	46.13517344262214	39.67469690379789	33.78637408319361	40.45210911725048	36.32609146916561	44.962391148371154	49.382514796879626	43.89750243356178	39.912869045716214	32.47550300734069	37.42482033342645	42.98210845966499	41.79990412868902	27.950922031968876	38.71369740300768	54.040158546192565	44.16558501130005	36.60258834595391	41.399598186787124	55.98422843078602	43.39779065206661	41.12337321412201	47.22924501573002	30.454456680626397	43.539917039558624	38.835784199641296	33.91037636637086	30.536534091410726	38.27882171451333	50.96010346692856	41.400171496194574	34.77788432203733	50.85763609132777	23.901135980173365	40.911124462494264	45.67125077243325	34.81355957161668	40.327402706881756	50.775325686490675	39.18151686267926	51.39239500295694	33.42657670335172	43.19622622799695	44.32964340633637	41.886491116872385	45.73473836160232	44.01671814189515	39.6726082315356	48.68241295037162	43.042055932306326	39.10071317731526	36.236546258863804	42.97563863625366	44.312634579777715	41.43210152261633	39.128973808823176	39.09008760541021	34.97471126511248	30.14683332938871	32.56639526865261	46.048872627120275	43.584051117184984	43.51037260719024	23.15757451922565	43.882382384085496	40.63470728789049	50.46021368256303	29.598632901864125	50.89873804455044	33.7850087637753	34.06421652202464	41.78082054753941	35.28465576654791	29.337998639596375	31.46420081528434	28.94793382605121	45.13703171615196	38.608799095817616	49.04020986786472	51.809611564437475	28.001992836759253	39.45467146463736	41.724054064235744	45.75509581754337	40.22475588942236	59.53359964444983	57.09479574455246	43.69081669215298	24.460920674424536	39.62971970461488	43.3502019682895	46.693263402947174	40.891979940629604	44.27229745041176	38.159008027618896	38.00483909006054	37.74991718156913	28.464711246688527	46.562322239714916	40.94516426999265	52.058276318858326	43.615143344254044	34.622897472230456	37.89411571522405	44.891053919986874	48.01632941724642	45.22802356887722	31.460618309062	45.06412096057995	46.56425440259121	34.55236359082849	24.889006426275387	26.86446070967563	53.27807618343099	35.843325435018414	33.13519058427211	46.164113496555906	40.2548707081599	45.47120119784207	44.216110171534325	34.965841664147916	44.01801453689551	54.23187965158938	44.51889739374769	43.07109608133533	22.322747084150237	28.87511098104888	49.38388078052454	36.61444169467188	40.27210251802202	40.50884776300271	39.69718621821554	36.20513395114725	35.02367443015286	41.1211944037628	30.582909300050748	50.16532764672257	43.16602905098854	39.24237513404731	47.72533395775973	36.35040386735133	41.950231334349205	37.43832983229789	35.49555680918231	49.21589383783841	36.12207034104803	44.631853197822444	35.08363416632603	51.52408640997133	27.84197973888473	46.21973046246209	40.95803578302387	38.605625351107314	52.093303677991756	36.10213059655176	39.16375052046928	37.12023965982008	48.05356510489518	35.03437916398724	36.511764824182144	37.479568815736755	42.308469825424055	41.38689550241957	40.919269748869056	28.723711320692857	35.09459696825397	37.60135773724345	38.70723183798163	40.73121124820241	34.393535197826	48.23235656057955	29.429070124111743	45.74473897846385	39.332798676064044	38.65634425322762	45.68411270487486	42.105349235428264	39.87402990645393	38.704723808519184	48.40417367001027	30.56489542587719	41.474256956829315	46.64258748783555	46.053371837318004	47.943895946278616	29.5370662975386	45.11955029591074	47.000219408992656	28.08995858618874	37.093204169881545	35.197997476170734	42.44129866996967	38.69760563160182	48.09168328836502	35.733185102314884	38.6877833699029	42.98592977343057	33.60238240648978	46.927979603024724	51.27348771096573	41.810955911496656	50.127367279128535	57.91497529263459	43.437578869820385	37.82788362776832	32.61396516845032	37.76951573558584	52.00117216812608	44.51323820083486	34.700667417753706	45.68522866618593	51.070110132905015	36.429782653350046	37.351042423487485	40.469835577136244	48.63625040643424	38.04047667035145	33.677121785818294	41.07564375411444	44.808280132875836	48.90925961654023	33.31320079236081	52.796203845085344	52.98898840252614	35.91594522513056	47.91052850907509	41.28491325952512	47.34962988138307	38.40264342521143	40.86152840357324	52.2548283081212	32.35713170914481	33.343567924895936	55.80097261170879	34.88996977823284	38.592774449527916	42.39326935146105	46.36597604042741	44.77206639873742	38.59553230840185	36.8041731628688	29.825259238616866	29.80545063325682	41.378313714385904	37.203292890659135	36.28946598792867	54.11851309796864	38.737123299670266	39.57991330088703	38.95351858932618	33.11597695117036	44.25018722638314	40.85954593570106	33.313473798801034	41.902276376157	45.847581188761076	43.55468903269957	41.0291509403928	46.03816240376629	45.80228497271785	49.779027592155245	41.65546188692919	29.738757672585244	32.817446181249736	34.54746055464615	39.85537809208885	43.71096399530324	37.766136897763175	44.47065339016798	46.774162615119465	42.38882059867313	40.52150813095783	35.23309975001754	50.09197717372823	36.936448776933304	34.879426680518165	36.41429380025616	37.51675236574326	29.109090403839183	42.30812108024112	29.801596149126084	34.690437950421305	43.217215398689994	45.83134999429621	17.388823022453533	32.84971378676716	33.697180268125244	42.10373863768896	38.76902088264306	42.35628118801691	41.33676776740888	43.2114402857561	46.649502143437836	36.648637349900774	40.96795159810079	48.15156570896264	34.84370740081823	37.699375383547306	56.789461920029936	38.77171575309915	44.111978599939995	40.11147111417436	37.523808701480725	32.76539765117912	51.839396490473135	54.283631691120824	34.799052201107386	33.997527792937234	37.72141425751228	50.524688710450285	37.54320516189734	45.8984814870639	39.40238805506755	48.39263395339275	38.25046271750324	36.47153344369214	44.88513628028653	52.45250279092843	44.24490439942636	36.705818595655295	44.57691676334301	45.28010966892257	40.440596205797306	57.11713178518138	45.00505159273886	33.9565489166967	43.67569464101495	45.22394403449467	48.86989132195977	34.352464386125995	41.14548025978178	31.598759451701284	32.96110869502354	44.54351046298453	38.90754844195277	36.558476161591784	37.45363238227524	48.752626434474244	28.405728414308708	34.39509587383604	46.20792383722586	31.574269872731783	37.26711649170372	41.85731567904678	30.487784621072645	42.97572957839233	44.32685134078067	40.740431071155726	24.843765079111108	37.735843649756546	41.39690859955668	36.017896161918614	32.14336781750827	51.04022512183821	39.82042012948326	43.76618475487275	44.89765282964373	45.550966202675056	39.55546074420311	40.877218734103934	38.345248105083314	40.68726758540893	40.9926151380251	32.15967746459592	38.88404284315113	37.352844234322795	45.48411589698866	34.62666997751407	30.67586717987058
G15	43.35342108756779	35.701582893323305	31.92059796886857	30.161496991225484	32.77629605540385	36.88065903441595	32.6024470598828	40.962319365059656	33.37899886067417	35.31168277929927	26.697634031650004	26.550491483458394	28.176284854483864	29.58248176229796	27.383384762605427	31.988434971814062	31.5949230719404	36.684832579046585	33.95253962228072	28.615911884590634	35.16275397780781	34.940263924300396	37.34831532302771	38.42012559465142	30.60497081477156	43.75443367654608	35.225403989244874	32.71711995464795	22.58818860339975	41.32401143111752	32.47605847101889	36.656330824382124	25.655502895972248	27.42080797859614	34.80307488226522	37.56338949004296	24.633254037004207	39.73641197578189	35.66216452652652	31.44693492705755	42.15525300179688	33.431605886119854	31.753519443620334	30.52897650281567	38.03415410930758	39.492207415111004	30.489404209387104	39.263483583693144	34.843528801450816	27.951276893911004	32.73285123916992	36.76637000475113	22.48919254107226	27.73321790618136	23.276643857319357	35.18323152099836	29.73591797423172	25.295661105619665	36.42059814580873	27.924301484168588	37.09777040712987	27.44920869752101	40.59951648321114	31.698975513531813	25.170552763357882	35.23990927212019	26.723300311865444	33.09568192493589	40.938165083651654	21.461493869510832	24.41250668323616	32.7654564376055	35.67374344446923	33.62901721298891	25.796453177831918	27.238972259023093	39.008689176635066	29.400489928043456	30.923258915375268	28.216264818635054	26.71504837279596	30.36930226361433	36.52140665363946	25.85838316808041	30.881817667801684	27.74252384759925	24.692150404051137	26.44462615456911	27.678834756005603	22.874000644148605	42.13149559637974	30.324000750400536	26.76106766118906	34.197892705368844	32.44550479748074	28.30087561365837	27.572955328097425	34.596221127088896	27.8729610694825	32.0996933636497	32.34724569703423	30.357649614303647	32.09217668068269	38.22310662805999	31.21666983356569	22.832163553220706	38.55965309399922	33.91886022223426	34.780365949839506	30.358026349387487	23.82995145286972	29.013100139123452	35.82070441368698	32.260495719218824	26.8954123878679	27.474728129628655	38.9396555876304	23.748391973526413	33.31302026783611	39.95835736307263	25.401808945407588	29.103680529621144	31.65319338721745	29.11435715489831	43.62724399384973	40.07723652202451	40.1409189303807	28.96811924733804	24.889159246089093	24.6098377451831	33.28368741024606	39.01196936733348	29.600415201121006	40.767214097417565	24.701892158158273	44.24375431690628	24.929511823312264	33.638353734517764	31.137275592599483	47.787290392285584	36.31788174209075	38.241393879410445	34.096990818959355	30.76100022398072	30.19843597323661	34.74492859365345	28.93673856244477	36.85983717329783	41.315804085661824	24.93737267716557	42.04212129724236	28.750065871282906	35.87263038131462	23.75634339627491	31.9185783133078	28.650035071637628	32.81305965487018	26.446157478484103	36.932535424524495	31.527208401684838	33.210539071538804	41.06820177761417	33.66066909446437	40.11753919102664	32.91293090011759	31.944510982946216	26.342502617539157	35.51147340457542	36.031479521157124	41.681955723126926	27.600014218322592	29.873652939024776	29.97401925468796	32.625818492158366	36.17093907211528	38.7396144296303	34.147736628825896	43.43179886132149	26.03945765182948	44.63969906534937	30.76518956830183	29.88086054778811	46.66911379935365	44.94390052981589	35.42986723294818	41.078723724809635	24.721163984919325	26.421844667050067	38.359371727820026	38.08647459977058	38.79781787081092	35.94299363891968	24.023133455893813	41.449289119675534	28.83368207565544	39.464043427753886	29.69498457767282	25.109752445188356	27.15974608110297	21.70486270513361	46.15033915074287	25.528654709631006	25.785701841473976	38.3940454407779	26.752919652576026	22.548158155502282	45.494395893374616	32.94532714906383	36.98327850522099	32.24756948667085	32.285988325857346	31.73442100499943	37.58121775413231	33.61532051890202	23.658918448540877	36.134622168194966	30.6106609926963	30.32621104200419	34.32475012741282	29.132484830647417	26.541545126903912	25.60602444890634	33.1114958075836	44.102559039967836	24.264272471841252	26.495006548093667	47.938495335216224	21.451677253782783	39.4755479979157	29.43042259476601	38.23766370493941	35.81992163453066	28.388091664099914	33.704618118707835	37.014168414485354	31.83134860109369	32.72909873291644	27.540462268145852	29.27838350636279	30.499045230018925	34.818517818225764	31.57623900329806	25.664638963715827	36.1377779216251	36.90529636588626	40.47666923785005	35.52897773296543	23.239155838523175	37.87390499172444	41.30713499820554	42.95511395051442	35.735746981863166	27.200378896657647	32.587477193235294	36.461751334082464	28.203780201884538	27.271686623996818	34.75683593176499	22.59891248271634	35.506875166060695	30.792612618615088	36.64643945492522	25.522494526412984	25.618423183702475	28.993217016188293	33.83015085010054	35.37924682336288	37.740980382698694	24.738618369840268	22.934924166379194	46.26478711493527	31.03136182248314	33.20468267559325	26.87132150652965	35.49324177833057	38.9733767063677	49.58502647850532	30.194623074093798	27.526191739493854	40.02868917301695	27.84149581836351	29.78502287045531	33.68049424082722	33.124636445377355	31.70444716422816	31.565096093974336	31.51184685503622	33.30815789972372	25.506324013877126	37.02633173584388	29.64356006238656	37.94141048010168	33.455130102200535	31.85630112812556	38.21440318988062	30.606837141414395	29.096262894005733	39.39622178238468	23.163950437021526	38.09208471949807	29.974607986740832	36.55514580351384	33.84617902797136	40.967383510930055	35.82251534706438	36.41148179322177	31.588266641040033	41.360146879840634	42.70485250320779	41.66830924578342	25.623610187005955	30.159703919177517	37.50597731264676	38.409046531352196	40.96482094501684	30.160800369671527	43.27255857033741	23.021465727018924	26.70456815753863	29.340587801103506	43.16051489256507	21.732536274483113	26.88626728026912	35.40568619240228	36.49743923572557	21.67762050969203	33.66469009688272	32.156148963973294	24.91852493498463	46.84370202302391	20.61442270232183	25.258456759978664	36.373445704711145	24.33239152565389	31.124818129578383	28.752788279660287	42.64957710231289	37.3396374965082	36.45486401193901	25.48490689764097	41.10698698715451	39.55010070538703	42.74756979754387	24.785307458777947	33.339718646140994	20.273494906094	34.20553145487728	37.35415048970227	22.062011917865917	15.776829590617375	22.95120016677959	24.124648878318713	29.7445884675119	34.215143544899476	26.37477354308562	29.04008543360078	25.54526769593291	24.970446165347692	43.39096391160275	43.176141646452194	35.33790939639617	40.55948598348435	29.213523502064835	35.76854862461641	40.262917035390316	47.98670215729573	45.902393885173005	32.68188261838927	20.226544130000615	25.851296183204983	29.397460457868707	25.33761103969707	28.366070298208992	31.630843330884765	31.954044281111127	37.10461790389526	26.4052293906079	35.84046235311229	26.560929477673188	34.47222851241496	30.893852933314307	37.61978008317337	38.73539560403174	40.6047550212787	40.74070919504131	36.78498446348458	33.76869424110648	33.76134346288644	31.523431680724812	39.48869835119785	34.666140459328076	29.502528473595326	27.781424472208673	27.730093885255673	38.59942092937941	28.938797181982256	31.49562525068642	27.3320203526981	23.31553494755847	27.53480923478022	33.81837739855458	25.400874108884224	37.01166902763162	32.628958837468794	25.519901383190717	30.417498682110924	31.461580834666012	27.809625717161214	27.661254623967643	31.430428557389753	43.755507962736566	32.05392295960385	29.501614054152594	41.28753716672857	42.723866591420425	31.913899967064722	30.540958883137904	45.067718416390726	24.345317265644248	39.83754976753698	26.31664905663424	21.48240301800741	40.989303830289884	25.554227874088895	28.60640853797927	25.90091498091945	45.91884426372518	27.459069730373365	36.742930250931444	30.09955348462538	28.031824396503993	24.482000782139213	31.99227488202708	33.640532462616065	29.37235719713208	31.318421779544117	24.267569937918566	45.17253135222377	30.87837628168781	45.22950963592017	38.76415555813561	30.929993993700172	30.958801055227365	33.166430839359464	26.454266928630922	33.036327868393144	47.164196047747396	29.259150684486382	23.768928534608467	29.53516355565062	35.09082890694417	24.9979539165724	30.05018606610065	42.64454589672619	26.78733013583025	29.090409867320904	31.239868527841285	36.0777690542058	35.34133950705217	51.872219197907334	35.22617045400092	23.652921183138265	21.10235655487458	26.103338018033092	30.078034014428724	29.63477424859326	30.08739132735701	33.56140542778649	30.69656278322962	24.21600970772295	33.832397121550336	35.38624022688485	33.566562814627765	39.07347009338971	44.55584069097542	26.231004692834627	45.55609815602862	46.43835875725908	24.419171869589185	19.928700818111782	33.98332909249822	32.767493840875055	30.691640808924046	39.696001276597215	30.590431811081984	25.742400396801635	36.65766171654822	29.662505024280232	44.72470418100752	39.786726093041494	28.477328606241777	39.12468669579592	26.340264994333747	32.01428578838259	34.446009459933826	29.653663485638013	25.81502709914554	42.84200900544092	32.82591460775005	29.839978120798886	36.7674424986728	39.992858125287555	30.474582580963336	30.393744468852272	30.885416905023902	35.11786754557995	30.542381286261705	21.59061856043898	30.30138276420131	20.925793278063757	30.39059780657676	28.786704871466185	31.702629828722344	37.58008835467471	34.373286631355384	34.01298368598864	27.419525862524246	21.760495386667877	30.714465745291267	35.56192100135945	33.991609084286246	26.39091194273914	27.133389634852932	33.96547984311146	40.48851615902889	25.103483213234938	28.729851552710443	36.23044817788889	39.397275659631866	31.23693098881447	15.845523510874742	25.71879437031253	21.98462835796912	34.86251722328456	43.56279826022018	24.95916221626937	26.06033299332706	25.838782946740434	36.82438421068007	30.11862648088436	38.1663023531248	31.953553726398148	32.402008068822695	38.81801823916506	29.981339069608186	33.800484518655956	30.14903557699986	34.8408260281882	25.883612979061702	34.51293041961175	25.805103530260745	41.19792949554858	30.061694208882404	33.688527034024624	32.62240862410844	42.09671169979571	24.17316420140997	29.43281788327809	31.172748780028794	34.135966271325934	40.65111102345658	34.61323273213373	35.57872779670661	37.32781523109395	38.50226273401581	37.06505750146465	30.46087085993071	32.162682184744796	31.61826220615037	27.5978449352978	24.448826000836572	25.81156294544482	34.370311967400326	27.188360762714602	34.93809593365399	28.680202579712887	43.29117179270227	33.577857145077665	31.757500893508382	33.07433661691014	48.117585163136496	29.521339066244888	23.332929944947914	22.81487497576307	37.78845799623442	26.422050325738226	24.00010242849924	49.19068715580974	50.32365147099611	30.739778949768258	25.795924913915947	33.79965637163177	28.541368889108988	38.47723933860184	32.82531297400272	36.97796719094868	38.80821963299604	26.582940600615043	31.021828161807694	34.350652758163484	46.01892511049368	21.444466963553673	31.508636269341523	34.30721712031374	42.33477976692281	22.80167285887876	25.2428241401357	16.23802673675901	29.161186036641443	35.64840989569126	34.767903880650465	35.78444397771471	30.45168397399814	38.59550543613408	37.740370914999296	31.06786861310478	42.848169371414286	32.61149889778274	29.959986045932887	28.942793580283098	39.59204310293144	34.357727154132256	28.29274202753851	18.779965516228344	30.300040380706335	43.57816785376711	37.314838534643975	43.090390549533986	28.273409585560298	32.26247938268603	28.648721312700108	32.40260058101268	32.50640116219018	28.130192736511752	30.79060237535076	40.79309589613515	34.131529752978835	35.63405927859328	23.832694197914343	33.921554916056444	28.485212652493367	30.304274723593778	27.075538964257564	28.13108127464804	26.64737131918825	24.91291902183101	37.10532650730187	23.431666023079348	33.85890831434565	25.887384985594743	24.88564733589901	23.22482761616649	29.3950723878692	44.782928350482806	41.26608479975156	40.279813789086774	30.56062587067854	28.44949957143172	28.025763093707184	34.520228717026384	30.17963452895259	30.947808695730846	23.79836073791602	28.758175869055826	28.485264486413318	30.749582188147183	32.22170958859818	29.895656829766793	31.75205916270028	30.5919590801978	30.354172074184735	29.344462648969756	23.723660919156966	34.66694533530446	40.21979828038437	26.28086416230757	38.02015374224323	30.120751152674764	36.45804117853113	26.727624713967845	38.29113059067576	28.575438413621775	28.050182725239384	38.30891333477661	32.27088818845189	35.38064193616534	24.225819254670093	36.81119709850361	39.12130647532163	32.568245023624016	36.892630495048664	34.55350139974915	35.449240086995566	25.994996289835214	26.03745390336752	35.437169901672476	42.14460638938755	33.07669761845804	43.89280713282317	37.266585463995554	29.40663126004588	33.672621048360504	34.830768864300225	30.208867196997215	30.36763770438095	25.49252878647418	40.644861256328696	43.86714240188253	32.39455651128308	30.039094729114236	30.2513650558346	31.657068343078286	37.93392876217404	36.27956434846674	30.698547252215775	38.15285892376041	26.810555149645612	37.67966303715162	23.55188445177175	42.77222624603021	39.15219629374305	33.024230360443816	35.270272487758206	33.92915167473981	29.630010031372958	36.23407106810177	25.417937736040372	37.072103352683385	39.65843557452876	42.334115896453184	35.94438775513751	35.813436569125294	22.35922339904871	26.26192917779879	36.88204691537545	17.624530932417134	26.983282864275637	41.231466518591944	39.346439723198245	42.521428303494844	33.306062796699266	34.360660386308076	32.82850454839551	42.283566717196656	29.5812812302057	30.296332285532134	25.235605760092245	30.550928689706428	34.96771227380796	23.866214362238466	31.91547851537631	24.90123856345869	28.588113970492266	25.232472789048074	37.88274815624518	33.13644768858486	38.12494673392582	35.36292968709561	43.84698931928082	25.301633834339803	26.908498470332034	27.73572354165605	38.05973650515363	27.717814954712374	37.4798210758754	28.577830564374068	27.827374625565035	48.285531700452196	43.188261538653265	32.79953974276209	31.182424267712676	44.94465297347373	31.67250590595217	27.2055157034324	39.33049795881472	36.83113180896132	28.630478697000704	45.283038715350806	35.99533109246179	32.945339774578414	25.096264841466652	28.65182657064948	31.917974448570916	31.139124350762074	38.50917367673154	32.09848944789595	37.80596741544575	35.05860334188032	33.612996958617046	27.18592210297661	34.5872886510396	32.67077565710219	33.521351819091976	24.95979168563361	26.785766323866252	33.67282780940262	27.99993165607468	26.953629993252132	26.57884649655501	22.492802389972006	29.975049777282848	25.1233641457704	39.295948266505675	22.41968565448956	31.32060776912922	26.721625487475237	15.861198671368411	24.14421119262708	29.022314774684197	33.819738849481894	44.33280807999648	25.5086641105019	28.390176896763055	36.08733623531809	28.79395879199429	25.34593689526907	36.31882418481672	29.68779134947241	32.918768274774195	47.95019906578129	19.848803978097447	27.444613868415622	43.409793185532415	40.703754222736364	27.968150290087827	35.683204011710004	32.995785010165434	30.269549672146145	28.557898835893354	28.75288016170106	40.751572129938296	37.31383221943468	37.31109932113692	26.938428138962923	28.777677610138117	45.40786273737873	36.27239771898052	25.68715980095609	25.38097085173516	31.361614818699483	34.480664748052014	44.99323523577085	26.80995280182507	34.906513486077664	32.69535582384749	23.839226507104858	30.087353232483526	41.476716773335646	21.835634909434088	49.45094773768226	29.08798855425258	24.749252089578054	36.41980291811666	34.1012390150612	33.61677885058879	26.98874707150217	40.91152026936735	26.46011549248154	31.30560270773661	33.86187229623634	30.77320000279976	23.0295412962468	33.15624801112963	35.55309213140032	38.00252024595359	41.58371699093008	28.069463859000717	31.501855285758474	28.155702826069227	39.03016460358006	40.32020688685768	38.124960425294766	33.92771069754185	40.7088446096694	46.56788491480765	37.786040755554694	29.965190221701498	35.73638982539734	28.849769148359023	30.634916486067613	38.12605660880167	37.432436693935195	38.131240267052604	37.97147113590145	40.47194890556438	31.679204595691647	26.208535356927456	33.419148336359676	31.739487400289768	36.869057922186535	29.25417331838217	23.588378808466146	27.67712177346209	37.59111445418709	33.88119385782783	42.893449407617965	30.466070001500853	21.847712486471167	32.37976222601161	25.632029061008165	28.698500738368985	35.236818433837385	40.4497568116503	29.610705266999307	33.833831765529524	29.895799998683376	31.03103052844776	36.37550238470068	40.61936691961129	28.754271294595707	34.8591635982484	35.28915348748178	26.815484977451025	39.491742780700946	48.45456016889974	32.7955922449109	35.45542795732431	24.822417405574132	29.60827991458981	34.67957722244885	37.71534953334677	34.172456246814505	24.470181468078692	37.838268219598916	38.34358034427893	40.8311889536983	31.696660125631603	34.12496568594654	34.94477513765529	33.08791285338749	32.97770144272973	40.17925510735431	29.713408161299167	27.633498962669886	31.8709367311941	41.18284174539535	27.63035831857924	26.610704234132502	36.157968198430346	30.329370609794186	28.5192282395626	26.445719359304896	36.054993598865856	37.73345535201426	39.42584879532308	28.784012373354525	29.642238602511494	30.698655830322306	28.138266521358325	25.832183514718732	30.189456342368405	28.99311251137132	21.350529283235172	32.61797450338088	29.21173251240583	34.86186044129748	29.960005400934964	42.385511073309175	36.03189049780753	31.9723618444711	29.193490512626706	33.11840727929352	33.713835280391635	30.82324251526396	38.09758091505913	35.71080161197147	31.476116357599302	37.144742477048645	31.68565544909052	24.18244302941918	39.54060760146419	31.69138369144373	30.473987390128986	43.46942413008453	35.89337936612718	34.09935168428936	29.869269151554136	19.321987001918373	32.094616976769196	31.157183358932294	18.846014448822316	29.090351744291116	37.63427643516284	28.12564716385885	40.94955926205178	43.984954154380986	43.02095824390463	34.33335111256424	28.02448154879976	39.92820181543163	31.522612442213465	36.67282332511641	26.557080067962858	36.072764096901295	28.8192235283847	24.29950136875095	25.938336866398764	29.397741849175418	40.6380874559409	40.83941316401328	42.52721360752578	40.024896257686024	48.54184646391965	30.533926887172417	35.106822459651916	24.979600485115306	35.59010047186347	33.61549252854878	38.95099156907288	28.86813549895844	28.73330414499109	33.72837947306614	27.754973404174315	30.93496792336178	32.2763083907781	38.57863829761572	36.596826518852545	27.518541504343872	38.156525081488304	31.36528365256745	26.59553057712198	37.3423957511394	30.160356174618617	29.176820833448186	21.2515212393281	37.69258744673401	43.59059716227121	43.7475378786507	30.998537062108387	17.917450287418195	50.534424575758436	25.61579425430635	29.76346338445415	37.04765730253428	27.677502090302486	34.32947463985743	32.66378231857432	25.24175416941039	25.027137608695085	29.43657540551619	35.50478750054283	37.74771265895439	39.830315933201746	37.042415344914026	40.22991808150072	30.1359518085178	24.06952181486476	50.17223478594856	25.725027582502285	29.73709372054007	24.58893339872215	36.4827428861926	32.00366543059916	32.5151535331605	31.60398035942479	27.735305505164447	40.09920783598338	22.742602727896035	23.301895419835926	24.7108781268472	38.42628935534166	30.820478552463552	41.96025305445115	46.359805091851314	28.441572349782042	38.082826177647306	35.06612728893196	31.603021188406313	28.66974716989868	44.47443572367553	40.25536415415606	27.17205869367764	32.886671665001735	31.40232304721796	26.673654091236845	24.5739933946275	29.557350376784836	23.606563689785286	42.69869590980987	30.21009981855278	40.62948619139281	28.257179799829654	43.915737839990996	28.123359709465475	33.253445589231546	34.51748392625899	31.082794652983978	26.576712186169527	28.86276983199343	28.635658257426925	33.25819880717282	34.78087062039721	26.516572222345008	30.583757910387757	31.439413042983677	32.660863253086134	28.974228533515813	24.45899400460923	23.783359145329975	39.32911254294687	25.01382599540275	27.56621350052291	39.09011752670254	24.72151795183708	39.50362442062666	41.717027857801675	37.209498645885006	37.52281739352399	26.557684414325546	28.901224239238328	34.25395813205782	40.2222579550415	26.900771565192535	48.21966941777711	34.49374836051019	33.287991314714645	38.52431213322674	37.86034087993214	35.43984979305134	37.94930663468785	34.81391654391084	37.80681301458027	29.790688447769245	37.24170925802142	31.301398040047772	27.908260859625244	39.68537313199281	40.400199157975	34.297874720018484	24.42923526608592	29.37217194699475	27.367406433490626	27.598277669146587	34.25165442202661	40.483549579527605	29.491689254426966	35.775554894796926	23.595300588833837	29.011066210326614	47.17231906656226	32.54417687816306	20.327201985039565	26.223360271413373	30.755277823412463	33.839871228837346	36.59464471592687	30.715609106789618	46.6363473765388	36.496819574375166	30.286692783967396	27.162926392847805	35.528459799753996	31.877238470690035	25.516379490129093	45.66181543954561	36.90387327685411	30.44770032049221	33.13194653078595	25.611158879174972	38.177310869545515	37.105997971727014	32.82597848196839	33.71057395695007	29.525750951281736	29.92945695875756	27.674121924917266	31.88289462043219	28.416482207952786	21.74662862434437	23.431093161490104	25.014052824125375	31.660062472538005	29.659433033597665	27.457138539373215	26.905163888230213	29.315934879740812	28.63820631601721	26.870907212237892	22.94769027787168	31.704972005303237	26.339334340267754	47.16967573657146	28.477138453110626	20.71322672241907	36.225808980491735	35.31042589480781	36.94034516251678	22.464240812351065	39.35739566238039	36.300747987346234	24.054169677038296	31.75724958397854	32.687937840882775	38.89862507801413	29.330332175769037	33.63897513078104	35.41243187605816	39.86438580294661	32.776008297011764	46.13432153843366	44.8790679730081	42.653235645585795	40.15866101208223	29.455268701514434	28.535926867310412	30.946332454243013	35.65059745707824	24.830378291258462	26.277498531024722	28.017292165430593	29.98281119131329	28.296873533030944	30.832753333263444	31.155135827739407	32.87452040202038	24.221923483910395	35.32949981857332	33.75403859506194	37.78224438320293	33.481727534835294	28.525670683290038	30.577538864324886	37.83025184180037	40.466678707701114	32.42155061882204	34.156610348883184	26.810176603435128	36.49070075968384	29.52918991526033	33.09328286730196	42.68781762378752	29.094136348563193	39.28237661902023	38.31611723697551	24.310016339745864	36.266328500088726	39.84758025327961	40.39791088224389	32.97788271627128	28.901868571175154	29.30781810216388	30.80472625034732	28.256322507583857	20.540441162108348	27.76354551975883	35.12524724468837	43.95018115269947	32.215961219836565	29.763926157910046	28.737137935819185	33.14283465636366	33.68604492025444	34.01945245471718	42.79565842780739	29.936792665806255	28.600221669659142	36.232636451999824	27.458437160591494	33.56704714832984	32.99647765730886	27.53841313728886	26.66491726181825	33.91755792053256	44.28965568960671	32.24748369849147	39.17011589014684	29.699333541689583	30.41366247852925	23.193768751373607	24.929527512798483	30.679458971325413	35.11597753661056	29.670585683233234	35.86796702966671	26.37444740716487	27.563653128362184	30.638585182773088	26.222857873457496	39.62814772962708	32.45970457295682	30.247976210152583	27.685706843987557	26.499621622796308	34.9858845181077	32.162272571290266	38.677497532860336	30.628516076761137	34.16736289949111	24.306253104312194	34.832031715322145	29.46252413050328	30.91147573197821	32.72419396781596	38.04777922231571	27.103653203320974	31.236728633316115	40.53619982658935	33.296604308591114	37.74923645453817	35.96620072938171	41.50673993582466	23.245434235333075	27.065346982043614	31.343767056574656	32.64185173277104	20.27634342228661	34.142113405905846	19.11443627902254	31.361829756433657	44.49556040062877	31.20820489186993	39.57782715409101	24.499792374128283	24.991807243917677	32.24155561380172	42.17111051291086	33.48440991277523	22.160413165361295	39.31461943701691	27.525376588905672	34.728863435171256	34.16775756377431	37.45248767564868	44.334954669643174	28.160723809790742	24.409482473225864	44.92622504838669	31.15295453685063	41.10321111500218	28.17187002191887	32.55177186743145	25.587754648604324	24.890365781211006	40.89932118663171	32.212513738359974	26.654999374178782	26.50871596908376	30.711509606228905	36.466526969656016	38.09171241337625	35.63137585411263	33.7670381766463	33.222063266638756	37.857143950213185	53.524876071685966	43.4123035396316	29.886968586807384	34.81545935362452	39.713668748691745	28.02022561042192	46.99433514077896	46.67947831948358	28.303009066581797	42.681577158303504	25.720903847070428	42.0091908308835	38.56063673539263	39.63872333828496	31.081401813301078	31.17671153120777	32.1259554517672	31.457219396011094	44.157678904527415	27.708870483304594	27.747630635822148	30.76805974556489	42.67295732354946	38.16997992399092	18.382479539893716	39.39676327373595	26.958415269485258	34.87842983506864	31.524740441875252	34.020157726030725	42.602123215086	29.11386181445814	33.8750883706902	30.576814579247024	35.14742999845193	29.644752338927113	43.51035669821719	36.49931080194897	33.48011883176544	31.00541377478939	33.61739756208537	24.885756987400406	35.36679577859498	25.496054238044383	35.53902208625646	33.27935155705316	28.16492928145648	32.49364507716068	23.144181176624866	31.38157300829441	34.41201284966098	25.33702239812366	33.67591471519506	24.345250181030085	28.531867563578622	42.697319557995606	22.389821790795736	32.43524019846168	31.13252085733972	36.75397806488341	29.926020410285112	27.583363583457793	19.98086679413881	27.59132561836794	34.5777185578575	40.185722433345575	30.467960668442398	32.4699971002933	25.916663998764964	26.113718865760248	25.003935323501945	31.876331906665367	18.501912718128708	27.352738509949756	27.595729228077566	23.75749009931494	33.92117752700591	23.292945656365475	24.93882311615735	27.848999152830835	34.14333803397646	28.470334487626133	24.06340044656131	40.94978561439969	35.2138162384457	32.759484111766014	38.924321465560965	29.02930727828725	44.21740069059753	27.988233482819524	29.70061245953051	29.609839418406573	31.63435903662749	37.23836625453552	29.65631065505117	35.64182148735483	28.9718172199126	38.66731162566153	30.311330097524767	40.099200548491844	21.970666885207223	33.80277797412048	35.983397160949394	24.867730832795083	36.753663384233455	24.807454126031036	32.929557109730176	28.497629828862827	29.498781789231376	31.556022529255213	29.075852560951617	27.316152364735682	27.800516369439084	39.92639666873242	31.390042260455647	31.79281812266318	29.224024625945606	35.58117575664929	38.976027828362746	23.445444756466873	31.212260196692537	28.564751811943328	46.53192416717042	33.33602211277136	33.95074518338214	25.96537490808575	23.03752759175298	30.303846687230678	39.48377022782684	42.53425576590437	26.874168282312468	27.78620298455504	30.13446211853256	25.98132997508715	30.550642136921173	22.367787001657366	32.08613386477315	28.190707866395343	25.177168010075437	28.428421285889833	28.826040248319618	27.543666243789666	25.705222136647727	31.579167536053955	38.26873669551916	37.00886750810378	27.898827581228833	31.66911789658291	33.268556863502475	35.45103611036306	36.58336867735648	28.577061927836574	34.359216882884766	28.707171340895606	42.364476632608785	34.037686876180025	34.625962355162685	32.68859571355247	36.61249063624061	38.18867985223538	36.01591443423499	38.19773942190161	25.34685899239288	38.766835970908545	26.1468496502657	39.700694644916496	27.307155610699105	37.06867155801242	28.709474828188366	23.794386907721478	23.961133072521886	35.239744375956235	32.66896501488035	43.48559332522738	49.49071281496475	36.82462516637877	35.024976957615806	36.59727812329374	40.77929100494631	46.47587118869505	34.45413646975858	25.87732633797867	29.174658792998375	22.268780571227417	37.732618744371784	32.254149081437156	39.994874849602496	25.906629447668017	36.886802397322995	30.989915831017036	46.23577779548537	23.528373608369492	25.487245874229608	27.499715489783803	44.32660374498823	30.02294260577591	32.94255021014354	31.147198851613062	32.46643565713758	29.859021259553277	35.13357475731115	26.11552801546346	26.75906938004365	41.66842991029239	29.636403589588703	23.76886187670329	29.61561350242453	31.660325487003725	26.39750427553968	30.767435997337973	31.00505486562356	44.35180373628927	42.40455682468776	37.32657044950811	25.03697484609785	41.229670884406566	36.757215741303135	48.92481434379038	39.36315500030136	42.21080445889646	34.09317966340715	28.904842553016557	36.003023378495776	30.55824394720997	41.18667131179264	28.976107226300094	37.04422444769456	29.639821467234558	27.254999698445875	40.68828335322805	33.7357146521014	26.71152070725261	41.34966523066731	35.94244027190732	28.100906021851106	24.891158186759224	37.90370750184089	29.20238509327159	30.892365355593014	33.49972610331512	40.331324248600936	35.9057899377843	31.67877391060736	32.87827082688217	26.717021581537356	30.351676176877326	38.60550151499296	31.471522169891287	44.47896148282418	32.99777229586339	25.88377242508158	52.913330695674524	41.43963298062017	34.572090572485294	40.391393640322825	22.96882081070409	30.67398438504779	33.03751310253166	24.67839801741575	26.550129628586237	22.390543063983063	26.522536233914543	34.64414036444737	39.85480303354659	30.085542592205805	24.279884927227062	33.285683464728926	35.16510832779855	32.49591937547472	34.06508438853732	30.237131919895837	24.64351133341434	36.36699164749743	43.54696062398596	31.10538632474317	22.609721498441523	41.13331336120293	26.517232152949145	33.46387358081711	33.293522547347436	34.57494128284877	33.39118774219184	30.44575838844299	33.86742299516614	30.156971925051216	33.42789943277902	26.672284456746922	33.346840222677336	25.02675819308879	40.80751841721846	26.684427448400438	30.233665715769185	28.30518963905644	26.00597439211214	34.36627353760887	25.031682211205826	26.847770804590493	31.931666229700788	34.55072848447034	44.439287668598574	37.8181677570355	32.47002904199747	24.61911474077738	25.702202365993973	32.66574660262628	28.019637484451174	37.25148769690643	36.023633526327195	26.923964505464756	33.390971310156	38.96141014733028	31.32856578857133	29.55936851268366	31.213193658827848	26.789496725620555	29.55636972889251	40.99345668857976	32.25997002835907	33.985217042776895	24.47958663921927	31.815078577438886	28.462993448692014	36.374403476728425	32.95928441701449	30.493879963314203	30.708567355040564	27.748965665966697	28.47020711525604	32.50623821071162	38.36160413012827	27.45413430422365	31.825194924689093	29.487928220504372	34.972603308633914	21.929158026875104	32.33802696987489	33.91336308584285	23.686523872283924	30.219928042489563	43.065221327126984	24.689897376312842	33.007450432383514	25.87975435456214	28.692732129860467	25.154118757157523	40.39437467028118	32.91587120555617	33.83369334703808	33.59130594833006	27.03787650335465	23.78549030089319	25.313728538755885	43.161018009551796	32.34497427458133	39.041491434518306	23.03942698624489	33.1078919687127	25.676687817369757	31.54751051300351	32.81602524174637	30.36121180098743	31.212397730103532	26.70700451619416	31.308185267788215	41.00831321935954	23.289884549113097	33.70376486815051	31.61378369193081	37.21681555057182	28.291585856940596	37.76009982139998	28.846178860928593	24.539597511036977	32.71326050118128	36.86100462422859	41.64307358122222	28.74658801764561	31.33380848987461	37.58183462484498	37.7529575230246	26.277463207134794	22.272086027139366	29.23748838187599	34.71244235476309	29.795998598712053	36.13418854303226	36.160893449826794	28.389708749291163	30.304061050651576	27.474890917667622	28.727266882648284	40.90083777730703	41.134154460185464	48.5101810903096	37.27058418604654	32.866816468185874	42.96259513154872	27.35979309920718	30.90393572077334	28.743178436096606	31.20009882437496	38.15595321834575	40.54157593583877	39.1120092006381	28.570245516179092	28.420095550010135	28.3917320038359	38.87522102962486	31.354333646147293	39.659185494565364	23.400033933373916	23.28966465986439	31.01970205002028	39.07888661067724	29.86934179749318	25.81385843911135	34.255339187553595	31.047613769355074	33.84858632873439	35.563802001421266	31.134590912731316	30.04568258794541	25.489199543985148	28.643319902487246	27.999666016190517	32.87666347651519	28.09551471043406	44.204926550547356	37.43255871902361	29.72068999930499	32.146130231416755	29.922727648987507	26.142560321258024	38.10700633505068	31.105801171106073	37.3421715892322	29.838283830926642	35.74974308519423	30.14887926184254	38.20890776449244	32.35762161544446	28.516218417954757	47.158471126019805	33.15050790904474	27.51293963498092	22.810386092323277	30.655210319970617	32.52446634456187	33.081685917683416	38.281793369780964	31.78681681221881	31.285765217896515	33.243006483305386	33.68280931624055	36.04120975881971	47.88931232704788	31.012277845211838	27.63234441534931	32.285728294284866	27.683325800279214	27.603682974968855	28.718625762337556	32.879790182733764	27.799569848745097	35.24158961010437	37.78056489060757	25.731733312795075	35.268114364382356	38.9279558445166	51.051632413031875	28.185721558329288	37.36601908179535	25.1142177543487	36.151246551734715	33.02805086932841	33.95617072877889	34.4190239942543	27.26037330458839	28.951272946692782	23.063385116376427	41.01872015723077	35.07356036863964	33.41673613987055	26.2883165220897	30.403378658981648	31.471110371452696	33.24105460280737	28.760786567145608	43.16738332451655	35.58746514261336	26.903269436650888	33.612080689577866	26.979590587666493	26.32857025445887	33.233366930207474	23.70977971623057	30.084168952873686	42.90881354746725	21.69394390872921	45.17883349275947	25.840031166900093	38.472704632271345	38.98326374137451	27.272645991285007	44.73290959062261	30.19944431308135	31.39901737932632	24.562403042838646	25.650707793859215	28.83258083186143	35.49052079598299	42.46224108740017	40.109023492598325	36.18936087682463	25.337165563522618	35.86305861573944	31.150061850237908	27.140652853209236	46.784297947313014	30.608392288308405	32.854597806437006	26.171385285986787	39.826515257910245	33.529689803968125	30.629951171338	32.08304464561968	34.265289981551696	49.04731548647584	33.11868887945009	34.26246238609555	28.1362259836294	38.54369314288107	28.557685752827645	32.83485226549439	24.63525051873889	32.30559418320231	45.97567594015238	38.753523144299685	33.84283150161022	27.010196154295954	32.71053151557112	41.26291800980693	31.03352714768619	25.856923597402446	28.60314387147053	50.205049155063804	27.039474529250576	34.618498999019806	31.31341529026071	32.95765666990606	27.715764950256496	27.71081312411548	34.89745863216459	27.35296407725823	28.456245046011702	43.18122845952472	26.435004400412378	24.58730847739116	31.762209086484905	23.35979566348628	20.809503797169686	31.89177473810632	45.342403251911286	35.507568346314166	25.87929591288921	39.43157989748062	27.45828309953574	32.24117319626876	27.537604355632173	32.7437675725277	35.98079790120397	29.342914210992635	37.91215633592074	39.73507402261713	29.719312553129207	33.39993678846137	27.403803316705257	32.69204554180935	33.36081398871731	29.664576486762485	28.726890922189067	27.72126824725219	38.79054956977904	27.523704245476523	33.067256894437115	46.848623204502545	34.82731860740517	35.133854413033276	27.825297471851545	36.77224540051117	30.188492314056166	37.61727324682501	38.052046544424776	26.06249061953368	27.822205539766294	30.344699595029336	28.590220184764444	34.72433931311182	30.43295272007948	32.62488748499952	35.305467695878306	26.119326301698404	28.360920827063854	38.79237490926957	31.80606771131485	21.62585510621677	25.729575048795596	28.672234421850778	35.33208243634624	26.282227829598803	28.776113402916568	36.961543180294605	31.63794880495554	36.67280097278265	34.39319054819097	41.52481486956463	38.7832502508365	36.38949113506431	32.669031090906074	35.41376807878592	40.42468537209321	39.89943443786399	42.30806987780779	37.60275565697863	32.29674396768347	22.67234362838667	29.863806805101543	36.921895220918515	26.71659289548587	29.30480190565528	44.60996670271869	39.53493740786464	33.43475931329094	31.47066862807361	36.90156435480878	30.40291516340129	32.82678689005343	41.233064153469094	31.71205506528446	26.950020295897083	28.187604961260543	32.35374913859407	37.834260682377696	28.62347885058712	25.609170999544506	27.966161847020793	34.38737644302812	28.609787851544564	35.14584738887981	28.927617119228994	24.221148489073194	33.70750833113475	50.12560772862843	35.713171408181545	30.994249440607437	43.213673148225666	33.72281202182471	26.71454478446476	21.65955626062116	29.52448366586624	36.58784702886574	32.74382813614458	39.143111681579605	29.86769815843427	32.73711667521132	24.570359429279254	23.73792353232715	20.565912476911663	31.908569374187167	38.474144757554704	24.74734651722056	23.909531181469827	34.899107151443125	37.949375116693155	33.46033345092264	32.08936279729905	26.692786011223106	24.90557977387885	26.8920518874732	32.16094872761566	27.56132176098064	24.39341260916636	41.34663910788538	26.486191901808894	45.99287880917384	33.694076348031615	31.73673013807957	22.29024024569767	25.66984492562585	34.82694599030643	29.979408123084774	35.872369653484355	46.23436674028186	26.073008745798624	37.859595200506064	23.328157070903796	42.920983637918276	40.76839043152694	31.492053256855453	30.73884225729926	40.859246057637044	28.936613521146363	33.10552977253933	37.75835147516299	35.637939168535205	35.97829504731065	40.69312878170917	36.000675516295786	23.238370091201983	38.232122786080964	30.919507860150325	33.62961053114502	29.692111970849076	35.995158541213584	25.252021583958477	30.92415284766245	36.32871621641044	26.86659825780475	32.58749665204673	35.585882401751824	25.100657687135996	29.778935385557055	31.24008431116531	29.321660414412786	25.456443835334316	34.707821681020604	35.17787541491847	44.04019918977294	33.12465890237964	29.340302510835944	23.275804021768643	38.10757702732012	28.859044115343963	24.920058573532938	34.86975077396469	19.838888082469374	32.65376978078069	31.331885633260423	18.870611676332803	26.453445514759494	19.72182224882561	20.66819103555268	30.921056061524308	33.32554661474415	27.949499639683417	33.717061017983355	30.894434062583137	36.154808170225685	35.038265717121256	36.11330851184216	36.17760298401249	42.623501874355576	23.206725727585557	27.534060719310684	41.58902330341025	31.31642131986168	37.35584982489413	29.6344655526571	38.03653532591048	41.61978252351272	30.708226988476284	26.83401894363514	30.795122591774113	26.161068661832783	27.41055273506424	28.64156764352545	29.885838162116183	45.23580777371691	27.85820346478431	27.858205738504292	29.907381475774724	30.746894290968562	36.90005925252838	28.505028139028212	38.10369035889293	34.86089446677604	27.477772258964542	23.65238228568848	30.396744858716048	23.618822142788098	30.27335206694886	46.5955852792314	38.75681063951726	38.33672370358814	33.86008771372535	24.631658005138515	37.06842793228071	35.45532517593155	34.38822311608811	33.41978021474863	37.1988526997467	31.967164823220457	35.34609403431871	39.618887654653044	39.907605029922955	26.037062050387146	27.643497168425498	39.912724850119574	37.821864308830094	32.27742914682604	32.781384725838215	36.86777206976519	26.135794423958416	25.268409965502855	21.341030878874165	28.679911757080298	30.71444696066202	47.429760722181854	35.440632583566604	30.083317232888916	24.766886267066834	37.71136460926033	29.50950151993966	24.769579396424945	48.43827217162679	36.18516900949037	39.287407500455856	28.501919283853727	28.15585676815636	30.496420743016596	29.34544058612319	38.29306838370293	24.142273577670654	23.060071210063025	31.384550953010052	23.176433647320927	31.908261536482257	38.7715715538849	23.646040074252525	34.34917953719117	32.249101003857696	27.37601804268698	27.00647420566193	16.78195494641365	42.81125155467501	31.909135102953783	37.35457384234064	33.48340086832921	40.43783076607414	28.766221330070998	26.88556950939337	37.09927396535563	34.578745368842355	28.99689999950497	25.368061641585467	29.976338429313955	23.7221846961153	29.176418116220244	26.3096584631827	32.62165439430857	15.947231966167278	35.52223044026423	40.61741160735779	26.302090773092466	28.753963294538462	34.451359502286586	33.09300787782553	33.79524896556905	41.90887595783432	42.76473057860281	25.621125257705998	30.04449566749234	37.663408848117584	34.59084786312236	33.12848349758746	40.65972031559864	30.459731704629736	35.19489209188047	41.43952766803007	36.659779499308776	30.520601996056644	32.88628949974635	17.387300539835792	26.853650663893866	30.797800903591042	38.28741434681829	41.715318399620934	39.37841925886897	33.87963274428308	21.859943462982514	41.88285999492414	33.326158988017326	33.60787906119248	34.29890430114239	26.644949011870594	25.527247623322147	27.547289793821545	29.571474550382728	27.0590345775722	26.855992761435004	27.70029824561875	32.31033380613289	45.18774978712773	24.070172329911806	36.68944355792382	32.89266239734065	32.82780857465679	35.74239573256018	24.456952437653964	27.10279751182564	33.99789454251582	45.88754482617802	27.032604731757612	33.44302699885243	30.868979852699375	31.274427685423095	33.27292420559083	31.47459045266617	31.540918668584045	34.644345588120515	33.769488352406064	30.774604463463863	30.97843000435808	44.15652982212729	38.249511825727346	29.120515692009615	27.927741882958216	37.37505231080579	30.575124778838106	45.00756039431763	40.82105933074624	27.237981078031204	36.0773818642506	25.62040729568568	21.989209645500583	30.634140239830675	26.248790895724888	34.32561885942838	32.90782485557814	45.71351633941798	26.48966310565742	26.237466933860656	37.85429301231989	37.38496072154642	41.11460999556817	41.77332310317272	36.289860559488524	27.677774047779984	30.424214237769238	24.87006869531998	30.837884664105335	25.969193957442563	37.51153868607572	26.603370215232413	34.20824056301063	39.93006881385009	35.30858130741627	43.03495773328597	29.482068430237142	36.8541352101163	27.691736848915838	34.78567900673319	40.825745765808364	21.539396897465895	39.339959432304305	23.830690528686624	34.5498971339813	30.797410864066208	35.16141590816889	42.7336224463663	31.93636160212272	25.10778045833536	32.96513723226218	29.782542173617653	30.40827468779755	28.646436758194543	29.9259203385726	33.28166430551415	26.405242508991197	25.410163123648378	31.33371975603139	26.530051007056706	25.345549998942275	28.81850765267878	44.59665442191217	47.78319551906491	27.06133580941675	24.38229959892072	21.895206008564724	33.52932530122205	29.49834735714888	25.0784989182038	23.022475383415273	29.58459214552767	33.235210613060254	24.074098697548642	28.131747517745588	29.948481640752906	29.634286199958247	37.46036645053045	34.283156209805874	43.99407784516023	45.84302834614526	35.525162025887845	44.3263006698714	34.09742922554168	34.185788397777735	37.195265119605835	24.51687207095271	26.012760508636525	39.15672359139572	31.9859390910742	28.929007600626534	30.466952670242897	39.52420857365392	26.612466940604246	27.772947590242925	31.63870689876063	27.240501525123626	27.18269934490504	29.382961465624984	45.93960159953631	32.71457949756173	28.42449989859275	36.436578803199204	30.904650569853082	23.966323866297216	36.36847216181473	30.473984467194235	35.636381841387326	31.240438663482426	39.342092254824756	39.36287411345477	29.617592003366983	33.95572441202722	41.02168800927246	42.96923816060074	40.967322125618196	27.35055455333973	30.924424375795354	22.83115487869684	40.91612004211723	23.51674007095198	30.066411855605	27.187795824158705	44.53290897903433	32.10247527687119	29.12905602666976	34.76597202546793	27.070628160556797	38.0974274096138	36.79179555755491	26.563128153657175	31.07226275968109	28.4191252122902	37.85607686114693	30.736490959295974	23.006908089963158	29.957237697631424	35.30849633434702	47.15180446524763	35.83436599067839	34.81355957161668	18.688308571481787	38.466155823098994	38.45593321707408	32.120246876848086	49.34399418113826	27.25476178671236	22.705427110562532	33.243246918152686	36.73774065112317	34.29874140926894	29.4710804005693	31.427886841379145	31.648570538460536	35.190641859583735	26.201810371793826	40.397100318078444	31.74636507207956	31.511739186215234	35.216076427940855	30.2059767859988	26.64739905913332	26.444590639814656	47.89175774801854	36.97864013996022	31.849883508712104	28.81855848008704	32.420604326915914	27.426488990053432	24.060024052040422	39.10666560398635	28.460223944100118	37.994832624805255	27.993292975699536	32.11768986362323	41.78082054753941	28.6368220714012	24.448332199663646	50.17264454329124	18.965887679136998	33.85277378711397	23.926579721351764	36.35739697100315	41.87352167536727	10.00071172741402	28.407363454538896	37.01327376666074	39.787039841342065	29.99812303617939	23.6081515831439	36.1868423733079	26.69994353409349	27.39623115535548	35.42656761473148	33.34630920637653	26.0063745535402	34.83390883831411	41.369195978253614	40.03568055356737	42.61148625249213	29.17039054939433	35.33550361657886	27.82382670421989	30.288203706569906	34.70551754590555	37.13181122551357	31.00557982587802	27.75343686185424	28.56703431271892	45.48915418475976	48.099644112932914	21.312031757751676	38.62638939478281	24.365016838565168	29.023985416295933	28.871247454479448	30.702240811057862	29.598931213017217	35.843325435018414	29.584991593100096	43.965822377672296	40.2548707081599	44.839656736760936	30.759033162806485	32.7457882251544	34.63712619296695	36.424396780918244	28.492094331998526	35.04089172718807	28.552350921587514	24.597316761634232	33.91423137939638	43.93733003360626	32.65305609569352	27.998762424428346	41.423150836398825	28.396183491095886	36.546442883637766	30.0073580784215	30.582909300050748	32.846345482973106	43.16602905098854	39.24237513404731	32.81116709595982	36.35040386735133	32.477598452399384	23.478274640593593	33.8573003410662	35.51020188299733	22.45425994173256	25.979735443508588	30.956147793817085	38.46164196800677	27.068591412804597	35.60168427513972	25.598772364389916	26.572703163749193	40.29859341127664	29.271997780987913	37.71324124193338	31.51718461682837	30.891577567432616	26.275784372990426	29.826512109895273	24.46582964360594	36.539133031048046	24.945526056252895	45.92979257526118	44.19032510875824	35.09459696825397	29.24550046230046	30.519163564562437	29.020988014344216	24.808451618103998	37.19121469731435	30.410039128248798	37.88236196654038	40.11945464958533	27.753272797189062	32.712080702256074	30.76929367204373	35.44358213907016	35.33909565125665	34.6896577968407	46.65168249212834	32.25775541086724	33.98245659828018	35.48374551399912	31.524753498922927	35.44447955704632	34.707346381469804	38.58226966409845	38.744770463708605	29.14466041919264	33.24255317193902	31.123619024644423	25.616724854722328	39.96351146497938	33.5675375203564	19.34389168495145	39.14790032937427	25.695939487315712	36.68914768963751	40.16423204025649	23.228308839720363	34.462565004400865	43.77294644210754	29.221643966970074	34.73989312754234	34.985889907973984	31.05493516037058	29.714955524643475	34.24095246218066	24.342259233349615	36.106067816824364	31.172664626578385	28.76035472632898	28.265653725882423	31.984224891607678	31.470514968869217	44.38055611541003	39.91362582022909	35.80953558051002	28.88954903303837	27.948148352308703	33.81794625891173	28.847410348345598	33.022123207371365	39.3042419444825	40.9669736526874	32.43814613248402	31.34412118908457	32.49454443671737	27.24101893571549	22.676623605411084	43.14284227885975	40.32245423475788	35.650621390813946	24.229145679328358	30.322894210343364	27.498336876623384	23.722127276497744	46.34301609693873	31.961925192895283	26.436800440933926	34.37487505467707	39.21769820165371	27.033831626732127	27.498086049617623	25.50070582935528	36.513695584171614	42.01993035896435	31.39096572139316	33.72095639075997	33.11597695117036	34.03860555875626	31.651760936106452	42.1132593305598	21.94881143512986	25.822200899417158	36.710380756132494	36.39682744712265	22.685471329392087	29.489142379695053	29.4467487164862	29.853081018965916	43.78205990686161	25.125857232519326	39.57254572623105	40.580021330126826	20.398449864474845	36.9626020701512	43.1431711994167	37.69857882412614	32.8364103229158	33.205124718423775	26.751057217605908	32.24311174400898	35.36468499919146	38.935173968950515	33.103903454778326	44.88611443758568	25.750349203396198	29.8326494796572	29.801596149126084	39.64621480048149	32.546298016297406	38.07527537987685	34.777646044907065	29.863376169788324	29.732806118934036	24.430564394708412	43.330082162954014	30.626849474412225	32.35051390492869	34.294793877584205	18.465427931777477	33.933923472130346	43.94743898705357	35.820067173740505	26.677213478751458	32.20154980677999	37.20688884415755	29.909609295247915	30.326985287458744	30.4550058459472	29.70634855533891	33.758288489093644	26.879687069134217	34.79719980200053	31.899131184348438	33.997527792937234	29.46985488868147	27.558921114791065	29.314557455180115	33.95230137399247	29.945814921851337	24.527773373637423	28.429397965711868	39.277036016283844	30.283947369831875	23.252140412473427	34.81566247823714	33.368925996050265	22.288458381671504	30.745753478898042	31.063066650829818	27.573787758363423	28.69887347942768	49.31784485520235	29.117129760676633	36.49651623836412	31.276730446054252	36.260934629799664	21.074514279400425	26.418634951422387	27.295918138066373	32.82153402535702	37.46652812928786	38.258870401665824	29.130602963991855	21.986478588096226	22.72458273144697	42.78414364794239	46.20792383722586	36.507749540346126	34.22490290054423	32.82926719925237	23.882097953173574	26.79006519172509	30.271996037606314	31.68700194423223	23.322718237532875	19.86097034197713	25.429529568299102	41.04364911474447	32.14336781750827	37.93530245542029	30.672485775412778	35.68627372320393	38.380251612437384	38.83033184490333	32.838495712168616	33.39265755743702	35.948670098515606	33.28958256988003	29.359575706963923	38.00689154906791	33.61163025424928	34.86265461870128	45.48411589698866	34.62666997751407	40.049048818164366
G16	28.90228072504519	31.157745070536702	36.27340678280519	36.62467491791666	39.52435700798699	29.367932194071958	41.10743324941745	35.11055945576542	44.24657988507972	44.31269995833633	35.415228817494906	21.44462773663947	26.924005527617915	36.30577307191113	36.88374274146854	30.333860749134022	34.88606089193419	37.249214618724224	34.518415282652064	29.69575761608462	37.3604261014208	32.99913815072815	33.61348379072494	30.736100475721134	32.57948506088585	39.65245551936989	29.354503324370732	28.20441375400685	26.995640038209455	35.76116373846708	27.836621546587615	36.656330824382124	26.74722642346043	23.119504766267333	29.097652770418463	32.60218710456559	32.174046089148355	46.48410457544296	30.31283984754754	25.513550978556125	39.6755322369853	45.9684580934148	25.799734547941522	29.544170809176457	29.422647518520957	35.10418436898756	35.40705004961083	31.539519600015804	29.036274001209012	36.60286259916917	29.027245438509176	35.16783217845761	25.166477367390385	30.39987347408341	24.35927845533421	38.115167481081556	37.96074635008305	36.23432536750925	24.653943360239758	34.75024184696535	30.914808672608228	24.508222051358043	27.066344322140758	44.378565718944536	26.77718379080626	46.4526076768857	24.743796585060593	41.36960240616987	43.62263492520258	32.19224080426625	32.22450882187173	22.41847019415113	31.441265408684746	30.571833829989924	34.00441555259662	22.699143549185912	35.70286805997108	32.528201622516164	27.89156686484828	33.46580245931134	31.076688923456526	34.70777401555923	38.7574111426378	23.452952175700837	29.885630001098406	29.961925755407194	20.763853748861184	32.5472321902389	30.644424194149064	27.846609479833084	35.33609308083462	34.48611850045551	30.725670277661514	25.648419529026636	34.72238232712851	27.734858101385203	38.73343724661305	33.12404150465958	36.5231903669081	51.554052977982856	49.59911006878582	24.481975495406168	24.232868105821623	38.22310662805999	29.16967509038105	31.1347684816646	43.37960973074913	29.07330876191508	38.64485105537723	30.990485231666394	27.079490287351955	30.150868772030254	29.680012228483502	32.260495719218824	31.57287541184493	31.39968929100418	41.67226299728867	33.926274247894874	35.53388828569185	41.268467440550424	28.332786900646926	34.44925450444951	28.685706507165815	33.593489024882665	37.19043750295387	40.81940756872867	35.22570436747694	36.81365154349209	24.336066818398226	32.14346154472894	36.25544521473232	30.094947797657255	27.985847099241678	42.43118201976114	31.61842196244259	46.61395544102626	28.181187278526906	38.347723257350246	27.100962089855106	54.72415512664962	39.26257485631432	28.4359082693052	29.834866966589434	20.838096925922425	31.17257906914747	40.40107976006215	41.12062848347414	26.085423230333845	31.707477554112565	26.599864188976607	30.913324483266443	25.66970167078831	52.48032963192325	28.971150483262086	33.91348945788954	29.44586937918312	35.70832962441755	30.136318987109792	34.71658329905302	32.65318013031644	31.60357750356112	37.756250021354965	41.76416350609468	39.37462179860022	32.91293090011759	32.547237605265956	24.192094240597186	29.17013886804409	30.974429763801737	38.47565143673255	34.50001777290324	33.60785955640287	29.457225819262305	21.232675526642748	32.39188573622264	28.910160022112166	39.96011733160478	42.61233095827769	33.479302695209334	37.059372808969286	27.916560904570183	30.559971014783294	31.43021949752389	32.686473112593376	32.80543262310017	36.44080330426661	28.403039472034973	33.970943143350084	34.7405630742521	44.06082355659734	28.128417956337913	32.05726459687431	29.02795292587169	29.506273610616482	24.397730987093063	33.27360524300818	35.63398149320738	32.64267817874486	20.769217591431683	21.188080259773287	39.110456907409215	26.12234435404103	19.718477878774216	29.75538521660287	22.78952414849069	27.449931667567995	29.487108449409472	26.356261719251066	28.57798793585258	35.24734339240767	35.79533488301575	32.9789081032347	45.25085403048584	25.94866847073138	35.48837767281132	32.9649184692305	27.33094731490741	28.672054076076687	31.684384732996453	42.00497812791023	28.200391697335405	29.5891838076251	21.28596159058946	34.51504620519222	26.286295177828023	33.82341261458766	39.94874611268019	29.919444590802303	28.37305012350191	42.139014169778605	31.178402713258286	44.15013596814244	21.162031967783573	31.419559263202217	41.31814148593714	43.19968738719858	32.72909873291644	27.000453204064563	31.48807282759772	30.499045230018925	32.54774491703713	37.317373367534074	19.783159201197616	27.56271197412084	29.524237092709008	40.47666923785005	37.95140803294034	33.84833567784897	34.58052194896579	30.29189899868406	33.86845523021329	24.64534274611253	20.266948981823344	36.01773795041795	35.82207148611611	33.60450407033051	38.29641100391042	27.033094613594994	27.11869497925961	30.180843891151593	27.239618854928732	36.64643945492522	21.876423879782557	22.66245127789065	40.45565165049529	30.930423634377632	41.8118371548834	26.12837103417602	31.979189600037422	27.01224401817994	28.08933503406784	39.89746520033547	36.525150943152575	38.21699058706439	35.49324177833057	34.90153137883675	45.58623402056134	38.429520276119376	37.768495642561334	21.423805472882314	34.09162753269001	32.167824700091735	22.45366282721815	33.8774690918632	27.33141996916221	32.80294299962039	26.78506982678079	30.92900376402917	28.56708289554238	31.472381975467304	19.762373374924373	34.14726943209151	32.21605120952644	29.925616211269464	30.37555125349485	38.43649315433436	25.253360247627615	39.39622178238468	36.108510975357085	26.371443267344816	32.802401193037134	26.763588891858344	23.303926543849133	35.8464605720638	37.31512015319207	30.10949455977954	30.930177752685033	36.26966726386025	39.28846430295116	41.66830924578342	31.620625337156284	38.4388383283635	34.620902134750864	34.85265333400477	38.601465890496634	33.39231469499348	29.957925164079743	44.12447597678627	29.671742397265145	21.1904245230192	48.65367133343699	23.905789901931424	34.56805793177458	31.47172105991314	28.534361584294537	24.321232766971544	37.32389554219606	32.786661688757086	31.89571191678033	44.461818869310825	33.3468602537559	33.076550519019676	44.456433639091394	23.296970609668616	28.188514532448348	34.033912657557075	37.41190973887095	36.74694483783347	34.662001847417415	22.77374658938129	42.57509366526717	41.63168495303898	27.073460871777783	29.53143016365032	28.436818845237905	25.075112120695213	33.02603037022634	36.64935519744373	27.076105535562714	28.398293263111274	31.932104579867254	41.86336128884718	24.877292172828135	32.00771492909951	28.328460472203076	31.46009255306751	22.47983557242096	23.907873988098853	29.176682630215645	32.62197368843055	39.35358091871392	44.01135713101494	31.002106573619827	35.141030227693314	41.811490767520716	29.134783452643838	37.70553783424925	18.51973348375392	34.674075651429625	28.38573698547998	39.19661394382494	35.58047507702142	23.549190436248974	29.411135026963027	40.12833467860467	33.669005135016064	26.979256116490678	43.15484242517602	35.82636999314058	27.577782809931964	31.455559350283657	34.68073476417545	26.071900887329054	34.41080934006669	40.74070919504131	26.637402542523315	38.90740858214443	40.827671164420806	30.86669352070971	37.54663121917172	35.23443784390722	24.002057063263994	40.655743130061474	28.861934452000803	34.73947883644147	32.910788952058255	34.358863909839734	31.145790634469925	30.41156732290235	31.389682527649448	47.015792968722224	25.400874108884224	33.23496810644472	32.628958837468794	33.17587179814793	25.826178126320595	40.637875244776936	26.816424798691173	37.091227791229336	30.197862731609764	35.86517046125948	48.08088443940578	32.77957117128066	36.613476355400806	38.69331313939963	25.645098187819865	27.713092319884396	31.643291654061574	24.91148743461272	26.307815884222535	33.13948399724312	35.15302312037576	37.4557431552649	20.543594957600877	32.92435699654218	18.927591716825752	36.32386188026021	27.459069730373365	29.394344200745152	28.395805174174885	26.887668298687505	36.72300117320882	35.113472431493136	36.698762686490255	21.361714325186966	26.763014975246794	28.099291507063604	48.93690896490909	33.77322405809604	42.263640151597535	30.85310340341406	28.40509652482669	33.11871740791764	33.81675301268024	33.508738109599165	38.3457377043849	38.796354813469634	39.219712619630684	20.734597232318023	28.814793712829875	54.58573385524649	33.69289440929323	45.50456747152384	41.06511827092152	26.78733013583025	26.97474369515211	46.07880607856589	36.0777690542058	38.16864666761634	34.31546808476947	19.122778246457646	18.117131118999524	29.337422527508558	32.127185252963805	39.870882298196214	43.46433556460345	35.910757390716434	29.23090150162049	29.580324136566723	25.225010112211407	38.300826930056985	37.55274473057168	30.622127480011297	44.77168448200904	37.75918702625036	30.860005520981915	38.83470662481128	36.436250717234046	35.16360749220843	25.907311063545315	29.578082728655858	29.99058758317378	28.711534950283784	35.02588347935048	22.94282385831149	36.249502599577816	39.91612053579695	20.76375351699616	42.45056668027832	36.72620870126907	34.87019829335728	38.27415002849601	26.867070294220422	39.77532476738443	30.42730835627488	25.737141893195258	34.05386553504305	38.722585062610065	35.9226990047076	29.839978120798886	35.29674479872589	26.281021053760394	26.291796736517387	26.341245206338638	21.77168732649226	33.96646205228224	34.178379058435716	26.109585235879695	21.056893107326335	34.69276253994781	28.219840820392704	32.588722495999455	29.873631953988365	27.944168263732475	41.24794395762646	35.321175366218974	26.20088026863428	29.67340280000165	34.00530136085819	35.56192100135945	31.21678385291594	27.368353125803555	30.28843494123118	26.889338209129903	35.264191493347745	23.46629952541527	26.561560869487014	32.31364296946847	28.582337243262337	35.4018551206564	22.18373291522464	28.576438189236143	28.03040115641063	33.68073697842746	36.02308317672053	28.75729559700601	24.05569199384036	34.782977043689044	34.31363074177007	24.289214903938998	39.75656495117167	30.073932918962964	28.47449193926843	34.21249065146751	32.80976728372217	25.811279086973638	32.560958423159846	32.55618169847094	27.954302017386638	35.89344763639622	29.405815650762243	45.012552596988264	23.437931078111706	30.079041994664845	39.4503546152009	39.08980372123887	26.69120213905684	40.02863232125821	29.950288043557077	47.45731896257508	37.021547539219384	34.61323273213373	34.894521492923786	30.368392052415416	44.313925033489895	37.806358651493944	32.426088334764955	34.899931732382655	23.71369665461278	27.056710720880194	29.542331417677527	26.933804812638073	24.550222833857376	23.663943626807153	30.501512323031264	26.430774926402073	40.25319482479334	27.620495393531627	38.49394047697986	47.454482972088464	34.99460739137199	21.648981981912918	29.84444527842175	28.766581491179526	30.59065647314215	30.73585446055263	24.00010242849924	40.32023537361454	46.05893524464051	27.029805628244503	36.93507430856147	27.257787396477234	27.522034285926523	30.437219178296978	26.148978131832678	39.153141731592726	39.52689036694041	31.567241963230362	30.467866944632558	33.369205536501674	38.34910425874474	29.61378771157412	28.644214790310475	31.941202146499	33.867823813538244	32.87683063373216	26.444863384904068	27.23798033262802	28.621164072999935	31.687475462836677	35.42390206707783	33.28785486299043	31.03729328119041	34.88439914419811	40.09914409718675	31.728887094234665	29.160559711101392	32.61149889778274	27.421004177633492	30.124132093764043	32.39348981148936	40.24762323769779	37.07324817401597	35.413649259173454	38.38005114889469	40.85453236290667	41.20180088200272	43.88836074489573	37.886368844650804	36.87140500878403	34.57604296360358	45.837825212164276	39.19889551911169	24.884401266914242	41.27250956695953	34.419174662364036	35.26924741141146	33.852356314663616	24.374346338776032	30.044805782792846	45.576340243989385	22.223134797302105	33.37217593268956	38.133243505634006	41.18230112965457	28.234641558075143	32.317542441843564	26.035184470088165	36.993992417525796	24.851889586170955	28.67259366962277	30.24628712803078	35.99396618922759	38.49760507322206	26.74653644428342	27.111413127269945	30.56062587067854	29.713921774606465	22.73788326470583	37.548318955362035	28.368856457215436	22.020556187346948	24.339232572868656	33.33334021186016	31.432015985007798	32.67143107490638	30.268878704440716	35.68191299036682	27.783051767362746	27.314249178748035	24.402373628266158	23.475570119175806	29.372151614194337	31.200250801774015	30.469544151806335	28.908950578538327	42.87379039018918	26.234202616845764	33.54139788424864	24.206150684348238	31.418363561580115	32.65764390128203	29.354842386878428	34.82628484979692	31.029700181203744	36.33687550200765	24.225819254670093	23.084988010925994	46.945567770385956	39.27347194025249	25.40148329167285	26.87494553313823	27.814019145181135	32.34932871623938	29.999675149532145	25.148959285057884	40.715975664323565	27.17014447230482	25.08160407589896	41.407317182217284	29.40663126004588	29.999244206721176	33.172160823143074	33.11356596593925	36.67035496378077	30.08118396803953	43.18516508484924	35.768593035381144	29.395060538016125	36.27362382383606	28.936088314276574	36.26173282934422	26.219038997385	36.27956434846674	40.144254099051395	24.79935830044427	31.37405389852146	36.87796807891435	35.615044780728006	31.107073633476514	32.97027056315204	31.67630259062978	31.422606398184584	32.544288341076964	27.07569882177184	31.29306137699698	27.58116647953317	36.283335196243314	25.16785334537402	38.170104496802054	24.286748483201023	32.232092912212764	25.999096975638032	34.7970561605834	35.67279947552707	28.395077613338714	32.7244068779513	31.989930919597196	37.238594738026904	40.88598875336043	37.14907004247226	36.95391777395397	35.0668116766952	30.957611346518984	38.52445927654696	32.07846947879873	38.35812075534022	21.535900551760268	30.90169921871401	24.926935000560178	32.91283721898182	37.671104493437504	22.569563660914948	28.837111758912087	30.177782429551247	22.272038610360315	38.12494673392582	28.67264569223968	37.482103772933606	18.48965549432524	30.13751828677188	27.231437659080488	39.287469940803746	31.497516993991336	35.47197351823922	28.017480945464772	39.654008841430176	34.73169824067614	47.65601273230705	28.823837955760627	35.80204267774418	32.41909394807941	32.91456496108755	35.430439055632895	28.883334438504555	22.86070250211392	29.214774180612963	33.40552036378338	27.648587650731518	25.431490352306145	27.948113118906043	43.89215985290984	37.468926526583246	37.1274174951394	28.63502658013371	29.070330066018972	28.910445670634985	39.103826804404974	28.653702325378465	27.740736839772048	36.662525970101974	29.94821101901034	27.829046793208434	32.639727588905494	36.585436930158785	23.769054924284205	29.09796819160702	22.5530373412926	29.833399128786237	23.47075031997079	31.9733864291017	28.044685558069283	31.18726052897276	29.892914205986077	28.911330248426975	24.049462938727714	18.83517342224999	26.712744298225704	35.81477142407837	33.819738849481894	37.58651119825789	26.489766576290435	36.22194983380114	32.18600258825667	31.319744650941153	40.943436523126955	36.31882418481672	30.24793835606623	41.32356017471654	51.58278990409806	24.811004972621806	27.444613868415622	34.42845666438778	35.116964427458825	39.03887644658093	25.401602855793563	29.081030856416994	38.745023580347066	27.57314370362117	29.266324450302868	25.874014050754475	35.34994631314864	34.265295294921664	29.744514403438227	28.777677610138117	47.797750249872344	36.27239771898052	26.78023043078401	25.38097085173516	39.202018523374356	40.44847210829178	42.665998930472355	24.280711971464214	34.906513486077664	39.42675261111021	28.38003155607721	23.401274736376074	37.63628003506383	32.75345236415113	42.80828311620255	28.01065564483582	30.689072591076787	29.5295699336081	32.78965289909731	43.45583607515136	38.38399583502531	24.352095398432947	33.20485081409448	38.84213669293246	34.668107350908635	28.120337933592886	24.53146790252377	26.32996165589706	24.887164491980226	29.10831337987935	33.53525563784684	33.0228986576479	26.919767244193604	23.824056237443195	32.300825878824874	20.651813283512475	40.28297705314164	23.94897225708836	33.924037174724496	36.58905243306315	38.43752421685736	39.1852487514558	50.20111904043912	50.06283469862301	39.30517586891694	27.23289757771548	35.93513922617779	27.376275063524947	41.34671301464825	39.662509927453094	33.34653115335963	23.639071106248295	32.84295612366382	27.772051475253548	38.68229027901538	38.39610248037659	33.41686997866037	35.58487085159412	32.77174080621439	36.53854239569668	36.65440222105535	26.657811251313245	30.373649066557476	27.17587186825974	30.86305539998942	33.1627119643375	35.79613301215227	50.760479136188614	41.31726316325484	38.1530443313418	29.895799998683376	28.3090103066541	45.283788682994725	41.37157741812261	28.129178440365365	17.92756985052775	41.29581791088293	32.30047054102055	31.897176861335378	33.84128011796172	28.621607777376788	35.45542795732431	23.82952070935117	20.92999097410659	32.88580598680495	36.343882277588705	28.257992665635072	27.189090520087436	28.218369519700886	34.34945739174987	38.71923090436908	20.54413156290937	32.81246700571783	46.593033516873724	25.10117526808706	37.82736341960175	36.83098384840812	29.713408161299167	29.227739287439302	25.800282115728557	39.56782834361514	20.09480604987581	26.610704234132502	42.021422500878515	34.76781508927626	29.057326885592087	26.96426287615401	52.002394613748834	40.09179631151515	38.72181578112088	24.946144056907254	35.570686323013796	32.37312796652171	34.20730439851404	37.24640413750143	27.821655844927747	32.77482283894149	24.55310867572045	28.26891123626343	28.590206288737622	39.646821678338306	40.61245176571184	39.186604577210375	44.28919873688842	26.3631755559674	29.73411070730498	26.494725823434816	35.69700206159114	29.681640940624554	35.981048642000296	37.4113159744463	37.19904660443554	35.189756030888184	29.892127782160866	30.368649385782224	41.18813291819186	27.72996073001326	34.28323581389511	34.77553930406763	37.964151252634515	37.888168538099286	35.843122981864965	18.248543279589573	34.387089617967	26.96294713753756	27.773073924580256	46.11885032631518	29.009754752104687	30.209028435255803	30.0296767921713	40.66533497291827	34.416766595123704	30.518534322279326	31.38741933465573	33.51116938080869	34.96144289045493	39.49380973474075	34.81928275577352	33.54134205501349	25.785621051712628	29.699390561806716	22.555075535998924	43.719718647491646	32.772651174145885	44.92335448041461	38.86107450342873	32.019917006148816	38.32251036625235	38.16740860896552	26.59607762094842	22.981232446306084	26.518114077074745	32.85150406199085	37.584290110508924	31.698344861601427	25.480477260652478	23.916487262719627	26.763724354025232	32.86840341857189	30.124554498059556	36.35294762659943	37.44791550766307	20.638906128257904	28.033365365991404	28.42478831013925	27.12744118866442	31.446228000959493	35.024929751170006	32.982493116071865	31.87728185899215	41.95967281806239	41.97613060070561	40.83103535340732	22.6030999411207	25.880761526270728	39.22074743193192	27.323513871260108	31.58571624472685	37.760112250659944	23.878629254378613	22.55936904904917	38.60265183104238	27.817443370370636	26.77321697674358	29.43657540551619	27.18335293010311	37.007561430347444	36.33642857064019	37.715913805730644	44.464646300606056	27.345585900321705	29.107328706348085	45.31685722601805	29.556414669257943	27.754620805837398	26.774616367497455	36.4827428861926	26.46456949068777	31.86485046249729	28.87949929395713	25.55998742632802	33.25300162008377	37.57473494174127	29.433973161898013	31.03226555464532	33.12611151322557	45.83558348827913	37.54338431187735	47.21832000095967	26.480084601521213	34.274543559882574	37.98830456300962	35.18072170030137	31.16276866293335	43.70763510775009	40.25536415415606	38.81722670525377	32.886671665001735	34.34629083289464	29.45215972574068	32.18022944534553	30.67272208911634	33.44263189386249	41.44285191246252	33.39011032576886	33.45957686349996	27.22964598892676	37.101226795854465	24.032689206270497	31.923307765662283	48.024325462621206	35.13707221641667	27.757899394443726	30.040842070033978	38.59588721653194	25.86748796113441	30.583179338625136	27.556437799691874	29.5971850745688	33.40437635817016	31.9508444867147	31.871651386867395	26.788422005048204	22.792385847607893	42.041465132115626	23.137789045747546	28.222551917202026	42.489258181198416	29.047783593408568	37.26757020813836	29.10490315660582	34.10870709206126	30.165402218323205	30.021730207498443	28.901224239238328	32.29658909594023	38.028316612039234	35.867695420256716	31.874018767683175	36.605610505031215	33.816372129233926	33.90139467723954	31.24980517073764	43.102520018575945	30.164833478854447	31.083854057063252	22.296325623983236	45.39533477755314	33.91655664569808	38.66643287300019	29.83296850511664	37.82512126643065	30.300149368481254	24.49848194287035	22.393465660578762	32.384702403096775	27.367406433490626	27.598277669146587	38.95286189171654	39.0377085231159	47.567240732946715	39.750616549774364	27.79002069351541	26.938847195303286	44.07905224252539	24.851916888779062	34.07795626903692	25.65328722203482	28.704925968518296	28.038750446750946	33.88393029252488	35.103553264902416	40.80680395447145	14.338036261361674	22.31651047239703	36.86397153315059	31.28625564455949	19.923274044181273	26.059281181408437	37.50791982534104	30.194078135607903	28.311019596247142	29.873066544151268	27.74542211910622	43.63121242233773	35.55991472290505	35.35105374981212	25.711454712928024	34.06817417455585	28.914899095748826	24.285453934111068	38.66648922052414	33.31587569208258	26.579212763087565	19.865492028219872	21.751350281848154	28.977006330797497	30.21904497762781	26.313091100232665	35.09369202812636	33.22472619703959	27.956344260873944	30.419894957250445	23.94541594212697	22.7879486288117	25.778922971325887	38.89429402840103	26.243637397964697	32.54935627808711	26.250586217747635	32.05100196605632	30.78362096876398	28.08030101543883	36.14454703687995	44.36758087342318	21.91602126130156	27.45118184377806	28.018232435042382	35.00876257021272	34.66311984409068	28.327558004868244	28.45641847183245	32.675726067989025	36.55785540820543	45.35238388523987	41.673420260650374	41.277324818308834	48.6537623800227	23.455121373428163	34.48091163133341	27.688823774849013	36.8194695048513	28.65043648991361	31.05522553666558	26.89660047881337	30.490994431844022	28.296873533030944	22.875913763389008	22.327847343213243	29.885927638200346	25.994259348586766	36.74267981131625	34.379113383859384	43.82740348451539	26.588430689428026	29.084997559432978	30.041090814073574	32.010213096908004	29.18907972358769	41.87783621597847	34.950950124438606	30.027397795847346	35.210325294431776	46.590499644077404	29.295693030070588	39.40413934503463	26.125346925240418	39.28237661902023	41.93084527819961	31.062798656341936	41.14833425971605	34.77607003922584	36.27567507793329	30.703545977218088	27.85089153222333	29.30781810216388	25.2598755252848	34.26830601983574	27.21608453979356	24.89145460392171	35.12524724468837	39.64133986321913	35.079602217155376	36.14191033460506	29.259631352834077	35.96350143562865	36.640961141329385	21.012014751442965	25.677395056684436	33.799604622684484	42.56777178739965	39.131247368159805	30.40041257065487	51.14978613078833	34.76414610323612	30.715922345437573	40.63225487515162	28.971247390454895	28.41223195182317	24.337723546031302	35.67278411424087	36.62917803475048	34.338006024145926	35.34288571637883	36.56330701877111	31.98496786372224	39.01775281845618	25.894329323549005	40.006578610012866	35.752028707490155	32.48573404414115	18.778487692667376	24.61737677916418	41.21327363881217	38.187887732890374	28.50290065956686	27.153289404680102	27.481089090307282	26.655912013796346	35.94606934438324	30.619685546847766	30.628516076761137	28.772516125887254	29.876436107383736	36.88097475739992	34.98674740497265	36.707377431724126	28.402130613576116	31.706482685263094	23.012535738668753	33.63955391280197	29.353799874426773	24.48279728572876	25.383107271154977	35.37659088135906	27.992917631137562	24.35235967511084	48.27872704905077	29.384781615538742	29.205867339847774	27.746575209444835	37.085399044346005	30.358222325506386	24.641437665769303	25.794527768480442	24.966563913495943	43.111561721420564	43.11963457846578	23.36190677148826	34.490966470578584	36.60134119988489	34.082345804074784	16.379435817875738	48.715941476303556	21.62708160556874	27.90712240326262	37.11325390547899	33.510120551896186	29.556636446428783	43.58207256277139	28.314999668942004	41.05327461318094	40.414643723481895	38.685375167060876	22.77725661346632	31.56535453811534	30.918536867063562	27.595840322646982	34.483741392650266	26.67598793957935	30.755768508667828	25.906245151604583	33.31417991184153	29.049606230064963	41.90088365471388	28.80834643524	30.856086609694035	29.597838183005436	46.269842605816116	34.13180503122003	28.941535693087733	31.4066449556281	38.832627740581195	45.16456445929649	33.817513667750596	49.38387760556432	39.43611099404647	41.03936314654361	36.706156356141015	27.233898191015747	36.354107449803024	43.09718223367411	32.82581776451723	19.049891433958727	29.977607241545932	37.90862743308529	23.59291454700832	44.157678904527415	22.57759817158152	32.550105168945215	29.058723093033507	35.56079776962455	37.40658032551111	38.699956926092035	31.220076556545468	32.47263657460724	41.21996253235384	37.1991937214128	34.74399086913776	39.0519462804955	26.95727945783161	33.16935736296749	31.122829125305007	31.63268699860674	27.79195531774417	40.22655619269136	32.55343936390043	29.494390399412413	24.173712434581557	25.901929269147747	33.00067774416141	33.401973790895255	26.062633221112037	37.58935028354048	40.513993199890805	29.13613373943774	27.271452118331283	45.490287140262666	30.126310087962633	32.07899502934498	29.11062147869527	39.583969928387184	29.87826158580965	31.385054319936486	36.128501164457816	24.934119721567978	33.01444091629135	28.782896641691437	36.75397806488341	25.029035252238458	34.75503811515682	26.64115572551841	36.45996599570049	41.34292436265571	37.315313688106606	30.467960668442398	42.35217013081734	31.605687803371907	28.624653372083348	25.547499134882422	27.585287226921952	29.21354639704533	31.341679542650763	25.5887671023992	26.519988948072488	27.80424387459501	27.473730774174665	22.90300082096083	27.302940345912585	28.63634802849639	33.37901284756167	34.45441427575824	53.23472129871959	30.183271061524888	35.650026827510075	46.07368663270481	30.771065714984484	35.373920552478026	38.38386306215249	18.203601184873538	27.635850123846133	37.69200225640722	35.243453776613975	27.41809853014165	36.60511395998604	34.543320531434254	37.80803803398017	22.489051362679664	44.276200605626414	35.6281084624982	30.422500176708436	27.54978845135188	22.79541993006216	20.860187326186555	30.761243116278482	28.955300217176536	26.554609613258542	26.817074353846706	33.02374450736011	29.075852560951617	17.67515741247603	35.05282498755363	40.679724907765106	27.06038125901349	28.9025619296938	35.840784918612535	30.756609552357858	39.636638469521436	35.16816713470031	30.502890646767703	21.047711861431925	34.28668096528347	37.04002456974596	36.4970510721358	30.192296404750874	33.67023263410051	28.099930564522992	38.625427396787124	42.53425576590437	25.878828716300895	22.882755399045326	28.0914477376151	27.136055751757688	30.550642136921173	26.628317859115914	26.393432695216624	34.063772005227705	26.184254730478457	32.85062015258381	26.10660248904418	34.27656243671603	32.559948039753785	31.579167536053955	25.048627655248904	44.88309463748757	27.32946375304049	36.10279440210452	35.732894408947104	48.3423219686769	36.58336867735648	24.63539821365222	26.862660472073546	27.581399915762443	40.46755976846212	26.121945742184668	26.711456673982642	22.337207070927523	24.80200978584041	41.58322917243408	31.432070778968722	35.41972200939968	31.38182541915309	30.405361545810624	31.482941415626048	35.03002468669103	35.00917385987065	29.80030458585312	23.75956537505244	29.742983634651846	25.957894161898707	21.35742083391287	33.689870171595366	34.21817179690023	45.187172570185204	37.681011798155026	22.121038078494195	47.57646156028186	32.040871503886386	29.933611952040884	38.65586042948524	32.346657922473334	41.67808398999768	24.799323817957806	30.35014985960339	48.02284418791754	33.18723657732973	22.350817562693976	36.101976814401226	35.58101447264919	32.81248746776381	21.525958833189108	30.700546166685662	25.462699527577595	37.56491842795613	28.385327554551772	31.208731778030717	25.540703058322713	25.25167217777367	30.985776778781702	24.688457937569996	22.141425926153804	36.12474366305893	35.37885558421052	25.617908187610574	38.62440054964285	29.61561350242453	33.68119732659971	22.7743174141911	31.517861265565728	31.568783135907626	44.35180373628927	31.6351455676242	45.184795807299295	29.922238230702305	35.542819727936696	39.88548942141404	42.29094121242897	31.49052400024109	41.50729105124819	18.507726102992454	29.868337304783775	33.002771430287794	31.543993751958677	44.61889392110869	33.706900242838884	32.928199509061834	29.639821467234558	29.526249673316364	37.433220684969804	36.43457182426951	21.80532302632866	31.859578128546946	28.128866299753557	30.802916216259867	28.780401653440354	36.55000366248943	30.39431917871125	34.11032008013395	26.90961605020395	29.272735341726484	42.38060451672901	23.193388041694675	30.885648352525674	37.60173407771924	42.3658813302246	45.039751767491786	24.605008241915005	31.908820194199954	32.36319975171217	28.040753460505044	47.03407172948847	34.693646216333164	38.413433969428105	40.391393640322825	32.955264641445	21.050773597581816	27.207363731496663	24.67839801741575	38.12326305643152	25.311048681024335	22.733602486212465	36.18387993620058	27.441011924736994	23.638640608161705	21.244899311323678	33.285683464728926	33.78608447180645	29.645400132012025	31.178212830186702	26.45749042990886	32.52943496010693	32.936143378865594	35.90714297065509	30.49547678896389	29.607968628911518	30.344247561543146	28.14073616231338	35.64630011869649	36.835386648129074	37.83672819632507	33.39118774219184	29.358409874570025	33.31221933950768	30.156971925051216	21.52983353297632	24.057354608046243	26.677472178141873	27.069758861912362	39.323608656592334	35.57923659786725	20.497400485267246	32.4474125130647	33.711448286071295	32.40248647831694	20.525979413188775	23.749951096368513	37.6337494850045	44.91594702981144	41.207339474518676	34.32725996407838	38.37367068599701	30.48080872667676	31.633479835069505	22.767035510921346	33.16610151220751	29.26902604756934	32.34775255425299	30.15484024612053	30.11734667190541	34.7869733458306	33.620899870661916	40.87997773030718	22.20938779570443	23.812885978329383	37.76647243136265	27.552979085766726	48.878742467210714	26.621753350175236	30.354687432631895	38.178094292926666	26.684056358148762	35.56608339946779	35.40071289234889	26.87596200156506	37.53269343393847	27.748965665966697	23.386241558960318	23.025252065920732	34.393162323563274	40.340768773553116	24.752929385869294	24.673572592666922	28.08406023269087	25.218531730906367	36.25778781470821	30.021665682549408	22.174618093201975	27.939178756263935	40.24127238764325	26.30010807476803	33.007450432383514	26.9580774526689	27.609987521186486	30.68802488373218	40.39437467028118	27.429892671296813	27.066954677630463	32.161888673933035	21.630301202683718	29.35230717982564	26.46435256324479	25.28002483416605	26.51227399555847	30.93854038207111	24.610297008034316	30.098083607920636	31.440842225350725	33.300149985948146	32.81602524174637	29.8466149908012	28.811444058557107	35.14079541604495	34.85250812829254	41.00831321935954	25.99801065947508	21.808318444097388	20.746545547829594	32.41464580211094	24.82731003772338	22.77593322560634	26.01812210985716	19.086353619695426	35.59972466305022	31.19008083588573	33.46318412776785	28.74658801764561	35.18182005880658	28.186375968633737	36.300920695215964	26.782799038041233	32.551510347357535	29.82223814951351	34.71244235476309	35.09306501626086	34.79588526366069	26.387679003927662	28.993745105659062	24.748316524698787	29.43738312607245	31.69905311188776	31.41658553909091	33.29907742015014	30.40936725064184	31.536648157423997	35.496161785640744	29.12718314003303	33.62974568444216	33.99432929285067	28.743178436096606	34.51925827377655	28.474591953989368	39.730744417122	39.1120092006381	28.570245516179092	27.2107297819246	27.15730887323434	38.87522102962486	35.35701453714482	33.50517395230522	28.275041002826814	22.70742304336778	34.59889844040723	30.88492651489008	40.98351548958367	26.86748531417712	32.85716207785753	30.450544273790552	33.84858632873439	28.05032270534635	43.44361522706695	38.520105881981294	22.548138058140708	26.43998760229592	26.212453291752826	26.027358585574525	30.962403966600803	36.712566118251196	33.20630208945643	28.53186239933279	27.403258557929036	31.19603520851889	41.66470551200498	32.663148287186296	34.34598879309629	32.00757564791331	24.2084189571669	33.14976176990738	29.46367746043703	38.94369445227114	36.27975756883166	34.457097255028664	40.299057144053286	29.397620221228358	24.64700842300374	37.68672484818628	29.6663325677135	28.976342743336943	29.65944254688858	30.0249359762988	33.033358647992095	29.01043683841313	30.825333284519537	40.16027264628681	39.473705926326346	40.16522969365306	28.255630925637455	35.255060116135326	36.394820986284756	29.37822329825549	34.50460371871107	29.802347489218217	32.879790182733764	29.434838663377164	42.86139276904586	41.90208106049204	21.773005110826603	25.19151026027311	36.84252963856036	41.84560033855072	33.82286586999514	45.31623590770925	38.29918207538177	38.673426543716204	25.190886256267433	29.961327113628435	34.4190239942543	26.74602663846408	32.57018206502938	22.550865447123616	34.865912133646155	29.22796697386637	33.41673613987055	28.434301544301103	35.203912131452434	23.60333277858952	32.09481134064159	26.924991679880993	32.57915722605023	44.65877978680892	27.938010568829768	35.58926190661185	33.59722601482997	37.055024802571744	42.09559811159613	26.23209670731893	33.489923928670706	41.25847456487235	34.71031025396674	29.326611214598252	29.210470014756627	33.48550217993987	33.135774180168326	33.92451086720818	38.226304559259326	24.047705656712928	29.654627524919302	30.07641188919018	28.379506495333597	23.924907498778634	34.28745229442424	32.352183685638224	21.110012364525435	46.96917049970857	36.05673560962834	34.86686254308001	40.148968606973305	21.712522282567388	35.7261911597663	35.5452297541646	26.881034568903004	35.366736872955116	35.76258512955206	24.654183679388325	31.80802621638946	32.08304464561968	48.41834453914914	43.97345526373696	24.35197711724271	43.77981304889987	30.01197438253803	36.361974663095346	38.40516359863028	39.79982092787199	30.79406314842361	30.441809903402177	42.207177912271035	24.220951965187304	23.20651302967558	37.13901971215694	34.56207103532043	41.26291800980693	33.94292031778177	28.840414781718113	29.903286774719188	30.633589314954186	27.627289192929936	36.349423948970795	27.177681195320616	23.8027520393766	25.54197946396187	28.243713376502317	25.379969914301522	22.092778677785493	39.206382063393896	40.7370079806837	28.684792008958112	35.884179939976285	30.56363515869302	26.406725532636667	18.827646292677336	39.714285522924854	40.139176649232944	41.963489863825835	23.88858084266696	48.70959869688782	28.652121495167727	26.95573496737224	33.892436130008825	30.287985004588126	27.133060712383326	38.14578847429043	38.71879796008927	39.73507402261713	25.756737546045315	33.39993678846137	27.403803316705257	24.908225174711884	39.48831043562457	35.18356746104388	27.736308476596342	24.949141422526974	35.387869782956315	19.146924692505408	40.97464441267208	30.69392554777753	36.693067818516155	30.8935616390465	31.060797177880794	39.30826232468435	24.983579846115447	28.561263020737506	24.392337528477423	29.63969521437164	34.5669826403157	24.16337189974558	29.576089846308047	35.40520871140813	33.81439191119942	39.465589699596194	32.1531937944606	26.119326301698404	31.294809188484255	42.02507281837537	31.80606771131485	31.45578924540621	28.526267988882072	28.02059273044508	28.381508842310915	25.251552228438065	32.80476927932489	26.401102271639	44.61762010955268	31.433829405242278	26.98542643011907	40.79630934553718	39.44059347542695	40.432767927849234	33.39500955959288	33.643079674846625	39.715480365565256	31.459169460623528	26.089976424648135	28.505314772225734	34.859977615912314	30.558376194782035	29.863806805101543	31.0921222912998	26.171356305782076	36.142589016974846	35.00166618213313	32.12213664389002	31.345086856210255	33.127019608498536	39.417580106273014	27.68836916666903	32.82678689005343	42.65489395186458	33.18703437064653	28.946318095593163	31.864249086642353	40.09051523695352	30.07338669624894	24.6947660671732	21.250163169834803	18.813599787995805	40.28235526183294	32.79658607372182	38.26992271233579	30.95762533812226	24.736492073947094	31.96401652090364	41.90829498623033	42.206475300578184	26.566499520520658	45.80649353711921	22.160705042913378	32.786032235479475	26.582182683489602	23.08277813876815	36.58784702886574	32.74382813614458	29.17941052626843	31.85887803566322	35.713218191139624	32.43287444664861	38.30437660898245	32.472493384597364	33.392688879963316	42.56713888069882	34.646285124108786	27.40848696412395	27.337633935297116	27.197052166963427	29.523823633167037	26.74113566441588	26.692786011223106	27.612708010170028	20.025996086416214	30.063495549727683	35.43598512126082	32.1993046440996	32.15849708391085	25.46749221327778	39.422467550720434	22.0543045187116	33.85251214728488	30.863409570966006	25.66984492562585	24.165635993273845	31.11070654282382	28.42716085747817	39.522926407015134	34.975987341924984	26.938558123437005	27.125764035934647	36.37371494738837	34.6531318667979	28.539673264025254	26.826625970006628	40.12961666375067	26.15424683642075	27.700545319879847	33.22734929814343	34.3651556268018	34.59451446856793	31.55793660622344	40.75548171656127	27.279825759237113	28.841776838622483	20.613005240100218	46.120608728427456	30.28595421026606	31.27448201121836	30.99111739849449	28.025013518194097	31.70506142523093	50.47663915102711	28.63749705785925	25.503215721255476	26.06606759817969	32.16125021640162	39.683350341209994	37.1407698582562	35.39066581985502	33.23089309884951	29.314896179098724	36.35064060108243	34.74049592200792	29.340302510835944	41.00974994311618	35.990489414691226	36.84133291320506	38.62609078897606	34.86975077396469	26.782498911333654	51.911121189959054	30.77238767552363	28.802512558613223	41.664176685746206	21.69400447370817	16.731392743066454	31.9185094828638	38.553083338625584	33.653479157986155	31.733704487513748	41.51439577159609	36.154808170225685	36.28963234987559	33.62273551102546	32.78595270426131	34.539734277495036	34.03653106712549	29.693594893374268	39.54366150160319	25.05313705588934	30.391199857540986	13.829417257906647	21.65156626244135	29.309706002473746	30.106104890663023	32.42443955689246	30.795122591774113	26.161068661832783	20.55791455129818	36.14293059778211	30.898917421848935	35.71247982135545	28.438582703633983	25.179532109801958	33.1700049094956	21.82037659359059	40.66537142115372	29.718008059837924	38.10369035889293	34.1030489348896	28.26285146636353	26.340152999971263	39.80526112450911	32.47588044633363	32.22647155513911	34.94668895942355	37.17490000116962	32.550048427574836	40.63210525647042	32.171961476099284	33.50415601571526	33.328005665375656	28.07201887027601	49.70121160142103	24.992979157642313	31.967164823220457	25.706250206777245	41.03384792803351	39.907605029922955	21.697551708655954	34.554371460531875	33.09835719278208	33.909257656192494	26.69095102525999	36.05952319842204	24.397790340285784	28.858273009787418	35.90774047729353	33.53590566680226	27.05652052554745	34.19155416375583	41.80250097548231	31.64342194961304	31.263055163590444	29.37467906093973	37.71136460926033	35.16025713014087	31.70506162742393	34.19172153291303	30.26395953521013	39.287407500455856	25.392618998342414	29.238774336162376	24.593887695981124	34.680975238145585	26.51058580410203	31.48992205783129	24.632348792567324	28.307634192911028	28.44380493080296	36.98457587183171	46.35731381442759	26.39557961777026	34.903198561984574	29.860278707275647	28.40907532731668	29.900025013411426	30.602388431695477	29.88710014194293	34.80996556685867	26.541407730084142	27.574565420977002	34.55596447282699	38.354961773427995	39.368155353040294	37.09927396535563	31.49135738948143	25.238042592161733	22.83125547742692	31.27965749145804	24.731639364035097	30.32059137567986	36.833521848455774	35.23138674585326	24.917549947136372	39.558847535748804	35.149683121751934	25.250007142168766	25.486467465613636	45.68549847042351	26.04039964156763	28.05643310349129	33.84947673517387	30.737150103370766	30.745350309247197	40.49475503009837	24.143210800075373	19.84720779031611	42.83855624688034	32.91501168405604	43.40511767909737	39.194311647775976	43.87714694262007	31.527410369405544	33.97576448617627	39.346096365767956	23.18306738644772	26.853650663893866	30.797800903591042	34.38053533183683	35.75598719967508	29.105788147859673	28.335692840673122	24.91016813223589	47.659806201120574	42.953716029000105	28.881771068212284	44.20747665480575	39.33301996990421	32.82074694427133	36.925090574696966	24.732505987592827	29.140498775846982	35.807990348580006	34.484044754749874	25.456626635135002	34.59687093076967	25.337023505170322	37.47007001660305	27.788628577063655	40.70648263257442	40.210195199130204	24.456952437653964	25.443442562122026	28.53394720532578	42.60986305287959	27.633329281352225	24.81256841850342	33.762946713889946	25.443602184750993	33.27292420559083	33.4417523559578	36.14063597441922	33.28574380035108	30.955364323038893	24.85641129741312	34.9500235946604	41.30772144650617	36.832863239589294	38.82735425601282	43.08851604799268	35.84953997158923	28.079196225463566	42.89783100083399	38.70962522743178	32.80938629853759	31.496127024345757	33.41792255959002	27.614356299000733	32.946150823968836	28.391549336192224	32.3641549246039	24.680868641683606	31.11058750877057	38.90669268643433	38.16358826743368	39.996988843205926	34.714606384293106	39.300730142822516	34.59353319481491	48.3864807459847	37.56269335055855	31.00929528080326	21.62614669158259	33.59126722340046	20.877195142257747	36.80377380520636	27.588680223203983	34.20824056301063	47.13057302618372	33.54315224204545	31.95019589289413	31.119961120805872	41.70336352723686	31.082561769191244	29.434036082620395	41.48422553622463	34.873309262563836	32.47107762666387	30.781308599553558	36.505551688734954	27.717669777659587	37.86614020879727	48.838425652990054	28.465017949718074	25.10778045833536	34.39840406844749	35.73905060834118	26.392087464880895	31.174063530976415	27.82585575340961	19.018093888865227	31.80631484037576	29.735297272354487	33.744005891110724	19.387344966695284	31.40644238999369	24.207546428250176	33.61901641036456	18.91418155962986	23.05224902283649	23.32219961635895	25.876152555576493	38.319228915682345	31.381220592711575	21.220268315403214	32.03127009866473	31.29139553853888	23.818567606026516	36.65828665308543	24.344781505741373	50.99336063155224	30.752561150900068	34.745847142521	34.283156209805874	37.70920958156591	42.62597372536314	34.76930751469874	46.88358724697937	35.408868811139435	40.263261890716	38.65390296743351	24.51687207095271	24.928895487443334	34.45791676042823	26.742342518766954	20.948591710798524	43.161516282844104	27.525788113794697	35.276991060800974	25.879337527271815	35.23401450089252	27.754473252012755	25.94712210195481	24.04060483551135	38.1652074826917	30.731877709830716	35.246379874255005	37.86546424646192	27.299108003370222	40.143592476047836	36.36847216181473	29.149028620794486	32.74694547586944	33.42000415163236	28.80403182942527	35.784431012231614	28.030935288900896	27.99857977833824	44.440162010045164	27.02903690747466	43.65370390434726	27.866602752459347	32.708525782091236	27.794449417543976	46.32013589673649	24.663898123193537	31.37364715367478	29.041509175805892	25.447376559448188	32.10247527687119	25.130950297519007	36.0778954981271	26.506656740545196	38.0974274096138	38.15445465227916	31.084511669173292	33.75090610103291	28.4191252122902	44.408090164037745	34.50014291349548	28.892396206000246	39.014077001566505	29.333212339303675	36.05726223813054	44.26598151789684	32.87947292874909	37.376617142963575	50.775325686490675	33.37684769783789	34.04746168945897	41.38528544224499	23.655076267712616	23.786637925351222	31.91351704142658	31.489491986677006	34.870387099423425	27.204074215910122	32.660352992021465	38.61125605692185	31.280570541852207	32.334148969447696	32.661485363552785	29.10083464940626	19.840724672802185	30.18520836680645	26.060058403606806	23.871628323806934	27.50237426540724	35.439900733533726	43.95574205316026	24.027105103063516	33.33911667304187	28.81831495725859	31.814727228461983	27.8026944601356	35.32214957779412	35.29067769068415	37.277948990374966	38.611438587171776	32.11768986362323	42.52690662874548	22.500360198958084	27.38213206362328	42.51919029092478	22.95870613790268	37.171673178007495	31.53958235996369	36.35739697100315	36.90547673083217	27.001921664017853	29.98555031312439	37.01327376666074	33.15586653445172	23.180367800684074	30.793241195405084	50.661579322631056	27.913577331097738	33.26685211721737	35.42656761473148	36.014013942886656	28.961644389169766	42.40649771620848	35.56299303393732	36.90789301031992	25.336559393373697	40.32377517122158	32.39087831519729	36.34132467489945	28.0446330616388	42.14241416288531	31.827266764725923	24.28770419693778	30.955756499760497	37.89504551687204	38.75002023146202	38.7668773447519	32.47547696419303	31.383941383261035	33.02813393672167	35.93445813446163	18.915644883969293	32.62113086174898	24.665776010847683	30.999632808664572	27.21819226565209	41.76753125878868	35.424286223180715	32.208767515138135	25.952934231117972	24.975601188677082	43.2964077412087	27.52065534558267	39.770215005081276	40.15102177073632	23.361014390389784	31.014008090756207	29.74932577140033	35.28300745122927	28.843532884529278	35.74310096735533	26.75245158184091	37.624943125702046	41.11474824409249	28.895974445887372	23.91027454367604	28.665901512412894	30.633956100701546	29.285354577647244	28.834055932813172	32.483339626143746	35.86068162452432	26.016466493630737	26.75818897922974	28.657355905576793	24.406804284491912	39.30267669658991	39.211120538834976	28.301962957589886	49.49685286912841	34.35250237074885	17.91914065507294	32.58916425742825	27.52099062233527	33.17493081845297	25.383912374378237	37.82062154019405	35.18207445179826	32.1148475669883	27.255261065938782	23.945280076720707	30.76979623667204	26.646357378270135	45.92979257526118	48.60935761963406	20.054055410430838	31.334464781036203	31.263533407600548	27.49356759253663	32.702049860227994	34.28565104908667	22.562287095152335	38.59712351307888	33.039550887893796	36.67396762485697	34.4040848765107	35.62760319920853	26.58268660430262	29.168777362941995	37.10986648034121	41.02130701894043	33.574398488861824	39.97936070385904	41.523531984467056	42.03300466523057	33.47534180387708	44.42540336828135	33.67179897957683	32.93305489415231	23.183252606175966	33.24255317193902	33.953038935975734	25.07168815568568	28.44860138184973	27.61200666997059	21.380090809683182	38.380294440563006	18.777801933038404	32.422967725726174	28.20041824103115	26.841601325899088	38.222117550335504	30.977777482106873	38.69893390220361	33.195897877429346	22.53328502547477	37.76951573558584	39.1697141006664	27.39276196974453	32.62898578087289	46.422087193059895	28.5196718924015	35.47110416247241	25.237190826680735	31.331485608105478	42.19909961734736	47.55059583793932	33.677121785818294	26.85715168538252	35.964540632966134	29.56054152648036	24.732527860995148	29.39170110963514	42.23759945128895	36.593604569000945	38.883907195771094	26.54030138112329	39.34687553523382	35.4485939309644	29.96512082928704	24.648503918925094	27.24811091296405	41.87331785917164	34.100594373822034	40.70496474127164	35.284822353854096	28.64410091314936	31.80921612075834	38.488267605932165	35.58025634680796	23.844957260450208	24.770130554105535	28.23674270519067	28.137253325782417	42.05589631117989	37.2702623659808	31.297453357861382	30.201824945505628	25.24925503677276	25.000019393149636	34.46764947978956	37.442466114631884	34.52919374847976	20.11379550116289	30.927870658592074	29.511086742191036	32.97712169618682	28.455701458659526	34.02820699408813	33.2537137473157	34.3545401692339	26.381792528388484	36.3473704887153	23.074766846191217	28.894239736613148	34.78287542582299	31.08335217443786	43.39088069104706	38.49698353178721	26.52862954290358	34.03046160738547	28.13993620205405	34.580634939832024	36.84927056458169	34.57880311032054	38.12402451126405	28.965915522931038	40.19652039186778	33.027621804355995	23.86611958372576	29.801596149126084	16.849641290204634	22.94247237214407	33.8446892265572	28.015325980619583	25.881592680483216	33.697180268125244	25.47016287958962	41.80972840285036	28.671944188811445	28.1569287691046	38.41016914289431	28.18407421166036	37.327315819343376	40.96795159810079	35.232852957777546	31.577109831991525	36.9139717297234	24.47821634484049	32.679017563326425	30.326985287458744	34.169030949111495	42.214284789165816	20.850707596204895	46.07946354708723	38.972863778240594	28.99921016758949	32.054811919055105	31.238046182002357	26.410632735008104	29.828847936849943	28.29358447832706	21.53997213677026	43.7522443962181	25.844907241556243	33.66603087110043	36.773364663367275	24.874382766832035	31.914357271717375	30.699411916366245	26.637425870778138	34.09983567659601	30.47697105364435	30.528122161045218	37.83033322288194	40.4244629960675	30.157027252129367	50.777761722941385	30.299332619615058	27.672818533268163	29.102900671552966	31.080747001673394	29.355987431505344	33.602999121198856	36.02550781662294	35.70827904155477	39.23713868619311	24.8542801430653	21.69164715274483	35.234000651246674	41.23168588552461	34.534357673300384	43.35154367402269	33.649998879233685	28.963395390019013	34.603834205978245	24.86628245946233	28.857805342068637	22.815702623673467	30.784504030064554	38.439986556731206	41.88127460688211	36.372758319811986	38.62503522733702	27.98191684774499	30.972992288063793	40.5527186848395	40.323806146630375	33.58482516017245	31.665451132052343	26.961502573886705	35.13900382376226	21.05026182763451	29.23607042235993	36.906888122312935	43.99334987598018	29.28429379669133	37.512225808973575	39.196941396501295
G17	28.24541070856689	33.75422382641476	35.54793864714909	37.34280579866012	28.920261225356334	36.19768386711195	32.6024470598828	44.61966930836855	36.484022010504326	29.08020934765822	26.697634031650004	30.63518248091353	30.680843508215762	45.71838090536958	30.736452284557114	29.23081126734733	34.88606089193419	25.397191785493792	26.59615603745323	25.916297555855667	28.569737606968843	33.96970103751427	34.36045009718549	24.588880380576907	30.60497081477156	32.13216223121353	32.877043723295216	33.84529650480822	28.648434326263096	38.939933848553046	35.37570654878843	30.33627378569555	30.02239700592497	27.42080797859614	25.674399503310408	37.56338949004296	33.17948502943424	34.48820662048994	36.8509033440774	32.04027332190769	34.716090707362135	36.77476647473184	27.784329513167794	24.62014234098038	30.140273067753178	30.716161322864117	26.555287537208123	30.89585593470936	33.87565300141051	34.60634282103267	33.9680531727235	29.57294978643026	28.379219158972138	29.33321124692259	37.350893631512456	35.18323152099836	31.00127618590116	33.499659302036854	35.29996435670692	32.88862174802078	36.479474233677706	27.44920869752101	42.191654384513534	38.83124500407647	25.706096439174008	28.031746011913782	30.682307765475137	42.05909577960603	24.831346034346087	21.461493869510832	29.295008019883394	27.017130746797516	35.06910372507144	32.60995608532259	33.41813252582771	22.19471813698178	31.074718496641495	35.65591331698887	28.497905274953677	36.746763484734025	26.71504837279596	35.94733737325778	34.28540216464113	25.257025419985517	33.870380667911526	28.852224801503223	33.109928950886754	20.342020118899317	31.63295400686355	38.78634891833894	46.88827735726133	28.540236000376975	36.67257420237019	37.40394514649718	26.184091590949368	31.130963175024206	36.76394043746323	25.02705358129835	27.8729610694825	30.154257402216388	35.941384107815814	35.25404471338488	51.74044811783536	34.199621719843144	27.122680347196418	35.28607094588655	32.93637035112434	27.13508817778741	28.017517015148492	39.21245070129217	30.87061892758123	31.857521721390455	29.168287879716544	29.956174596417476	30.9881925338478	30.745529097441594	38.9396555876304	26.57558149418432	37.01446696426235	26.202201549555824	37.125720766364935	35.043207168319334	30.664031093866903	24.635225284913954	39.33603966658582	44.53026280224946	42.59852621183258	38.624158996450724	33.185545661452124	38.170360584365625	29.717578044862556	29.537633949552493	31.214983303000334	36.60729429155863	29.642270589789927	36.34308390317302	36.310375916563515	32.96558665982741	35.75020531002163	33.91356092355751	32.391624256459316	29.416456830315727	23.974446669580797	24.807258245145743	32.14672216505833	47.67327411687334	31.982711042702114	26.085423230333845	33.62914286042242	31.587338724409722	35.859456400589075	23.102731503709478	41.187094141509384	25.494612425270635	37.23834136552577	38.200046762183504	38.60359959396492	30.136318987109792	37.671186133014984	33.77915185894804	28.389654367605754	47.69210529013259	28.673903302691873	37.88878701374738	40.749343019193205	34.35541747222518	30.105717277187612	29.17013886804409	31.606560983471162	39.277227508331144	31.62501629182797	31.740756247713826	24.806084900431415	24.339896335419738	30.232426687141132	27.753753621227677	37.05392698021534	36.05658773392727	26.03945765182948	40.42840670069377	29.625738102809173	33.95552334975922	33.33508128525261	41.675253218556556	38.7104104952582	37.10336336434418	31.032950534260433	30.825485444891743	34.7405630742521	33.60571288215051	32.97814519018928	32.05726459687431	26.025061243884963	25.291091666242696	26.61570653137425	33.27360524300818	33.65431585469586	22.59877720066952	27.69229012190891	22.73842759585426	46.15033915074287	29.090792576091143	22.752089860124094	32.63493862466122	27.74376852859736	28.43028636998114	40.439463016332994	25.258084147615605	31.940104163599944	35.997286868841876	38.60281212874248	35.467882299705245	35.28032687122625	29.48712326219475	32.85960895630677	30.42915551005892	28.424185207503708	25.363740144221687	40.92566361345375	37.26248059733972	24.32974969966192	34.14136593187512	33.1114958075836	30.68004107128197	17.187193000887554	31.004794896705352	41.546695957187396	24.27426636612262	36.391520810578534	38.125774725037786	30.001859214644767	41.65107166805891	21.678179088949026	33.13335340483143	41.31814148593714	29.557680843872713	28.973300517663734	28.620480396308434	31.48807282759772	29.38998903983642	40.873912221395464	39.231084822279406	29.40739881259105	34.912768500553064	36.90529636588626	34.78463762627738	39.56636156625696	23.74435487849107	35.40386770965545	37.17642149838498	34.69451511387703	36.35188055051598	25.0670158459394	30.30063668844685	24.307834222721645	31.204182351021192	31.91367583659202	47.30791557379124	20.08792220685897	24.26303136347481	36.12210326414462	35.0177088124841	23.959892820714227	20.691803340682767	33.03878218123782	38.66302954297204	33.77109924048274	36.77326293698847	31.37580866418766	26.502579036704848	42.960159463868465	28.49818942881105	30.54830806154579	31.051304851989816	30.07901845621235	30.829686051305796	38.388407596262184	36.23354768891256	30.726911709202444	26.497864663828125	32.38704615605551	35.74202744454637	29.08769957162351	41.40579555672169	26.784791569778964	32.80294299962039	26.259872379196853	42.229985908578286	23.465818092766956	32.706593033328765	36.56039074361009	38.70023868970372	29.11835397784121	38.61369833712189	31.355407745543072	44.13078843645797	23.606401970608424	34.47169405958659	31.3394623559703	30.2783237513959	24.88458021540748	33.94406396040571	46.052997693797096	41.82087066740777	38.061422556255906	40.61280661551659	32.904444417750035	40.72383692784309	38.43436725288701	35.31212647947748	23.98806060060132	29.568337175664233	27.88906005299375	32.71881741559631	43.32817599953704	29.083628927897546	40.609631889085875	35.49142632915417	20.770219678085603	34.23068576795409	36.882621817282875	30.425550784276357	26.88626728026912	27.537755927423998	49.10564551715804	26.96484502425106	36.59205445313339	38.461276211811196	29.902229921981558	39.698052561884666	33.3468602537559	28.8668077256899	33.67911639325106	23.81468106766125	32.2993395684304	33.44712106001299	41.90133890753547	31.412710909760868	31.076277518374237	28.73829926755258	48.447520377717815	35.38693221008313	35.622974831286555	21.093878688321656	33.339718646140994	26.14213816838437	28.897776573948047	26.077425813565736	27.076105535562714	21.56166710717708	22.95120016677959	36.18697331747807	34.611884762195665	29.248429159349552	37.12005165323161	35.09010323226761	26.56707840377023	22.845301810850014	38.154123439512766	28.784094430968132	36.944178005323266	29.34090475400996	37.56024450265479	38.27862221230878	50.3286462942379	38.560742804969784	40.16459464952638	28.324298269270702	21.18971289809588	22.303079060019986	24.171245265358714	25.33761103969707	23.549190436248974	26.08157257108042	33.44027889883723	37.7917404576711	22.961069035311215	35.109024345905915	36.44406602750507	30.532545253853247	30.893852933314307	33.50511663657628	35.755749788336985	41.292971208080026	30.555531896280986	26.637402542523315	34.502796289826186	28.26531080613748	38.090813280875814	32.367785533768725	27.846571844378293	28.002399907141324	42.01093456773019	22.070891051530026	24.703629394802824	30.07365197343254	32.450038137070855	24.789506831516878	25.849832224466997	30.288290158258242	40.417085183638406	29.105168249763175	43.054390501530655	29.194331591419445	27.561493493845976	32.1392438905323	28.18433283105497	29.796027554101304	34.57656827995955	28.349013992939778	42.32090114428619	38.610407201341005	27.534839783875753	42.06654730194986	42.723866591420425	29.634335683702954	37.327838634946325	23.972190647016344	31.1393592932659	33.824334708286116	41.91170034945453	24.411821611372055	42.40272810029988	29.56273420727931	27.526921423338543	31.878049207285475	32.89708245759415	33.7957781296903	36.742930250931444	22.14872803585641	28.031824396503993	27.820455434249105	42.91646630515828	27.52407201486769	31.508528629650776	31.887847630081286	36.40135490687785	34.63227403670489	26.053629987674093	34.107499069710286	44.3018920664407	37.87346203310225	39.59846646598849	31.215464319397142	37.03597370008329	33.036327868393144	26.624949381792884	31.749291168272457	42.4806382320662	28.094423870009127	31.9716441152158	32.06259306690808	36.06022327932078	36.3268353935075	23.810960120738	25.916910609067713	39.0498356598016	32.79797186745982	40.99595382818052	31.1233315187444	25.6647813307721	32.20823310044359	23.675814671322698	38.15103248789452	35.67394731943872	37.5373807148848	37.851879411836244	28.68958851084974	36.277756016544096	30.774512336897917	33.832397121550336	40.441417402154116	28.26657921231812	37.44540883949847	35.493635804675336	25.20233784213523	32.860136374840316	40.00843216010013	23.442404994805617	33.87879139079003	38.38857545634058	30.545968834714035	21.781164445042872	42.03106017522058	27.021548099789086	28.36917594749568	47.247652879106596	14.831252512140116	40.176429179549125	45.142631528643236	37.776048151137054	38.27415002849601	28.447486193880447	30.07402604363213	20.093505518294734	25.737141893195258	28.012050682051544	41.19423942830858	27.87105957261797	35.211174182542685	44.12093099840736	33.136939589523976	29.877041746042487	33.4331189157375	23.796960566165957	37.9963812788242	34.178379058435716	26.611692644261996	29.274217246770757	25.881902212342016	23.878326848024596	30.959286371199482	37.79928941116895	38.54368036376893	34.373286631355384	34.01298368598864	31.075462644194143	36.5971967866687	23.584321911562938	35.56192100135945	40.928672162712004	38.12020613951209	34.705498370160726	33.96547984311146	27.427704494826024	28.92357848481417	33.60850558996316	30.355240365258258	38.62478005846262	29.154468922893507	20.599180564137164	28.576438189236143	26.931169738512175	35.45340734571312	37.69857541749823	27.12952414811888	26.06033299332706	32.79537835547824	35.15054856474007	35.94803805782972	42.14195884824197	35.08625507212346	21.60133871254846	36.8442207015804	26.58722521267141	25.196724822998075	28.340093442379867	26.273409791748474	26.401285238642934	44.86680954549528	34.80688383151449	31.279909431805404	25.985532282254283	38.501173753171	40.967675946554785	39.08980372123887	22.662341438821848	30.610130598609217	31.172748780028794	43.29439624655972	35.56972214552451	25.959924549100297	36.94714040427225	39.22583973436991	32.69060043454172	34.84115405137677	35.37391454701631	32.846994571654264	29.642120818265973	23.268771219956967	21.392722750732002	34.22837694939422	35.352320880754625	28.69882524953208	27.72864756639206	30.9296302330237	41.772183308747806	22.746290324084868	32.719849405432875	38.82639515898147	37.181770353332745	24.601115888537407	22.79030366715843	33.726336920693235	38.98809158341647	29.11817790999723	37.440159788458814	41.93304478855912	27.294183848675857	29.149790383400934	34.5899902254782	26.167475900618143	23.444695873196668	31.011506332604466	29.4871455529177	33.35267628987528	34.496195229329814	24.921506813076604	27.69806085875687	20.61039165489809	41.83538646408517	26.550292431066453	38.19228638708063	34.89872086376742	36.473041029964264	29.695201862725828	31.854039986361716	29.85701690307302	27.541120145716917	40.26950006735494	44.60787667706098	36.61664034928947	31.622902588382683	44.53327550323163	25.160247276666198	33.050924056494445	26.184992393642066	37.55263509441649	28.43659692495325	30.714801350504512	39.59204310293144	34.357727154132256	28.29274202753851	31.12108571260697	38.38005114889469	38.81180574476134	34.20526865675698	39.10053957272528	28.273409585560298	36.87140500878403	29.636608254517352	45.837825212164276	37.28675427427697	31.91694945104218	38.652032769057335	33.144390415609806	26.736364973166754	30.88285137478084	27.62425918394617	44.58261503253132	36.62384483892004	29.79920347820055	34.631503326375956	30.63162183239453	31.49234792267702	31.556364094319278	31.120596425478986	22.39025864427582	37.621009238161825	24.851889586170955	23.80366266912079	25.385276696740117	26.395575205433566	40.06893589253725	38.209337777547745	42.60364919999562	31.546452511668168	35.403821688892805	32.784854939808405	26.041576049686572	34.404783363005954	30.352658528505252	22.175745233058112	35.29412493020487	26.52076348735033	35.87451255283838	33.19812503067691	34.717536963600146	37.04406902315033	27.860534162322995	42.257768966021885	30.322611403935415	25.983057197171913	32.93359806853924	31.078935034842463	29.960185145030632	42.87379039018918	30.120751152674764	34.999719531389886	31.266277967283138	27.4910681163826	33.823988326327814	33.92115120261507	40.39849042576443	35.373858206572265	40.16180976537687	23.172522765336613	33.69160412405415	36.98741703121318	24.90512854747719	29.635063840284992	32.90809657118967	31.63162961608835	23.684329952960972	32.26380157591193	28.578362823929414	37.858714214195594	41.34587202307255	23.82752387210401	37.266585463995554	28.392609492458092	33.672621048360504	24.326251270304923	36.01826473488129	34.37845777854447	30.08118396803953	36.41102154212779	29.6946810105051	23.995967786135612	31.172645473609116	35.5124720220667	27.052403856812354	32.91326172012159	31.09676944154292	46.44139199694181	49.59871660088854	33.65580327295938	34.472883204202546	30.44511892546104	33.0512657355688	34.344031836616715	45.829544173677135	37.19410553254502	36.69887834206551	26.053974337931393	24.156047378734513	23.254708992547574	32.33949441404295	44.997071132638396	32.61808929726721	33.02997793715339	26.604267165635935	30.15895249174012	27.575025636688732	28.41731483643682	22.52023396919967	31.002069673848606	29.857268858290716	33.02290476768424	31.073351452553926	31.38455917381277	38.89886081468838	25.36748078739653	36.99812087754707	37.148585730956	29.70228655444327	28.76859056650516	27.54591931039104	44.72614360603344	29.169817553847015	26.928684997348764	37.671104493437504	24.074201238309275	34.501544425841246	34.030265292898214	29.8771249651175	37.34688659649876	22.938116553791744	38.89652278323299	26.274773597199026	25.832158531518754	21.684292950749278	31.921069326903044	29.607665974351857	24.094170691634186	36.4227252291042	43.82811503526493	34.73169824067614	41.69901114076867	17.890658041506597	27.717710460189046	37.57667707618295	30.430446850816793	38.59387111417155	33.18510765274991	34.29105375317088	28.046183213388446	41.57131423048599	26.605244720515234	36.413270277165616	39.925875884151495	35.96718654613446	33.99958147782554	34.732100237388465	25.67278245115436	24.830906931391205	40.77114133038267	37.75541898356342	20.93924400700734	37.72740210208998	26.97808514781089	30.628852178533304	30.358960138045564	33.59971957681448	33.972191435147444	33.67282780940262	33.49011433373638	31.354222645211667	34.17280263842787	17.603062739978093	17.985029866369707	30.38174268790839	30.563515318393303	32.192369144908085	34.33220467000703	23.515030428978207	24.783122924013142	23.630504571507352	36.43226748311421	22.714749973532612	34.695241106084204	25.5086641105019	46.990637622228505	24.383335294133843	22.732072730521807	33.14468670919801	47.04938587578529	27.44720332309713	34.31956692476459	39.23198105382106	27.788325569336426	33.16224175766887	35.92534608457855	35.91507725535562	33.79484826718946	38.707204351685434	31.318033229987535	29.664158678703224	34.46642962952646	29.266324450302868	23.28661264567903	30.76754586514789	39.59545234079837	21.326255610012314	23.728962239938447	54.170783616521994	25.261134125718577	32.79211889483756	26.416928845683536	34.62844969564735	30.502126507892164	43.44174436557185	29.339193632185925	32.05700218109173	28.84884337398308	26.109629031591034	27.858660400447707	37.63628003506383	23.820692628473548	33.951396954229615	32.319987282502865	33.65898284182615	29.5295699336081	29.510687609187578	54.93473617047436	28.787996876268984	27.274346846244903	27.49776708042199	31.30560270773661	37.08681251492552	22.81461379517913	21.527614689969838	30.230696716029954	25.479716027503564	29.91687764043155	39.57160165265927	34.674043590530296	35.51118232212773	22.19968876670843	41.721900093482134	21.635232963679734	27.3348772860604	19.957476880906967	32.41630218918119	48.231023661765065	35.83159037164669	30.54144387981114	48.499386191610675	28.001246526348464	27.166812732927884	27.23289757771548	38.92973416169261	36.1757920482294	41.34671301464825	38.043631971230525	29.456102518801007	28.26410675747079	31.114379485576247	33.723205362807875	33.847003994138454	35.958254703844744	30.468322627602106	32.61946494729461	40.482738642970716	33.88119385782783	35.87452132273502	21.217441608188093	33.570875284089844	37.583652583763474	30.86305539998942	38.90241211201129	30.202987229003476	46.79481670367388	38.56277895237119	35.993438048435664	28.20358490441828	21.77616177434931	31.921359235553656	30.840630438964126	35.00519983689912	24.89940257017743	32.285821275781196	34.1287990622104	36.45391641295472	32.303040112599824	33.98815923563493	34.746319398177825	27.80110749424303	23.992916482512435	36.47334845809276	41.82975130062096	35.4867814870766	25.013963278480443	34.631635319632906	43.13652788731379	31.679370739938335	27.000858625538033	30.1874696452604	37.856839732459896	29.665025316830164	44.61689018722258	43.5275263663005	22.856467816383976	25.507845196310665	30.85916096194984	32.3002680356042	24.616137411097867	30.955309007052094	26.38554436101674	51.042111514043874	26.36683365544467	25.927175842455778	38.13508938341581	33.016773433012474	41.53794783792967	36.45974900624907	29.642238602511494	26.233396800457243	21.517497928097544	33.64191341451742	26.045805471847252	32.14453778434646	38.43095270982331	26.638012511094388	39.15615209109718	44.43178291537914	37.94934017451762	38.38687795318567	39.78521242466248	24.680419669416285	26.490389539235345	31.311948700422963	30.408557311725787	34.24804723918218	41.62513470349054	36.561058793208886	40.06051172785366	27.369810246246367	32.881340560376955	29.243884593716214	32.95050633455349	29.993630993687812	35.23554791983664	24.149680072269184	40.725180434644294	38.64593190886127	28.54174607815173	24.152483752397966	31.521498816469748	32.95471316810146	23.805491935354507	34.056997164048134	33.71403930650004	23.958884621064946	29.347184137803772	34.85600140535851	42.35909734784456	35.96827259411492	31.947908965631726	32.0851621731147	30.376335626132974	40.90430293955292	28.91770940733733	39.23704164926106	29.32482394116338	32.3993351583346	38.90750529959814	41.45835388986277	38.016275362009225	36.75547184761195	30.06234065359581	27.44564314812756	54.503125854225566	39.43965556259771	27.65992072578636	32.97307264035221	31.403029828114832	35.907457928222556	30.067432088407138	32.83042860665862	28.191166330934657	33.72837947306614	29.73747150447248	29.968250175756722	32.99355968835094	34.8691538459219	50.214250339820936	22.60451623571104	44.38616182948639	31.36528365256745	28.72317302329174	16.705808625509732	36.97075918179056	34.8853292573837	34.77521657344598	33.42550207540563	43.59059716227121	23.33202020194704	38.102368472174895	36.83031447969296	32.43254114563601	31.87743284980346	34.62280434518136	39.89747709503692	25.5067176126317	28.444421844453302	30.882121464833904	24.211478489026295	22.699031784630428	33.361452126251685	29.402402148887035	42.92877125920304	39.131538460689434	37.042415344914026	42.34728219105339	29.01980544523936	32.46586663400363	42.07993885273105	30.10375568165161	23.789674976432057	32.78524453162954	34.3366991870048	39.389126683814354	32.5151535331605	31.059084146331255	26.103816946037128	36.187089998326464	15.820941028101588	31.886804258722847	31.606937138990606	29.150978131638503	40.303702722452336	33.86266035973251	31.765051637009233	34.32603559456454	29.704604418564898	29.221772740776633	30.410454351107962	34.90230090248535	37.57323018034657	40.25536415415606	33.96507336709705	32.886671665001735	20.607774499736784	30.563561979542218	31.59513436452107	33.4611513699451	33.44263189386249	33.907787928378426	28.090092813742057	28.082144867580322	23.633277650766622	40.887066264819204	31.19136258686171	22.612343000677452	38.269384353026275	39.867062707088145	36.616803456500236	28.86276983199343	37.35085859664382	32.20238297202447	31.78251970484573	26.516572222345008	32.556903582025676	32.42189470057692	43.3111447486577	28.974228533515813	26.206065004938463	28.738225633940385	37.9729362483625	38.146084642989194	34.78593608399319	39.939902690326505	27.811707695816715	43.23038144144049	23.283922525284655	41.55060682123826	44.88023256872477	26.557684414325546	35.18409907385536	32.29658909594023	41.68488551704301	34.67210557291482	32.691301300187874	36.605610505031215	26.419040725964006	39.29479837589128	36.05746750469728	44.06035379676652	33.08401091229197	35.43559362505211	31.990380243106383	34.75580318906412	27.93128194351607	30.687645137301736	23.096491745896753	37.82512126643065	39.558528342183855	27.43829977601479	26.973947272969873	37.65663070127532	29.191900195723335	32.77295473211157	39.6244629588151	35.42310588208665	41.859171844993114	36.4380651706265	25.16832062808943	30.04717571783828	37.11920188844243	31.95246457128737	35.871532914775706	29.64379856768468	27.167162077347676	38.674138547242684	29.140180051571395	42.41679352842376	35.948851102748655	33.889903890491226	26.567274371901224	35.893867019120314	30.755980125160175	22.911765150808463	21.173165959894355	53.00032149232973	27.9574797551925	30.981870501553477	39.1065598396162	26.144724689157783	52.20162914815407	53.33987208435758	34.719784932851184	23.997357732066156	21.576510310552038	25.363946575218268	31.06278991572346	35.95305138048736	31.35611829843066	28.99550483245916	28.524809066161865	28.820539123448803	30.5868400158418	27.980597201507234	30.889280856794866	39.187956098074444	29.315934879740812	43.63917152916908	30.419894957250445	16.961336292339936	19.815607503314524	31.383036660744562	41.37690854085216	27.360387925537662	25.644947370614084	23.62552759597287	24.988916787094755	30.09954050279145	31.824341150830676	48.99594153888171	33.611803691987255	30.46861492424851	36.06331732417902	30.093657059860334	38.89862507801413	26.13065957477605	35.99960496452006	31.618242746480497	39.86438580294661	30.88508474141493	32.05944378094542	41.673420260650374	33.709815268285546	40.15866101208223	32.72807633501604	33.29191467852881	23.888396982222677	29.806237218212956	30.560465589241183	33.44408903948601	25.775908792196145	25.409162026536684	23.943508374103104	28.843543440794836	27.001117717374154	33.47223895478439	28.948152456380715	35.32949981857332	39.379711694238935	31.737085281890458	22.64940392062387	31.32230506400475	28.968194713570945	37.83025184180037	29.852467899123774	26.342509877792907	36.539629675549456	28.95499073170994	31.36919889867558	33.46641523729504	28.75318019618039	41.866898054099295	32.062925771885965	30.4777059975157	28.194878721548015	38.49085920459762	37.66118728855368	36.94957441667746	36.27567507793329	31.272130161981387	26.799914493271505	24.166095628100038	25.87597005029175	33.06590931738536	25.162040423582724	29.678272796983578	32.474285188485474	56.87670502114049	36.511422715814774	28.34659634086671	27.692151101789396	33.14283465636366	34.27702816446943	29.016591799611714	34.9497877160427	38.62811956878227	35.25143601144033	38.40659463911981	34.32304645073937	42.35841663955908	29.46114076545434	32.30467694951193	33.01370708606069	31.797710550499275	41.78269404679878	32.24748369849147	36.37225046942206	26.729400187520625	36.300177796954266	34.23842053774199	31.577401516211413	33.94323120231748	33.16508989568775	31.288981265955048	28.970281062423112	28.13274390097586	25.5948207620506	25.696877895229044	33.715102980159635	41.21327363881217	33.41440176627908	31.99305176073831	28.21812428329501	26.499621622796308	31.65389551638316	32.79290536680576	40.28905993006285	28.272476378548742	37.763927415227016	31.901957199409754	24.58731650493328	37.441957749181256	36.707377431724126	20.992879149164953	34.24300130008414	30.17199130181014	47.25556382988848	34.94499985050806	25.462109177157913	35.145840836983815	29.48049240113255	34.749828783481114	28.780061434221903	29.991330439561843	23.507825292430994	32.06918766728383	29.347339163835883	32.964799150529785	34.85573674409993	30.80179708221163	28.37398054532849	31.72834164006776	43.111561721420564	34.299709323779595	27.165007873823562	29.242341138099235	42.17111051291086	33.48440991277523	18.306428267037592	57.26259787565506	25.559278261126696	32.24823033265903	30.044062685387757	34.49571233283431	35.00128000234987	36.87713832234502	33.196896163587176	34.856553916851745	46.30844593315634	37.07348453510001	30.569475981231115	24.660433232902612	27.72006753598802	36.25335885524211	36.087636341145625	30.702552156874347	27.680191657801043	32.53342414387552	18.739226200410858	33.37614332815974	39.6153809099113	43.970634032734736	36.67798974359857	32.01398823876098	33.650794622411716	44.21620197226232	22.429690162142993	24.821380690738337	30.798290966667846	42.049766910379496	27.054010934200477	48.58736345063587	41.85056676919218	33.25603565323361	33.291630183476734	19.66892647128915	34.738369340922894	36.292363986251885	27.25162229507091	24.063020758684708	29.378055096715013	28.270840797555135	25.558990759259014	39.15869638703374	22.064470940409212	21.877939539782847	37.60540635569042	36.207357729072264	45.04057631030929	29.024967694569025	39.39676327373595	30.02187155010858	35.671121422229284	27.74177158885022	44.87765487263628	36.211804732823104	23.183260333735184	27.523509301185786	29.48478548713106	35.850378598420974	31.497549360110057	41.047506319072816	27.62110006633976	27.102953340000596	29.428867311664504	27.004139025281695	35.705651329748406	36.676677103728125	27.762370170315	31.438365691688404	41.960921528458336	34.96336048732528	26.691208456239128	33.5191589454567	29.498678627796746	29.745977209028986	33.96239172514448	36.62994232179113	28.218358164375783	24.727618555101472	40.72667403993427	24.425260135413527	29.539236609313313	36.41917534254835	40.15712418200225	32.64656772031103	29.79003267013442	31.081348346438144	27.59132561836794	49.611509235186844	36.597711501796866	17.691073936514943	43.76390913517792	29.077232779102154	32.642148582200306	24.46037151212147	38.61940211769073	29.21354639704533	33.62107441847991	24.08354550814042	24.30998986906645	30.02858338456261	29.8627508414942	21.88508967336257	39.31623409811412	27.534950027400374	25.525127471664806	27.344773234728763	38.49279847753571	37.10027067979101	31.79596987318466	41.30744318794225	27.287548841590013	30.215223805241646	31.1868887379989	34.491033823970916	22.700876887445038	40.384288131864885	29.258716342849336	34.13273490487021	43.348161268404525	30.086117882216932	37.80803803398017	37.15582399051423	42.60540058277259	34.44050484708159	24.225324214786347	28.112029031991714	26.421964009844775	17.880160565302763	27.78434862115476	28.387549232526016	28.497629828862827	26.817074353846706	39.62849340883213	21.322291878031187	27.316152364735682	25.383080163400905	33.14644251743824	30.848834635275377	26.975724467714215	30.32681800805676	35.58117575664929	40.95785975183882	25.39923181950578	32.63099929654219	21.548847858132685	36.735729605660865	29.014685912967668	39.892125590474016	32.60768011713094	31.898115127042587	32.50776280993836	37.76708456574741	35.86221564576251	25.878828716300895	27.78620298455504	25.537679761468272	20.78506398006972	21.681100871363412	29.823716002209824	23.288322966367613	37.000304074643886	28.19842817128449	41.69501788597175	28.826040248319618	28.767829187958093	36.558538149898986	30.40956873842233	32.70237499435273	38.58371293398054	26.760099924852145	38.63632383383115	36.34897879530826	33.83962537807383	39.13569672461391	34.48955749911311	31.235651711713427	30.395828478595348	37.30603166155102	48.28602091737166	19.786264202950107	28.33011628507881	31.888298296080528	33.945493201987006	36.67074924213018	36.80873071565064	32.58881870450513	44.84790828007067	24.546022120657597	39.700694644916496	32.90862342827841	34.88816146636463	27.71949293756118	25.777252483364933	20.965991438456648	19.755614271369403	35.731680485025386	29.940900322287703	40.883632325405664	37.681011798155026	39.940763197281186	41.72089706055486	26.21525850317977	40.961784776476996	34.45413646975858	29.111992130226003	36.12100612466465	22.774889220573495	37.732618744371784	28.67035473905525	39.1439200655684	24.38271006839343	43.95023264361888	29.268253840404977	29.82953406160346	25.530788383549876	36.493102047192394	24.953445537026045	29.30063637380578	29.47707092203453	35.25430811962729	36.75369464490341	26.454132757667658	32.67591005762434	41.78046727896461	37.470105413491055	31.44190652155129	51.102791399415196	21.599412785632445	25.997192677644225	25.66686503543459	39.74381284538765	23.809513660290694	41.27338975252655	28.7501417844873	38.807828269253115	39.0391158068554	34.05230988376179	31.754211999928977	31.27768136058429	35.97514732127541	35.657068081067564	38.64746127302316	40.10026423595164	28.248634578251636	43.35726382952483	38.25321233965176	22.6722455092203	41.18667131179264	31.93285286163684	32.928199509061834	33.46431455978095	33.50093712933972	48.0121743568091	39.80814328947965	27.80178685856904	37.2824850440443	34.37972547747657	27.560503982969355	39.670283360147515	29.1046325460564	29.798352135991422	37.32827480467489	34.048901941074384	28.62223011191034	25.89925831577884	30.547389128085673	26.900403403812685	32.65413748854566	34.14563569898699	33.601084651938315	28.61047469990117	34.809622030036316	35.536062472468274	23.726791389658114	38.63513034922267	26.98394705714802	25.92906792936397	36.1839568027892	32.955264641445	34.28268843034753	31.094129978853328	31.969742886197675	36.761717947273254	23.364044936330153	30.31146998161662	34.64414036444737	27.441011924736994	30.085542592205805	28.832363351082137	33.285683464728926	35.16510832779855	26.22477703985679	30.60083851851658	30.867072168227	33.51517541344351	39.111670262402896	45.07492415465213	23.786471895391834	30.146295331255363	33.04151401145809	32.470080187284665	31.28144704293773	33.293522547347436	33.27022651745825	24.77410703452943	27.72738710376058	20.542535259363067	28.90043142817408	34.56104856609357	23.01138266856597	40.68314507166635	26.55900869470647	39.323608656592334	33.20728749134277	21.009835497398925	42.80296969808535	28.895527102346822	37.31195412654677	27.534850432326408	25.815164235183165	29.6508329275793	35.24174305415975	33.127468989318935	31.418170136614112	24.598506849998085	29.89463932808682	36.246695644350474	28.706262165944306	26.87597881161643	30.599436322458853	42.64021927606076	30.693319536229822	29.46262174425529	32.004015478164156	31.32856578857133	40.251054995994764	27.61167131357848	28.77390389048134	41.87152378259772	40.99345668857976	25.416946082949572	30.020275054452924	25.45877010478804	31.178777005890108	29.055972478873098	41.224323940292216	32.34892729818088	26.35911657845804	43.67440690494658	32.88766301151608	32.02898300466305	39.95558446733303	38.36160413012827	31.936441945729552	35.36132769409899	34.9040783018215	28.613948161609567	26.863218582922002	24.49850528020825	26.68592505115503	26.206366837420514	24.518054826925496	34.59337450867577	20.396002180432347	35.6480464669742	28.036400550775653	29.775476738534444	33.20343675944793	38.711275725686136	23.04110984388932	36.73372420535563	29.30305412513899	24.63450970305646	20.242970468845268	25.88904055100034	33.29564246451138	27.57276495538081	26.518748898918094	19.89768694266604	24.68042855849492	26.200701854458938	30.379084197707083	31.175223979659048	34.99258309266348	24.609775133350862	40.76332268261214	38.396830988796864	36.22401001043426	27.622886325692274	21.808318444097388	35.56550665342216	37.21681555057182	33.48799958576642	28.170233200092053	27.71495616050002	30.538165791512682	32.71326050118128	30.481215362342873	41.64307358122222	32.71163464076914	30.234376613036904	39.93069928889779	36.300920695215964	33.35216483982493	31.409352089555515	33.915486522976146	30.782731899506892	27.80959869213125	39.47994674146117	24.433036114747836	35.63814502570593	28.283790313941473	23.54990650085796	29.717862292394777	29.638288244425386	28.40215427012806	33.30549746498868	27.7140241383423	33.52415279754959	38.59351766054376	25.079810340939915	30.131337327754004	31.85054907783678	31.86393071425528	25.62713275859043	40.54157593583877	33.422989680545285	30.128622544334313	27.2107297819246	33.32942452624214	32.39601752468739	36.02412801897774	28.718720530547333	39.00005655562319	27.365355975340655	36.98502936733187	39.7091912334301	40.28887963382801	25.81385843911135	33.55625063270556	34.63003074274219	36.7498937283402	31.055714423776315	35.47895243543801	48.535333411296435	25.489199543985148	23.68582222705676	28.59540359100308	34.93145494379739	34.40267107400089	38.21103820471043	31.998800195294375	32.09834519924939	30.565173006920848	31.83268898828458	33.49515541161185	31.88545428034853	37.586176415086506	32.00757564791331	40.535027091070155	37.04973374283766	40.42690628292522	44.08720126672205	42.16296149891247	35.05118513873606	36.86935015307003	36.2779143155584	35.537547028517025	25.78565384349588	23.733066054170802	36.0725899457868	28.518694756623635	27.022442378668917	34.903171401652024	27.87277264867144	35.66067968209123	26.557599653189666	48.054946345092944	39.39282143031358	37.9038951441478	38.113578503930086	29.350662085713516	28.81325746559673	42.09561653682751	34.137234396740865	25.380890667373432	29.97992826825452	33.336638820369	38.467484252254984	16.82459485836601	30.733642517533195	38.23281377586452	30.128832243756516	28.698189223026183	39.75108412956952	33.27633852451203	42.036333199691526	29.669266035159424	44.609087035846784	47.703559570984034	32.40383996583148	27.400311895977097	28.70110147815733	33.49862146173846	33.31988235020766	33.41673613987055	25.215324010984	20.268919105987766	39.94410162530534	24.071108505481195	26.31306005079279	45.610820116470315	34.19187827427558	32.59434566363473	22.73758399589091	27.997688345691643	32.17936364433862	39.141521051133246	23.205316318012898	39.16618222166574	37.132627108385115	28.744475679066205	30.911833442414373	29.772209822732716	33.48550217993987	35.734658429593296	40.57637574313135	30.093048270055213	24.606954625473694	29.073164240116963	22.056035385406133	34.38286363857724	30.67295833176748	33.68591804364487	33.700191339206484	37.29435517732826	38.499320081728335	31.184203770489376	31.878274325101728	41.53341580031721	23.34096145375994	45.0830507492289	28.633657301965926	24.88984682305834	28.293389498364096	33.32422705253714	39.44669388702132	32.39706373891519	34.99968506794874	35.755085198140904	43.12781189328048	29.222372540691254	38.069402651217274	35.63921957926391	45.81608807550013	24.61869461450659	21.889901510329594	26.17495367616007	31.684332756602267	39.19237948996596	33.90933275126223	29.008141287094475	29.823758253701786	36.41361055506974	42.82000925546002	35.882515764512156	19.88994122877111	32.50357258121651	41.695718789798754	34.0932504934029	33.46454903238581	34.858330228780794	32.34732969453743	26.628872207109183	29.309513881275986	36.80095637573721	27.8789826172055	38.574021062371415	38.292787501842675	24.747663694003077	35.884179939976285	23.971478555837663	19.8050441494775	19.81857504492351	28.883116743945347	39.39585856313604	45.99844081227063	23.88858084266696	47.16326223031995	30.44287908861571	33.298260842048066	26.478465726569397	39.29252108703324	28.902608150147454	36.18959419355758	32.265664966741056	29.988735111409152	25.756737546045315	27.276615043910116	31.97110386948947	23.870382459098888	25.871651664719547	40.702558435325265	29.717473367781796	31.6022458018675	29.94358212403996	43.678921954777955	38.09923076967755	37.963539493303784	28.60815457036853	28.470537196768344	26.531097589439845	28.53019039694832	30.70898356085024	39.707121760537504	29.270805034172906	21.97425679686173	33.723885502747024	32.03051623919763	42.39239544637487	43.575641490963854	33.25081871267943	30.52005603435439	27.10955555219227	27.254949184380944	29.338883614203986	39.60054938654602	25.876122883781573	25.557828761892544	35.238331045089616	37.79521810153057	26.06465097763247	25.766890029018434	28.200591134858236	30.625278635101242	45.42884956609001	40.414923521025784	27.514552438552776	28.411715437070537	40.0979367000174	38.00680185217828	33.39500955959288	33.643079674846625	41.843095385149105	33.76105990896183	35.96185939613662	29.11181083120926	23.06910283405962	28.586868053183196	46.616674037231675	30.12049346969668	31.078485613116214	34.188935556597826	50.100424143053296	37.0640038198731	31.867504970480425	35.88760457587342	44.44961160920148	29.317096764708385	33.57285022846373	38.38940455667812	39.824441244775834	22.957424696504923	34.928119191127195	35.87046100148473	41.714697675442075	31.42970226731135	32.14768274410906	23.89835648745413	36.352369382629725	40.47238281438012	39.05094154319979	32.4801315022922	32.46664584705556	25.571213216722914	40.264832437750705	34.08984543508238	29.88731196058574	41.48512622229664	31.795794192006152	31.571734745276533	30.520283821784357	33.818954017264964	54.50842516545304	26.50690849116466	31.314489345263684	38.82800760596455	30.35623546246868	28.501616937963934	23.73792353232715	26.519202930754513	30.42444986841102	36.83694710829705	30.686709681353495	32.07376134099611	34.31745536558574	32.8894584344674	20.666676543216926	27.929630582834363	30.647272827700604	27.612708010170028	34.902450322039684	30.063495549727683	30.514320521085708	30.24783163536629	35.22121109190236	15.280495327966669	37.779864736107086	30.018358928246347	43.726161523576295	25.719507975805005	26.183241824138367	40.512977988723804	36.20154943164954	35.872369653484355	42.5057887773559	36.88376846966634	34.21924950814971	25.49821819377857	44.37593223581381	29.896819649786423	20.66665994981139	27.385514011048432	40.12961666375067	27.267193510310996	31.078660602792024	37.003184445659734	34.3651556268018	43.589088230395596	42.354072813615666	29.208095230202243	18.691732464662465	40.24433977482207	24.735606288120263	34.59045654632059	26.129058534347188	29.50422831247015	27.547659909772882	32.856912400641356	33.686627764307865	39.07868837498873	21.724997768031155	24.31701964119708	27.03147750922338	36.92587987809075	38.839023738205526	31.27643777537364	29.18177707952958	43.56939317404714	31.07378994984465	33.55443747792224	41.20384400052102	27.384282343446884	32.69696279248452	44.458839865206805	34.999266267544805	34.26508053860779	33.687725323999786	26.782498911333654	47.72474044883332	19.582428520787765	29.795702646841267	35.71215144492532	35.499280047886096	21.652390608674235	25.933788954826838	32.67210452425897	29.66069349517424	39.006011765902315	35.721689384861754	31.16793807778076	35.038265717121256	29.264232759596236	24.306827004883388	41.15372594765366	23.206725727585557	36.712080959080915	29.316852492567882	31.31642131986168	26.592299875348363	22.719756923703777	35.110647993148135	31.06828836262217	37.93369216223541	26.27497688230941	33.7003228362811	34.88142488244371	32.30529429489714	33.41516225077969	31.911996681581687	40.47414379753618	34.82275433098039	26.25100156128289	32.082463764921975	28.763223691551236	40.66537142115372	21.227148614169945	39.44066195043304	43.19719531752683	32.97332671075745	26.87770714282782	27.501816776933566	24.602939732070936	34.17959104332936	35.674744979411535	37.17490000116962	33.996717246578164	30.47407894235281	21.61553661675421	29.227029715836714	31.200686154819763	42.10802830541402	42.845872070190545	33.71146025914545	29.459936209634538	30.52617212054798	39.618887654653044	37.807204765190164	26.579500843103546	28.630764924440694	31.151395004971373	42.38657207024062	36.001747894536734	32.781384725838215	32.53038712038104	29.947264444119018	39.232531262228115	32.51966610114158	22.72747724145986	27.237339757568204	44.21418372406783	29.744816632636258	26.544103440784337	34.55844595404674	38.531176883374684	25.742331113138853	28.73271209985294	37.75335919259147	33.55352035425471	33.674920714676446	27.983702569601842	28.15585676815636	24.593887695981124	44.018160879184784	28.474332900702176	29.915425954939725	27.776903957575918	25.84610078483181	30.024016315847568	31.908261536482257	45.51445356325618	32.994474522212826	24.930856115703268	30.45748428142116	24.276846188797887	31.82905888524442	33.5639098928273	49.27332726104105	26.107474175144002	27.52442283119837	34.139938140257236	33.085497899515204	33.191793842389615	24.00497277624408	26.360010449068472	35.196222964714536	30.607838888366356	25.368061641585467	32.58297655360212	19.6843660244361	28.604331486490434	30.402272001900005	29.359488954877715	17.940635961938188	38.751524116651886	46.86624416233591	25.776048957630614	32.67495828924825	38.94501508954136	21.70033303463969	36.34583379315917	40.29699611330223	41.42833274802147	26.759841935826262	30.697636877655217	28.971852960090448	30.62140630505914	23.989591498252988	29.042657368284743	31.22122499724548	36.79465991423867	38.1893686352434	42.525344219198175	31.67232282609652	38.1715860264913	25.817506862180416	33.8157082434219	30.257488607036812	40.63154175580716	23.09240839979016	29.105788147859673	38.80757932526971	23.3850557976092	43.32709654647325	35.54790292055181	25.731032406225488	44.20747665480575	34.89219513459244	20.317605251215586	26.375064696212117	31.184464071312696	32.26269507325916	39.877080160918645	27.70029824561875	41.12224302598731	39.53928106373676	35.47183290723845	42.15382876867843	30.05708805274232	42.01959497556069	32.76386275484683	26.73201778069154	30.42150741123286	27.926841945638	43.4292834962042	22.2268083350007	26.970183063590675	22.187079269127675	28.09397741232922	29.28017330091993	29.507428549374534	33.51222608537055	29.209938437042783	39.39773641114041	34.91733967969938	42.09889205720457	35.61010469526394	31.166268895037096	28.513838281759416	34.31122574192009	35.08678380198095	40.55883899233626	34.458913426899436	36.59819112411732	37.14270147004255	30.923470169357653	23.94951116770618	26.591602362000707	32.368148177934295	26.248790895724888	29.421959022367183	32.274982069893944	39.99932679699074	37.251088742330744	33.98944580068312	37.14006106869122	34.04701779997978	35.06834381974932	34.59353319481491	29.485511704584425	28.33676866796522	35.68994362507545	28.113990699057368	26.98314908109217	31.06119277262738	36.096008924337006	27.588680223203983	22.479700941406982	37.31170364572878	33.54315224204545	31.95019589289413	21.29260497739349	31.035061229571618	28.256874335628407	22.476900281273757	38.85030645455957	27.18066751346887	34.96885282871494	31.774254038248834	33.24612743081219	32.337281407269515	26.371061931126672	38.91812044222645	36.79624271548922	28.92852965851683	30.098603559891554	27.797039362043144	28.68705159226184	45.49728191007369	27.300839607118863	35.3947858487214	24.004765917264724	25.410163123648378	42.581721719734965	32.142177181626394	29.202481520520447	31.700358417946656	35.67732353752974	24.887080999512975	23.05224902283649	23.852249607639838	26.871389192329435	36.722594377528914	33.26409382827427	31.830402473104822	29.528827122206547	28.446723216853528	31.019529905522905	22.432682877261232	28.672742662317617	37.23324744526037	28.516011249016426	26.05938535689075	26.02980378892668	36.13799251566733	45.84302834614526	40.81614360421157	31.539867784331577	36.06458860393832	41.782630263950566	39.383221891347354	23.536197188114603	24.386962976846743	35.24105123225615	20.45002663199826	21.946143697027026	41.468907801163944	34.58368250194718	34.658096480786924	29.66655765321403	40.26744514387717	21.586812529343252	24.711544859004583	28.848725802613618	35.33815507656639	28.749175922099703	37.52033986614243	34.29325063830513	30.904650569853082	24.565481962954646	44.30341154257431	33.123896159993734	26.968072744833652	40.685222445465484	39.342092254824756	25.76479032880676	31.20424871783307	29.190008705076036	31.62088450714752	36.731768105029666	36.9377494575246	28.898699150698583	36.27672859468301	27.794449417543976	42.460124572008446	34.988320593367575	41.17791188919815	33.98474478019838	38.80724925315849	34.48043640849128	26.273266220133507	37.389818970786266	29.890485260614795	42.762418520995084	29.297170536571503	24.86760933533863	31.07226275968109	30.159071653858987	45.8640931202357	37.00924421629515	28.357351831815055	32.04727753700106	27.160381795651553	35.36385334893572	37.942269872483	37.71468953591807	34.4258315790454	53.08329503587661	37.73034957146891	30.1930320642372	27.855480586126436	29.82596572885504	27.570875777111645	33.243246918152686	36.73774065112317	37.72861555019584	28.337577308239712	36.973984519269585	32.914513359998956	21.505392247523393	31.21917831532881	44.69466418170381	30.423599860742907	29.761087009203276	34.65709108781481	29.613702731371372	23.871628323806934	26.97348245261095	30.650724958731868	39.07177071392023	31.849883508712104	30.513767802445106	24.18680005341346	26.877959210252364	28.87202886244851	30.906880880569854	31.30624633851013	39.42859989366583	26.062721046340947	35.03747985122534	29.097357167036378	27.614078425994013	29.337998639596375	38.267271261832306	31.94254767012547	37.171673178007495	30.995796457205696	47.34916814828317	31.227711079934917	27.001921664017853	29.459488026929225	29.61061901332859	37.134570518585925	32.043449606827984	20.015606777013307	41.815906742489126	24.272675940084987	27.39623115535548	33.0247664205124	42.01634960003443	27.188482487792026	31.80487328715636	42.09497134629315	33.154547958422974	26.488221183981594	49.761254466613856	25.520085945306956	26.120327110083977	29.727311045337128	42.14241416288531	39.4893865414192	23.254184869408515	32.556916318713625	32.06503851427634	47.1739376730842	38.7668773447519	31.460618309062	41.84525517768138	31.40379948081733	35.24341086264506	25.8845666833264	30.702240811057862	25.65240705128159	32.93710985920611	30.176691424962097	39.56924013990506	47.50074743562868	33.47185643730042	24.991714444780268	24.975601188677082	33.19391260159333	32.37724158303844	29.67926492916513	33.580854571888565	29.590618227827058	28.34038670362205	29.74932577140033	37.28015881639319	27.755097681339496	26.807325725516503	34.51929236366569	36.20513395114725	36.546442883637766	28.340282629620308	30.582909300050748	35.832376890516116	39.68489767590882	22.84257657056485	22.868389188093204	44.85794519800803	36.537298258949306	32.3619461262236	25.119932511113635	33.018257891208044	28.311892970010618	35.97194138331958	39.89903493425313	42.09009875744137	47.17668789088801	30.60495665757625	28.15864960082891	22.561729101296486	29.48677566678779	28.296264521621648	28.284930931450035	30.116420856080445	44.62116759740267	25.302607173990783	27.255261065938782	32.79462271376966	43.27002595782005	31.181907570316117	41.75435688660107	27.25070048373425	34.09189419773242	32.030786220614786	38.70723183798163	25.457007030126505	28.755250739165998	30.798974671213447	29.429070124111743	36.45283887346338	43.26607854367045	33.700402682301004	21.99605426531012	38.86647621731839	28.481449933181377	34.77815762504623	47.59743744217677	36.99961025237765	30.941112332872663	41.31200606065434	39.25861205804158	38.0924104778652	32.49077292729246	40.954668730134365	32.268807355427796	27.121339324596025	30.469417710974124	31.287108867707317	24.333011237449277	28.8869450489422	27.093906077952123	26.529182878991353	25.961538840329577	47.59156510629813	32.61407704159302	42.66179963911338	37.600557654708204	26.325416685016414	28.1966440945098	36.365217044212415	38.69893390220361	28.56391212709037	28.46309687428392	41.96612859509538	25.662916134919364	25.680714346635497	26.931861279450636	34.63235076307643	35.15215372784371	18.214891326675023	24.73244701014712	26.1095713400879	35.04670985169527	46.758085907307	33.677121785818294	30.54342740690561	29.479131666365685	29.56054152648036	21.70405506168962	25.58166578060836	33.79007956103116	36.593604569000945	43.74439559524248	34.79728403302831	40.6806679262587	28.55581177772132	24.516917042143945	35.493845643252136	31.789462731791396	31.017272488275292	44.95078349276541	32.95163812388657	28.668918162506454	36.664449168831176	28.035241326770063	39.273742455032824	30.755814808257725	24.363325896546954	24.770130554105535	32.158512525356045	28.137253325782417	41.24712907442643	26.481502207407406	36.513695584171614	34.14119341665854	30.02614112481085	25.000019393149636	39.87433959426635	36.76169400345676	32.227247498581114	28.285024923510313	20.9511381880785	43.212662729636875	26.75502326294402	25.146898963466555	32.69376750412389	32.62628518604559	39.96344468665984	40.9612041888137	36.3473704887153	24.100312039355273	33.29118926174993	42.753951044240765	31.08335217443786	48.21208965671895	41.151947913289774	28.62299503313281	31.642359038446138	21.949150237602158	36.53802937038856	29.364262481151034	39.29409444354607	50.291266376561076	48.00066000942858	30.147390293900834	30.22867080398684	36.88400299303072	29.801596149126084	22.796573510276858	28.811476932459996	38.07527537987685	35.743691768376706	27.87248442513577	23.78624489514723	24.950363637149017	36.488490242487586	37.14320042641483	30.55326313243265	32.23710624492915	30.127803467636937	40.042029697113804	30.539745736766044	27.599068150259075	21.777317125511395	42.41179730649072	23.49908769104687	31.01737260247932	31.70548461870687	34.91183596974435	45.341268847622544	24.82227094786297	30.71964236472482	36.18908779408055	48.33201694598248	34.968885729878295	30.64864908422873	20.6691908360933	22.114490711802542	30.179823443548862	28.895084573716204	35.797290869632995	20.675925793244993	23.005121095251965	29.20237782090931	35.14858434443657	38.44229398638684	37.373197115576296	25.00656306236315	27.9506849808164	36.9240226226845	43.33023790599967	36.525838973817045	45.2753985555956	30.157027252129367	42.84373645373179	20.525354355223104	39.123639995310164	29.6046748210625	25.382610051366605	25.750866167987144	44.54351046298453	43.23060937994752	30.60709632133266	24.96908825485016	30.589883253003446	33.57040630781938	31.878381541604135	32.70099225403676	28.614182072163178	31.943242707174615	40.215852319084156	23.882097953173574	35.72008692230012	26.487996532905523	32.81868058509767	24.843765079111108	26.812309961669126	29.569220428254773	36.017896161918614	41.44802692257645	42.07369908692068	25.82946170561076	33.66629596528673	38.380251612437384	37.33685754317627	46.2724257762376	31.08971565692412	38.94439260672524	28.974266310821513	31.021438482829804	31.185141783850593	36.906888122312935	37.352844234322795	31.15350403903333	34.62666997751407	40.049048818164366
G18	42.69655107108949	36.35070258229282	36.27340678280519	36.62467491791666	47.23642666808201	39.612559703631945	37.56368900377801	48.27701925167745	41.14155673524956	44.31269995833633	40.31887588453266	36.76221897709624	51.969592064936904	43.02906438152431	46.94294530732359	33.09148445360075	39.4936538399255	40.635506856790066	32.25491264116668	36.174832005048536	42.48832772318443	25.234635056439174	43.32404577471215	37.907857253389395	38.50302779922873	54.00937906948657	51.07683578440507	54.71656268277329	41.319857201341	45.29747406872497	36.535565779896245	36.02432512051347	41.48549404455087	44.088357926370264	36.51470151581925	46.77705106307236	38.20667973086367	37.487181109228196	38.63401157040373	43.3137028240604	36.36923788390319	36.77476647473184	44.6533867175911	35.453004971011744	42.33990740470089	40.74592828543199	40.32469588983456	39.90714724899959	26.132646601088112	41.9269153408665	50.643279275696855	32.77002543901732	36.94653060319014	39.99983351853081	38.974845528534736	27.364735627443167	34.797350820909465	47.172989629398835	49.307886720479516	41.57618220976212	34.00628953986905	26.468879815466686	39.803447532559936	39.62371939191477	47.663387147635135	43.24897956123841	31.672059628877562	38.61162891242521	35.5692254005498	46.82507753347817	41.9895114951662	39.663447266575076	33.25518456687809	40.76244510665323	45.143793061205855	33.29207720547267	38.34752495330227	56.924352839403284	39.41199665685083	49.21441538134021	34.89312440528452	45.863844234846134	46.956094268965025	43.89911561092721	47.81700800175745	48.2719914948227	35.35466989670958	39.158388728881185	28.66736456872009	49.72608835684479	46.88827735726133	41.621177500549756	27.752218315307175	43.28170795523245	38.137698621600165	43.58334844503389	32.16844788278033	43.42929886166478	48.056829430142244	49.60861701654954	40.25435020075371	28.399091574671154	37.98665811182849	32.858460083770865	39.91639749210039	40.47519902616398	34.54302256337431	33.91886022223426	19.322425527688615	39.21245070129217	41.70241504252201	46.648513949178884	33.77380701861916	49.15885061976201	46.189947361773136	45.13705335581851	36.207048177972126	41.84240490573701	47.3785177142558	50.43923798289496	35.17173546287204	32.073443848970236	42.53397861407345	37.512729411118976	43.62724399384973	46.014604895657776	42.59852621183258	42.24517390236798	37.610285082979075	36.16139423782006	52.3029373589581	33.996144734390604	39.28782381239697	44.09514994210471	29.642270589789927	60.045095144372816	40.64594319018304	42.38432570549238	43.24621610083262	41.62118840618422	35.33631737068289	36.280296757389394	26.105508595765755	35.72245187300987	46.758868603721204	53.32942528328204	51.020039044310515	37.42691159134856	31.707477554112565	43.22477930708699	50.07958566289164	44.665280907171656	39.85847820146069	37.08307261857547	49.87277861454344	41.38338399236547	36.67341961426667	46.127018857821106	45.05769321791988	38.283038773474445	29.460962079590875	40.40581142636233	39.27078061020843	40.11753919102664	51.72031998589907	38.57450382846336	41.93296335036846	34.24320649726915	34.135085862148856	40.07880357992974	41.97502162369894	40.45390502159605	39.27630109234974	44.01896145767399	32.39188573622264	38.7396144296303	40.686664919452134	39.33445934610248	26.03945765182948	37.059372808969286	48.9964130161844	46.179511755672536	51.43126826867546	31.869311284778544	42.64706241003022	35.778243244189035	39.974648145827	43.40731623872511	42.70194211210154	42.56723631739065	32.97814519018928	47.600180765055796	32.03084460785842	37.936637499364046	48.795461974186125	41.785457747033526	43.552644047253466	38.66901876559007	37.81062689722178	33.590858948421065	46.15033915074287	49.27624048603194	43.98737372957325	27.835682944563978	57.469234809237385	20.587448750675996	33.699552513610826	35.14168229233476	44.828216369964835	47.246439015354966	44.91963593162761	39.20134359441106	37.58121775413231	46.589654754267706	35.48837767281132	34.86674068860918	48.64908622053519	34.73729628447752	34.32475012741282	44.71497671680766	47.553601685702844	40.40061635271889	43.16319989202862	21.092528236506354	39.429442766742035	33.82341261458766	36.75284642366577	41.20980104016166	41.325964310318	39.46352120661806	36.472848457019126	44.98315740150362	28.388091664099914	44.558647682359506	47.34370378596964	50.02069065886151	48.28883419610622	31.860534780796183	37.01229613068504	46.02583189257401	38.60313932020683	31.57623900329806	45.98247814332419	43.48783444805733	40.93132869671022	36.049533539960194	36.336454499623734	35.36393279775265	37.050559231034775	39.24177824829526	45.43329360150564	51.1390861981835	30.93376423541458	37.161158202812175	37.74111103001518	45.006032237049794	31.91367583659202	29.929497607908743	48.21101329646153	51.48496899078801	42.635925164236276	35.83207413370466	31.252034113975082	28.5743950895143	47.19826025891117	33.83015085010054	32.96702544904268	48.38587228551115	33.18595147173695	38.734538592107086	50.395571678768775	43.06393069242558	49.14293035987801	35.82842867537286	36.69640251657906	33.15645480989491	49.58502647850532	45.01743803773984	38.408639636503054	41.720042236665556	44.88730958470851	35.74202744454637	35.721736316028874	56.46244848643867	45.91678554819251	35.89756026373552	35.18822898812378	42.824774442501926	38.769612501093235	40.11185938049754	37.54850941235631	40.21789510890778	36.55282733388577	21.23753408541704	39.19425968192884	44.13078843645797	46.663817848877116	50.88678646891354	41.55885225465627	60.5566475027918	35.63019439933344	49.610555019054495	30.517046664564344	33.28599910263067	40.30032976544743	46.214573045243014	38.82724441294504	33.0881175038725	28.185202652117137	48.73073454167891	45.25020522386158	44.94387250700963	30.774135230889655	46.944390204986014	43.32817599953704	42.54827195007233	32.62085184533127	32.61374311327681	38.57326511644469	53.79107763535643	45.51472479579589	44.0083859558283	42.24984858328005	39.33965132489142	41.80615767001293	42.29779611647225	40.9831009875094	44.7664034596491	38.872898898576025	42.07993571559775	46.079297805189974	42.69881976091631	39.067775016171225	43.487678471381415	34.06112172670842	46.35653620598291	42.64957710231289	42.6738714245808	52.59062349263332	27.65383514424871	38.17077363092919	50.65188335953076	39.185272314415215	44.82449221268352	37.26203848686346	40.546989812188	43.05178958975934	44.4021034122876	41.61697702688343	38.916179656856194	26.942713239262993	39.025167303162625	35.15269546160497	33.11142923699949	42.00426897602525	36.90510857186766	45.98148185267924	43.56545926720236	38.154123439512766	39.338262388989776	34.53477509193262	52.641034999841395	47.09935421761473	44.553806181539734	36.39148270506433	45.41598597029775	29.508681783325503	46.84403175302462	41.416257028096496	41.057940996854974	39.19661394382494	40.97145614929739	40.67587438988459	45.504020230395625	38.64210006087857	34.35612768879191	47.644218248270775	37.303338367525036	42.00333033678551	30.532545253853247	39.31944918785457	34.092925700375865	33.521015426565924	37.16367408727203	36.039858134075004	34.88231285330434	41.84381677702325	44.75340877638435	44.001456721011714	45.96225545795159	46.03208815091105	26.00222848520266	28.45902019104303	37.350738702589275	42.459363022317355	35.18049853495882	39.130928341761916	41.9514730994901	35.48016187671941	33.041771081736265	57.738693119483436	41.276420426936866	37.01166902763162	49.22965719337397	34.70706588113938	35.00881923790126	42.60422404694356	45.687242249621995	44.00654144722125	41.290955163629675	50.211238645763274	40.067403699504816	45.23580821636731	47.519618248498915	44.33608797222874	50.15041423395885	45.24586501205616	31.643291654061574	34.536380307076726	49.609024238819636	19.493814116025362	27.341240204736703	44.52286450531488	28.560607623981706	41.020510356347636	32.874238245013146	35.638505995727	36.43607329607235	48.17406410677678	38.05037893339435	43.47793171702661	45.06913780348355	45.25736446725782	39.75699291036444	43.79151436663328	50.10947484727059	47.896519614312965	54.95991314520559	21.22888369366037	50.41978123348478	34.80862948077484	38.50468640032062	39.59846646598849	38.369008225925654	35.27235590484123	41.295409835491434	54.01061160306556	46.06759895004239	33.377644325194865	40.340711197961824	31.9716441152158	28.25855660134271	34.343069789829315	33.95769395480049	24.803083459102083	23.272327893856723	46.85980279176192	38.04564736625339	43.11643419860365	43.0938436413384	28.18093636320074	39.253784091165635	34.999030383694425	46.85214516057221	37.07292564569122	46.75708825889159	41.734123454075856	44.38766524320149	40.18459127986423	25.225010112211407	41.492562507561736	37.55274473057168	41.81098175155389	40.70153134728095	52.10767809622549	42.68967430402498	45.55609815602862	42.15174102581978	30.27977311829059	34.875226431695616	45.94042636578463	44.98588137476067	47.52254060736627	40.474354242805006	45.88564771662298	43.079119031382334	39.10150583098477	29.662505024280232	37.90229167881993	23.719009786236274	40.681898008916825	39.12468669579592	53.20733528855417	41.71558451213489	37.31651024826165	48.676768363217114	41.74344807521406	50.256972102536466	36.54205588409911	38.19517199462257	38.973489048593166	29.137653776995222	31.669664250805035	44.577491887650005	35.442281694289726	40.299192265419606	51.63116836487097	29.624337094555806	36.46437586878463	43.5036228675536	42.872450477135075	45.62421149439923	45.11528091010488	35.65290433648626	27.498629305084307	35.975271206334135	42.65259578614882	43.520990773335754	46.62017122053139	43.08463505933934	50.64056047250808	33.23300022419003	34.07448930888508	43.16446396728748	33.958110326927454	39.29240850767208	34.692650931574875	18.604824739996996	43.25975366547813	47.20247349420854	33.80378348986611	50.86605997684033	43.41964100698901	39.58963820271298	32.67209869516513	42.864648154027826	30.570775242172125	36.77057573189985	41.00897332553008	30.11862648088436	53.27379703457004	40.09857722528395	49.093951619428324	46.71320838950372	46.38622271146927	33.800484518655956	41.60566909625981	47.40636984163312	41.413780766498725	37.96422346157293	48.00949494001999	47.30132645785207	34.137856135510525	41.50907795263748	31.8637479584315	48.8622546515486	41.799429764938075	47.092508613244945	36.673822094151525	41.629227160153576	40.65111102345658	24.99844586209658	36.262934100489424	47.45061258189909	40.68163609631859	45.96067130181616	40.28695823410191	44.480305149115146	44.463181227398955	42.749602938990705	38.20129062630715	40.961828152553736	30.442276313983147	35.747659521346975	41.03839839826025	42.73912541290548	37.974712098861644	29.245230416680545	32.719849405432875	46.01646833657063	49.57569380444366	25.585160524078905	32.014950389579695	39.67804343610969	41.98717555137158	31.27507997740443	44.160188468438605	38.70742595866996	34.11772981084482	44.51967985828506	37.52134532933229	29.43841038819541	32.618707301838846	44.79439803598423	45.621621421495306	51.47913079524229	39.52689036694041	48.735391101127576	31.575789378982833	29.443416649854417	33.46830917126813	35.23019572583818	37.23747922740362	55.601351884646405	48.84782280798785	40.83090256124801	38.46525583258774	36.66651198623003	43.20175709132066	45.550745977827724	35.42390206707783	53.26056778078468	37.4789956603054	40.07994795290847	47.96172137114494	43.627219754572664	40.46771551744683	37.55263509441649	28.94439329861313	37.80283243139017	30.953779153200944	45.15586997400239	46.829366114546495	34.34050837253183	44.44005922503595	49.70634770820312	37.314838534643975	35.90865879127832	29.969814160693918	50.03976394049262	17.78196495271041	49.789361868385335	30.594259917355465	36.785636655438445	45.85834396328836	38.880919526003815	35.26924741141146	39.79136619442916	41.16556270548841	36.829116766004134	50.4595195558454	40.405699631458376	48.48410465692634	45.00973003943686	39.56730892849164	50.37945846636938	36.50685349911958	42.69770253094459	42.01012698261404	33.653600481273166	35.70549400368118	38.88808345032528	42.592859990585985	34.56927802493409	42.03027155530252	34.0829193599965	38.44723899859558	59.42784354921293	29.083339059507455	36.942700907694906	43.45867372169173	29.757508361279662	35.697541106874034	50.326807770847694	31.432015985007798	31.390198483733585	33.19812503067691	52.076305445400216	42.33607888360037	37.147378883097325	42.85294881061374	49.88558650324858	37.844887656750394	44.48924651364072	41.438580046456615	39.946913526707505	45.30060871416215	28.177476884760264	47.39545353209047	42.865058503533334	27.4910681163826	46.070604789308575	45.01075832654692	40.39849042576443	40.338610235564865	42.07427689706149	35.28543239267166	36.81119709850361	29.874452217518336	37.357692821215785	39.31181937996989	49.910613132971	37.63073178465683	38.70366114264354	33.39586478910182	34.86560264519389	43.57323711445153	49.61504642768706	43.2657670309257	43.063609869505974	25.350544189694727	43.46829262606538	37.04224625250976	43.57048153413059	37.243329260089844	33.650137998145915	37.25778948496797	42.5173841741323	41.992943625737325	39.107500685073255	45.377047583751896	50.075726288142015	39.60748444285819	48.86635197956745	41.718538573524	30.52228713900833	42.782800770711084	44.89491766128703	38.48722581143188	28.190785480338093	48.081644571263396	42.45972474914205	41.04177162211864	48.47021667819973	30.651734515213406	32.39106353057582	44.88699642747555	35.49456703980324	44.23440891005131	52.74414439558102	25.258218422529062	33.76695447946099	47.31835649566122	39.39289376669819	26.603443676664256	55.81101461932092	42.48431770119994	43.36412857989842	35.13074975285557	44.156867853629265	28.822554343297444	53.810090793652265	47.75055207039347	45.3038214827107	36.46064895816052	41.58320117622058	41.89110556175313	42.070131310415405	45.53934621705223	32.882339787972995	14.960380554082645	49.16398383041844	29.08965982962371	40.68092551703669	43.019391974041135	39.655093135519586	45.12748797076934	22.938116553791744	44.554198824430514	38.92559051436893	41.439087644311336	44.881443549225246	39.287469940803746	44.7264741314677	42.834081229571886	24.655383232009	52.17632742293444	32.19035446696813	42.44363633971096	39.75701787001466	44.46382719655326	42.73426020428649	39.745889764332134	52.51297217174161	38.71595892820824	45.72140500422784	34.4734335331233	38.60193464259413	29.213602046055943	52.018957538808024	57.03696554878785	47.54983984065233	45.1014856338502	41.918052010641254	43.44624722503046	42.39423134627767	42.99502176658536	39.103826804404974	39.123324328882134	39.946661049271746	47.03871256541386	41.5191107309007	43.6410051984405	46.07961541963128	41.15861654642863	41.59584611749736	41.72538835022893	45.65614876408014	37.9697807093643	33.25022961995862	29.975049777282848	43.81982118448325	41.7909291088235	40.2404614311351	36.13916281053372	45.96119583845741	41.635646512342085	35.44575685726103	45.07721230961588	22.209977751898556	25.057674132171925	46.11181589206113	32.3060633652821	50.7173374117984	38.89710222778176	37.04406161616249	47.04938587578529	43.69146651431789	40.62316084972135	42.864571892137825	51.60689034305336	37.16458128014615	38.919124924960094	50.28110815749786	46.61358381681305	38.707204351685434	45.299298064803395	35.11267761968953	29.54265396816554	42.61587595394979	32.989367914711956	43.205489938292786	50.25576643255177	45.45859748449993	32.816649906297854	33.458425174910644	49.22682547575928	34.9782601544934	39.8843827670124	52.26935803116581	40.44847210829178	43.44174436557185	45.526334946495396	40.605536096049526	32.69535582384749	38.02924228514346	46.80254947275215	51.46185229284238	29.775865785591936	42.070209269371475	49.01864737846268	30.689072591076787	28.545250935821162	39.347583478916775	45.915600381292	51.57849440331526	40.91152026936735	34.76132819600516	46.378670678128316	55.630218772388275	35.01777931353076	35.545596348554845	43.8832694264951	41.478607486633706	46.89672711202784	44.937242554714764	46.78243976500119	40.093270363692604	47.10665665130813	52.48884205309042	37.369947846355906	46.0376880607333	44.904322982040675	42.97044708798436	34.92591368610574	46.25532575248937	42.06651704200402	36.58725624981156	43.27465372253853	41.61724503767676	36.7644117299159	48.66216770211576	29.331723282348158	45.565765363081745	38.853070949341806	33.34653115335963	33.403035258829114	49.55253029184365	41.65807721288032	51.3749167768173	37.17717859211067	47.17675761693229	40.52721402542663	34.69949026540347	39.19589093356553	53.81178198410254	32.0981808944384	42.09681186417615	40.474702782514505	33.47856856948005	44.00436779883244	45.86379542182009	61.86433394722988	46.137610532301245	35.993438048435664	38.35687547000886	40.28589928254622	43.799074299945715	33.84947243300941	40.00594267074185	37.84709190666969	47.30248233428408	41.44211314696977	37.213373004891274	39.99424013940931	45.913829142875265	36.1645365164708	22.8366240131282	46.45437021082195	44.844280891097654	44.57268581213709	37.458269347469745	36.977163107318916	41.68622769955813	46.331826249337034	49.98300716745826	37.566412000748564	34.12496568594654	44.408985070770264	33.08791285338749	32.00776904735533	35.15684821893502	47.99858241440635	38.7931812360558	30.85916096194984	37.14530824094483	32.654059831048194	42.35989653596602	28.340029128499463	31.808852102954877	36.59070793000485	22.815914741361087	50.615664090715526	44.80847823051693	41.53794783792967	24.946144056907254	50.721163830964116	37.95470175385304	38.0694194112495	42.05239176814677	42.028458829571704	39.07767338489178	34.69461008525715	45.121531396343556	37.29157342009255	58.103100735495794	47.936008641495945	43.98496432135858	44.28919873688842	53.28726974078516	37.84341362747906	42.752853033269815	51.5623363111872	35.960449601141285	40.919623945804254	34.86054443073405	26.707007818569103	32.257276361647506	36.46839589423626	35.43009095007926	39.54060760146419	29.427713427769177	40.94942055548582	36.70751370984916	46.937496094166306	47.7390923580051	49.78211525259022	33.81347725335715	34.387089617967	41.34318561089093	35.70823790303176	41.861725680809165	42.33856098955819	33.33410034235123	37.53709599021413	37.345715791455554	39.049792867544205	47.95769679215322	32.50839859660772	44.91922704236058	30.94947403417322	41.609549541959005	31.278338746711807	48.72987430634035	35.392028894507526	36.179257593473636	36.65199774599825	43.719718647491646	36.04991629156047	36.75547184761195	44.72689706998401	46.88630704471791	41.72895573214145	34.35066774806897	29.255685383043264	42.964912834398326	43.96424175936076	44.311331060359755	44.41779740332873	44.15126605723056	46.08171419479704	53.965407156905826	35.68496580536698	24.16794369012639	45.186831747089336	56.38416366574606	31.4902925859894	43.24342236396894	49.83709398398472	44.10743013642297	39.36138525414053	39.30778500119936	24.32286788275695	39.9595589675486	32.84326009714342	51.916205351161935	34.71103107366041	24.3041877103615	43.26879131585962	30.85783105055356	46.00895371822783	33.585152466757215	40.696980546090366	39.89747709503692	41.78760119516257	32.36779037472272	45.72929524600405	41.211027215363906	38.41374609706688	41.211205567722665	39.94288593811069	42.92877125920304	58.69730769103415	43.77739995308021	35.289401825877825	46.87814725769435	39.182942489314726	45.31685722601805	53.63941921457923	26.763384348486063	36.61018972698631	46.49761348240232	37.542761370510554	36.41697195713976	40.32231976892128	42.96253205701944	33.25300162008377	52.40686715558651	46.60379083967185	35.05496664506231	41.738900506664216	37.142627999122745	49.321700958740834	36.05762618255102	47.07570595825993	42.65276531896498	41.884540928446505	34.58443828165219	40.51159926181335	33.73922710071937	49.111544268070396	23.290336023152264	36.04885163279037	45.140839380375816	41.1218833906568	36.86099009194125	49.07635534258615	32.45902507345477	34.5357099270521	37.10012258418762	41.82447107937495	35.96368338160138	45.430073627576895	40.906705031949784	33.918514501016176	49.52508563332812	39.867062707088145	37.207397060637334	45.3557811645611	49.80114479552509	43.81635715865625	40.177902268389886	34.31556405244648	30.583757910387757	21.61459646705128	31.240825720343263	40.563919946922134	43.094418008121025	37.65698531343912	42.041465132115626	51.90368894046071	55.13242700104582	46.73818399931825	43.262656415714886	43.23038144144049	37.836374103587566	43.411081753532514	35.31559284096375	41.56854951807477	45.8649862927043	38.168696204293	38.75963039303999	47.823593893675614	39.22956156022545	47.16492122763638	49.139415750293054	57.01598195717558	46.27374996436151	46.933855131338255	40.86848406812538	46.004104004453616	31.02097478119407	47.52324109525094	35.24661769062742	49.71398512242882	48.1176911372849	55.18747201167751	34.50850344743698	46.05714605259625	26.973947272969873	36.903498087249815	37.09803983206507	40.82245238561266	44.32567042850503	35.42310588208665	48.51858554760565	43.063167928922226	39.849840994474924	44.55270882300159	40.985785418488526	39.644724560671364	46.632992789208416	45.035770900905575	33.31821764203017	28.038750446750946	37.950001927627866	46.80473768653656	37.892032243437775	48.227940151852906	32.94342022115752	32.98355347702948	30.755980125160175	31.877238470690035	44.51793868490608	31.80019289539784	32.98982611112715	28.84518977730841	41.82229316181178	33.61464602891715	48.305985181873915	49.47466396230268	39.76993546853863	47.42334980384502	43.72082352401334	36.52408306831431	45.74701787588364	36.63141084049656	13.718301755563413	40.472892161974244	31.071667018497745	50.57188940529696	40.78245335445574	36.93438830598954	52.054158480895055	46.791589370835155	46.9054958075853	51.13965413574502	39.03886519513807	30.929495591914	31.704972005303237	38.10797308804697	38.89429402840103	48.57864794942401	33.53570040772611	51.97616071114032	42.91574839522795	51.30603494793997	39.936428110846336	44.17666860063105	49.0732333903014	42.76296831473475	38.216351194279255	38.39535555913215	44.34443258893611	35.72967737775501	33.63897513078104	43.63317499014309	32.675726067989025	46.6427810380552	45.35238388523987	44.8790679730081	41.277324818308834	44.79235266732248	46.910242746856326	45.77638268297712	46.69095773798069	40.32608564817047	45.84069838386178	42.99954305076773	33.62075059851671	41.67102572352016	44.07782223414435	28.843543440794836	44.13644242263083	34.6676760603124	41.9452821306741	42.39539978228798	50.631057892592914	47.60562792283569	30.527457458232178	50.898745729007715	43.98874012060773	42.92278574358119	54.39783039395888	39.17604033107663	34.156610348883184	45.57730022583972	41.612202620692095	43.30947854238181	37.43338553842353	45.971495902540404	51.65693596581628	39.95965897452058	32.53255237101694	48.62003267949173	37.66118728855368	39.84758025327961	44.5201466865545	39.80089293343086	34.68224228541018	45.761330019168156	35.73348245040289	37.274297775961685	39.02683820800586	43.081363737556806	39.764430843043435	39.64133986321913	51.54553795173851	47.48054887095174	31.349605020893655	35.96350143562865	30.140145454964497	37.02116884778046	43.50891940160418	42.49093152566049	43.898014655755894	45.65312192951978	37.26502186080274	35.165477964916974	48.31627085534512	36.54135589371022	42.53689182242435	40.27710003063241	47.63227121335061	49.283890180713385	29.377586917610127	42.5690447430884	54.94080963863348	37.5518160736525	37.11729651905552	46.99832012628574	43.5698239806094	36.68363320836109	41.386115803461585	51.57669715178908	38.3922311430759	40.52199975786118	40.67218772209734	38.043021820442	38.187887732890374	42.463505064252665	46.32031721974841	28.462556557818257	53.31182402759269	47.928092459177655	47.54109071747416	41.819704643270015	35.96564515735906	30.382816380390242	42.34482286960731	45.42139136785922	48.29918083121595	48.16013451867254	39.316038529726235	28.126432569484027	33.63955391280197	51.01969978174177	36.234539982878566	37.09838755014958	40.09346966554027	33.78455576171775	40.40277855188844	40.23227254087564	26.446303453984868	29.205867339847774	40.55268684457322	41.79465606585026	44.4129548836112	36.962156498653954	43.20583401220475	49.933127826991885	41.698067894488744	27.439767459023678	35.8578103934471	52.4862533247935	48.536561156369096	50.22661486916284	47.21131500446536	38.45995379708175	45.22026153891646	44.03123756959213	44.77154439391117	37.45248767564868	35.00128000234987	41.570592290643475	37.10241335930331	58.094256528086234	40.414643723481895	33.04375795519783	34.76528641002754	42.41594516059249	33.583927976293175	34.63007413038053	40.09737371238403	37.74903953714059	31.268364650478958	42.17295722354235	41.642724889801904	36.466526969656016	35.04437542030615	51.551777831482106	52.39712820514082	45.302813545416484	39.53968368133377	42.66475628902504	40.518149970322824	41.5378207477662	46.19743645000177	45.16456445929649	27.054010934200477	33.45359450699519	35.412018035470304	41.03936314654361	30.730735553978523	33.7902070147788	37.96984555868316	42.341091317293866	37.78065818180285	26.068272488575097	46.76506729681165	37.266108324049945	20.64380022863228	44.157678904527415	25.143234327443057	45.35670392394005	41.02407966075319	45.25919716134033	41.98697791639002	29.024967694569025	43.11343905427707	50.853374258347195	38.04919618371124	50.43958470700041	47.77298744506442	35.501769345905004	38.27933683012089	47.28397751742173	30.576814579247024	38.66217299829713	47.55512354369558	45.97320707736155	34.5263750829247	44.64015844235392	40.99020804124699	42.43507561115695	42.73858265227461	46.500787042226726	44.193160679276936	45.10722034024858	43.40784985702586	28.16492928145648	43.51827465691162	37.50953501039202	44.56183367177806	54.825918777425976	26.954279146940063	36.62994232179113	46.47729580014835	28.531867563578622	53.86431082700984	31.54929434157581	43.440053837225456	42.293235881669055	48.32467486308745	52.77861781450284	37.5133744735026	41.62680582112252	36.45996599570049	34.5777185578575	30.139291825009185	44.227684841287356	43.76390913517792	34.766256583709094	42.18369970622809	46.20292396734055	42.29744041461366	33.108685916651375	49.006989830326646	38.63402091930859	32.04498664558759	37.25768679195731	40.01608612760223	40.71644590393037	48.5992338157244	33.592639033428455	36.324219863523	38.28268252862027	45.863759888127646	37.10027067979101	28.9054271574406	38.12994755810053	38.89927175290491	35.373920552478026	38.38386306215249	47.90421364440405	44.414759127609855	51.15343163369552	53.862636903881736	44.76424249819044	30.825359124198776	40.11482384295591	37.80803803398017	28.35576041381349	41.770000571345676	38.003315693331416	41.6900928347486	47.79044935438591	29.53043036394416	22.846871833442417	37.70733027156717	30.658553171128098	37.565057501682816	31.644147737539114	43.29779835409436	38.767803414602156	41.77764479312516	40.49205645113954	41.433053146797796	41.67298713888077	37.57333050860194	37.494974991779266	42.21495428755	37.654806546045364	46.89088951293375	51.78397714451261	32.07270378884865	27.75588459094376	33.33602211277136	46.68227462715044	48.3076742476014	44.30293767644804	47.935175668892164	45.492170045104835	35.02821063074477	32.84620567838191	27.24137547505396	36.774258856514315	29.44550730509877	37.449174232354984	36.74707864557996	27.42846927149963	49.92104518007508	36.75866529471014	41.69501788597175	47.86210456324767	46.51819187840032	34.2736295155303	40.93595791710698	34.78976063229014	37.00886750810378	33.59246586311227	39.903088549694466	37.58114756803057	29.811098547350756	38.284920708861435	29.562477856382664	43.10519936216453	43.90508558019328	42.996782253991	41.95342801017538	36.6045887754577	45.219224070414256	47.83244744412079	44.1291411625831	51.07711501582418	41.67026118752903	40.434275059293405	47.12831039600647	42.68873412288278	32.69468970757829	37.8099077686603	41.429691741308	35.63934806257866	45.6059082397995	48.92064668973218	44.85058375121702	34.20032274995287	40.63407900881902	38.73186220301589	41.96294495703628	38.71181663736484	37.329223685759615	22.33151650270869	41.749511406793864	48.73999793282921	33.963990818597004	47.2351618553307	42.51312654507053	45.11508762914018	43.00553210858287	39.1439200655684	29.970414459066923	43.16540706069712	44.763211755913495	45.49003944394528	36.54406964704198	37.65161322329374	27.499715489783803	42.07270863931087	32.20642934074143	41.61164237070762	40.49135850709698	39.07996884655449	30.985776778781702	33.2344626082673	31.225087844575878	42.814511008069836	40.09603632877192	42.19420172077036	40.1099544169368	33.56436196941446	44.459180471111615	33.12627987518705	58.53317092176492	47.35317470386144	41.18381775512575	51.154703471051896	43.87509158100077	40.30342292298678	41.229670884406566	46.14203678163585	47.26634606095003	42.22592990941419	39.39675082830337	39.93772474856266	50.10172709189536	42.00352727491174	18.729246290225465	36.03833739781856	40.80308976764707	34.98621197837819	42.069424018010345	51.67093692830364	30.923095348453316	39.80814328947965	46.336311430948406	42.027528595104485	52.350945613430234	42.15135903277666	47.448770293509774	39.25741134119235	39.33382481950868	39.259047639399455	46.130770371778205	48.78789223621081	44.146463038259384	36.20431304069413	30.885648352525674	30.675098852876225	41.73355474320633	47.899418546380154	41.199083567857684	34.809622030036316	44.42007809058534	38.286413378766504	47.87396586751505	46.25819495511089	47.056456612549425	43.75734311034973	33.95390902451909	46.31170191467999	30.122438417014163	49.3567960348315	35.40017283811498	26.284550553371425	30.31146998161662	38.49348929383041	44.42830502100276	45.12831388830871	30.855687095017725	39.72807381274097	42.060227607759046	31.92581552678218	38.10670457022819	45.35569787984375	44.358320400145814	39.111670262402896	37.435106501321265	46.353124719225114	25.30135501016075	35.0644638488943	42.75227224659148	41.46610421970816	38.96050510859806	37.83672819632507	30.159782476818435	38.60087224249022	34.97783030648306	42.722376893822556	33.994473999436295	54.913526822714246	42.68395548502699	39.32776287485381	37.83969889596621	43.28807119407182	42.01967099479785	49.70667448809912	41.41692218003045	37.31195412654677	38.54879060525697	32.52710693633079	28.51041627651856	35.24174305415975	39.59136537747873	45.963619273935464	32.47002904199747	28.722300530906946	43.49603477322057	38.604973257649235	40.02805354921596	41.24271852157498	38.96433830398656	43.616822498852905	45.176020007858114	53.57193895257913	43.554347559721116	50.31381874499346	56.42385007557341	35.71932896749408	32.84041080988057	43.68155220914237	35.192694576391716	40.215840167286	39.16733862275083	39.45069743602422	42.69449017303802	36.374403476728425	43.945712556019316	28.943343693993143	40.26234386549763	40.08183929528523	32.53737956029262	40.632797763389526	40.34582503341076	37.53932649761193	44.20165961762374	45.13458401097608	44.51058602917044	56.46758191920339	16.65898359054161	37.24910371723723	39.813518849158086	33.641051971828006	44.477195796868855	46.15937335571532	38.94879151021255	43.67208547332361	33.02371056455638	38.23426051087944	42.07747361487623	40.59624115351928	25.13360077208543	38.59426640871964	37.25218540462196	39.979866675969404	59.25713726117855	46.86053383894195	34.996201674137176	44.93454674538899	24.08667366743784	45.74908708403937	33.53689837370744	40.89492103537492	36.64456151995011	34.47798628247725	42.01668925206245	44.27740222421664	43.713315279553356	42.37525699333819	36.83051510092304	15.860595232070828	33.589645172676484	48.0216974846088	51.38675798505537	47.94933310653966	47.511353418000034	41.44465357419578	26.940332177443405	58.126968830514315	43.873952523073406	49.56308278904415	31.883524428293462	43.84547372898581	52.273325801110985	35.87884399435712	34.835826862961575	42.68673303753894	44.53671849290359	43.700797944777676	44.83315985894743	33.22892911605705	41.6785085893849	28.788857998119	36.306105855489356	48.539175077578136	46.2357296613036	37.216615940167806	46.33808342954947	37.27058418604654	42.72686140864163	45.87531344555202	31.919758615741713	42.49291161606334	50.494772928277825	43.14907284222069	38.72544505742554	51.08238567915686	35.55637200058009	47.79022886342684	42.32780188299382	45.05644426695697	35.99557502743043	50.700624619302005	32.13761583180297	37.050053727842034	39.59242992176946	42.3538239529123	39.07888661067724	39.594243778072354	34.76968687717039	46.83893317481819	47.76555964516165	24.17756166338171	39.07009233958956	33.306771674084665	50.84653976421531	25.489199543985148	38.55831525334821	46.46753083538001	35.616385432891455	34.97604892523424	45.703398637006586	33.810053036537454	41.014552199040885	36.36201616340583	46.475725922895485	37.57993046180841	39.66239434872622	38.88225146388259	53.34595941318886	24.2084189571669	42.24969637341137	43.85291528995279	36.739334388935035	39.22135953387207	42.77432762693214	32.582216414340955	40.03080200337478	42.98896817965769	18.84336242409314	34.610721328999084	51.44779221776151	39.92617265927309	53.29426135793037	41.13588058051846	46.0753996845385	50.16671887480631	49.228721308351574	42.90620209383299	40.937637956992546	38.5930568740414	52.406170442903864	49.3091123039987	35.02788162484308	40.02534031370484	40.09770389458451	35.7639823040262	37.06609313166013	37.14654039983974	41.215161698844625	35.62855381771626	36.779604979998744	50.745371011602	34.31339227761159	35.36026886408583	34.185932351429784	42.066314738534075	43.71778652767919	39.7456205376664	49.935545189380726	35.02286652046929	41.66207995606905	44.460883453849625	47.151809571258475	44.436946837	39.16547574498094	46.17585357509385	48.821159255309446	44.2715864683417	40.54931528629482	37.82602765147045	51.40225684340917	30.950199364747714	36.983052010951134	33.11171622972417	34.60067129809486	34.61532377285512	40.95555372915824	39.141521051133246	33.799047680584	51.08632463695532	50.33533896914427	33.083264460812046	34.08227789804662	51.1183225258241	44.172364577793026	39.63298480373074	52.54973251979306	35.78632767249809	36.35118296944977	43.02828307537311	40.10188251892024	38.20318182064138	40.48830499793307	42.70893180533546	37.07021047312713	45.034693044320925	54.66903451605423	38.98025471311172	36.85925468839887	40.148968606973305	36.368474823300375	45.0830507492289	43.44416969953451	38.82816104397101	44.56208845992345	30.88586897552223	47.33603266442559	49.47915189216138	39.37464570144233	46.92854932255993	43.12781189328048	37.98908430289863	34.896952430282504	38.76546691077829	46.543327568762045	31.511929106568434	52.734762729430386	35.413172620687156	45.35208414180324	36.931280673237154	36.815846987084704	29.975079329997623	37.13901971215694	35.7964307151533	36.59164427284766	39.76170665797293	36.796391273226554	43.554787258830125	37.441053607166225	45.26172910331075	43.27312374877476	38.994064323720885	36.00929154674921	37.497799638582315	38.901718424239036	50.759939828603045	42.607501735729166	48.059436077708654	46.44018909797941	31.497026519640283	51.16818250700322	43.74794836440373	45.19612639239737	33.691577576369966	40.31601712175705	49.05899368239582	34.70057815662521	26.87465344800033	34.01940226449308	45.36585903401557	38.58369907094458	37.59942133172854	44.2040862229124	39.519892776732235	35.21149705319116	47.59185582594306	48.73169455603987	32.69124380844213	30.05994310961523	43.96026782054802	31.135281468389856	38.80747749707932	42.77218005068079	35.66096804133815	37.146499451317936	48.31805297288266	38.89219078165161	51.75744557390158	35.540334844795034	36.693067818516155	29.68204941790742	46.591195766821194	42.47828347990083	39.55733475634946	39.0105055893	29.270805034172906	33.21689980920959	35.41007977788438	35.96408840892366	33.519568492482456	52.42694366881589	42.83156308751927	40.51800542491876	46.0231989606985	41.450235217912685	38.14054869846518	35.559677000163774	36.657840752023894	43.25171021243354	39.153701161210684	51.47969362105026	49.8124440905865	43.28837524875097	40.862081032141525	47.521984088950205	45.42884956609001	45.653895088566166	44.44658470843141	45.16734248970188	35.49653412788426	47.710666154862096	37.02490190302689	35.41376807878592	41.843095385149105	30.69187264451076	44.42347337169818	43.061220187830365	53.82790661280578	23.658097699186094	53.172143823717384	45.666554615346584	38.71179786896932	38.096242477351865	45.29627388276052	30.474847585228993	35.52443177037162	42.513008497573125	50.3203150292847	38.54655315359806	43.271673627797696	44.076723750260065	39.0869515920948	47.911147192705926	34.928119191127195	49.937308453047365	43.654916171974264	36.480904417414955	38.1413185099599	45.76281029512493	33.40487997322732	50.93937836982325	47.64214868270374	53.795217800671466	24.736492073947094	52.88591824367693	40.264832437750705	43.01813828712777	41.51015550081353	38.8923058334031	30.832285277096872	38.250370941392724	38.39648609837387	52.07045301070955	43.30806383008598	51.45458707108434	47.683426957560606	37.83241766735007	50.593725770781134	47.17509010421617	42.08086444367086	42.755449623053195	38.58710715017983	52.390324776244704	32.66649740273114	50.151699551375735	40.1339732241596	43.64178138419713	24.60318636097253	45.16280689990237	30.647272827700604	31.402687540977677	54.9284464084559	45.44481885423952	47.24798016168109	43.90814269649945	41.34663910788538	36.16383894285445	51.74198866032057	46.559087317280046	35.96829415649018	39.43657889623434	42.61194257653891	44.77750198753684	48.64583204877906	48.732275755676866	38.03149522184475	49.602309321275435	38.58766433897733	46.1137988610889	40.01108644212721	51.639961213267455	44.28569989245298	45.82881936542799	51.803686965932684	32.83192687976222	40.53738339494612	42.28935365218255	51.547733440202705	57.42689401782277	38.201712733849426	40.75548171656127	33.3420092612898	35.54916680109283	40.195360218195425	50.92483880430531	38.5997455621038	40.71583507120881	37.304122794484115	36.72243150659916	44.915503685743815	44.777663763007915	28.63749705785925	46.261647122277374	33.78934688652922	39.30819470893531	30.395757708160847	27.366883053451936	35.39066581985502	36.184750263191695	38.10936503282834	48.23450387451322	42.8196810201493	29.340302510835944	47.10579385357939	43.75314399433051	35.613288482764894	39.24909225331438	40.18886529880676	35.70999854844487	36.00287437368128	40.28385295704911	31.78208282329735	36.373487582794304	26.624460035914574	29.525987193646685	32.9159629042033	41.820293791051476	39.35745867628889	35.039298704963095	63.71977025407772	47.99862463978237	28.781432553349603	34.24537876122964	33.35122775088651	49.2374935445142	35.06794109946262	41.571032850723974	51.13404504517654	40.99604245509165	47.48624977740779	25.68320347896949	43.3031325248827	41.03358840346324	43.352791042554756	35.778691924846854	49.38840415661886	42.978898515868146	35.24213923079688	40.91652520503635	45.58856668797384	31.744426507871513	55.71640692956862	29.465409915725694	41.3265634937978	44.63258848688985	42.17149628860386	41.24131730753018	36.09823297158278	40.16581318998109	46.319673236540226	50.5300894285163	38.35779708361787	34.44411562489931	34.17959104332936	43.68336119927943	38.75681063951726	49.91007425561475	49.435728062039004	33.17733527222739	45.6226805320378	44.67370972167375	44.91523019244162	48.84429416001722	49.98595831528463	51.39818657851132	27.312890844700824	41.741328064723746	34.30653765730219	34.716082733849525	43.43978126466864	27.257470629349953	41.082369852694754	41.58822601610278	45.89393861617351	34.699079595073115	40.29268307026922	35.90774047729353	45.73078045473035	57.90095392467155	48.09998297613109	36.97913547831127	35.440632583566604	38.93135171315036	35.710394152514965	33.612303238688554	44.57818314714289	44.585242913564905	42.0273243842056	37.500993337108206	30.868677321786745	50.78523799668483	37.90211488021049	43.28524234492678	46.01898637369318	46.14805677010353	43.56105884666662	35.114199342595974	33.84608436108927	34.23791334263319	42.786077969373935	39.614431805056306	39.59336942665539	48.75367418181972	35.235128874585264	44.421463239076985	52.08391453949087	33.5639098928273	45.234529944562276	44.092623051354316	43.25266444902601	37.42262449989736	41.908297339385925	41.30534344830708	35.52735970884124	49.79113084824044	37.04865575233109	32.755757406848204	36.530008763883075	45.616167175042975	36.845095379072696	36.04145767297795	31.571590155819237	53.49951320666606	25.914251945021824	42.78814121213646	49.99066043982497	46.29167976064274	49.66593659965734	44.187613274671925	39.603107788217436	43.99758827592952	37.879176346504096	46.77392407034682	33.02278366548773	37.88219018944686	22.211753936069343	34.023784783399044	40.55383324704672	34.85118884194169	50.25855731263906	35.19489209188047	34.93920960245672	38.8593662692673	44.91711237155506	36.99707568721464	37.93592845055082	32.82112858920362	40.52342224156716	51.570802997755244	52.14414799952617	39.949120987258375	44.35151922887967	39.14454992208496	40.438623443375036	42.213134718155274	30.45714039920568	36.585497921218554	47.58026609262606	31.25785423263936	41.02787841632996	46.239032933325724	33.823793221965246	43.94616997325728	42.39841568206952	33.289434830561156	28.9484022073787	41.17266319590177	40.59257585131997	34.026892135179985	48.585156690492056	43.93336142127189	36.96981182436064	45.355701958565355	40.06894713939365	49.98464704280106	40.849269372433724	42.07348557920145	36.65691357508051	43.46615373228295	45.91663540371535	41.31039996912435	46.6542755306139	38.04085005754409	42.91539144784937	47.34554532840594	42.89321077526503	50.566348667274795	29.749620308899047	50.35422505076662	51.06787087169502	34.32402763237267	41.80680326902353	41.491344738511565	42.22868206628922	33.428431323038296	47.53051896401269	40.101507071508024	36.30776476350096	35.258161408107	39.10534153852891	41.19074263131406	43.666152212209454	33.01531735624632	57.118336071573815	35.77836400071907	47.1393082794927	52.73949816075299	41.71923661315006	42.42603127665979	48.3864807459847	38.22168797074379	32.764538409905335	46.49621538690257	37.446002806413624	38.69919099540461	53.79013094607084	16.750270135516704	36.162997166611234	42.548433981971414	45.901155699641144	39.774733662582484	39.30942457364952	22.3064502587546	48.03668637056829	31.039528959854234	49.385982781219795	35.89899482910983	41.83773463435537	45.675490179982695	48.89136386884145	51.84230828784478	39.21850235911146	43.49672284719427	36.79624271548922	48.5780969737358	37.981571158910775	26.804287956255887	39.58813119732134	37.07185933413412	44.10135628842278	44.3755524073522	48.60965098246106	35.68235672682538	37.76114944957629	34.182950336015374	38.56931521578172	37.464059948482415	47.34106392479907	45.79222903910387	36.08178107922233	43.46409928503259	31.847572376094146	51.89062248998651	45.8165820653589	25.0784989182038	30.529804312789818	41.532215896606154	42.097933443209655	33.37545501251061	37.328664975470105	50.183942208829194	48.6449603659692	34.20294328091911	48.8852412621306	39.28042664746449	49.06008296692738	49.8863977384808	52.85058926023129	48.523264667117004	39.50357770409872	45.94709220657191	39.22699531352434	42.27073582653435	39.15672359139572	37.22953566338145	26.93390362816953	27.081735706882576	32.46631418550144	48.27377724109607	39.765811322393276	43.14369122558268	45.229511966243	37.06731728850687	43.807324366931795	48.05989090413029	37.671333966889264	37.52033986614243	43.58100601951278	37.60065819332125	40.74275057270527	41.65843174898778	41.736109161592104	41.41525457242311	58.12174635066498	39.342092254824756	40.07856273369941	37.02199000420873	53.01858723983199	41.02168800927246	50.59281267296539	47.011681127758585	40.76780773044978	49.360138907519506	31.76508504862169	52.496154016301354	43.018426959058495	43.79238248533772	46.96073824172868	41.35198690910331	37.45288782301639	42.83684709804376	36.0778954981271	40.60594224083519	36.542430372486706	52.46237514688386	45.77900809460066	42.32256479335873	40.598750303271714	50.96010346692856	47.672924753193755	43.873638683185554	32.04727753700106	35.30849633434702	45.764986686857995	37.942269872483	49.31920939312363	40.327402706881756	46.92871010418077	40.6326841538896	35.974676502069855	50.93573592891691	34.454132824711856	37.84237851760422	50.529735315592085	38.237240269536365	49.16152935328549	41.93961441619477	38.822683745233064	44.30799875384475	32.25808837128509	45.713796818874336	31.80197259082771	41.66710415710442	43.182753699628286	51.42665129159617	38.49781355078278	36.08501955924304	32.79129239337017	35.439900733533726	38.374060522600224	41.907741458831715	44.07544238130959	42.71285966879398	43.882382384085496	38.49603848326468	44.15268697224265	50.659198620498216	53.76627258227159	41.50729648120966	36.01074318042604	38.79647622271517	42.9552331071018	38.13939823147528	45.920725514198764	36.93357074358258	41.154352447079724	37.52122729030163	34.66635525142161	37.61519743719433	38.00270456417327	43.66316975419868	35.667336538782166	41.776391833409164	44.99718455426908	27.713917075864575	33.77438621508737	36.409013910127484	40.11590990605624	39.02926940606011	45.35098052067209	46.693263402947174	54.522639920839474	53.707377234925744	41.91235307951584	47.218133414923706	32.602201202264254	33.37242008232448	40.88399025926188	52.723910155880944	39.66344862389206	40.66817419937201	36.68993612728899	38.96155559452614	48.38905812154429	49.70111290557085	50.25335952097468	39.57948755011026	51.501852526377085	40.06691657897383	42.153883580810756	47.786892338448745	36.45891096313121	44.39839681952583	43.593233637184554	39.05218890289213	31.508839370665143	40.2548707081599	48.628923503247776	42.29367059885892	34.41082830439954	46.182834923955944	44.51870717667785	38.58304440791467	43.80111465898508	43.08809320894115	41.708493639292826	44.029002141672485	43.27161291188495	35.918361705262875	41.104566112458635	48.32700930913197	44.72398899847602	47.96720628477457	35.56427624109215	46.1523903982584	44.19326483163655	44.55848160102043	38.07096095094142	46.73105616697307	48.72500943921562	37.213914893374294	32.3619461262236	37.67989876667045	49.838879835785725	31.240709484149647	46.630294385784644	41.9627781205076	54.42685184151901	37.89602797792644	35.60168427513972	39.42210944116047	29.079561952782136	43.247270977955424	28.296264521621648	29.010185570717983	37.82062154019405	39.472571336163895	25.302607173990783	39.08301586813863	44.767262752130016	51.924031149384064	39.68606418040233	40.08418261113703	44.92683052723754	36.097299738775504	45.26089357260785	26.052944506333787	50.404873919650484	39.46799121061999	45.32679291235186	35.31488414893409	43.60045433884836	38.54614270254277	44.603474138339564	43.99210853062024	42.91506748995573	41.772793235332685	45.43598012304426	41.950283847342234	47.456021845440894	41.474256956829315	33.31613391988253	43.03347860208404	51.884490133643986	44.3055994463079	40.954668730134365	44.895731972769106	43.58786677167218	50.34077708769638	37.15344178040244	46.96837052809977	40.8777524277484	46.73698798446741	42.230127848190314	35.12443490162237	46.056353328675605	32.61407704159302	36.68914768963751	24.78218572696677	40.26240198884863	39.47530173231372	30.304347536843682	45.017127192359304	42.45986937810731	42.10166412654496	41.96612859509538	41.8710736938158	37.665047708398724	30.039383734771864	50.106379827429734	41.1213873797417	27.80167623545135	34.3225795242858	34.59518202561647	43.62957757047778	36.45545680908681	41.16092662711125	38.442589667312234	50.70410646614898	32.24786348343312	33.81794625891173	32.113154916082834	36.09394862201056	46.080835383186376	45.13310656652002	39.5155598341169	45.34894129484576	30.525178107219343	49.578654463002195	36.47978580000914	34.060138641205064	40.32245423475788	47.275824018253275	31.0133064695403	44.65735329159659	36.664449168831176	41.51372273387105	37.70279275683151	35.58025634680796	33.69396134628834	41.45205521299293	37.648990273587565	46.89542220963736	50.14356867871449	29.423891341563785	44.33805892363696	42.01993035896435	45.03921168721627	41.860497588529626	49.33604729460074	40.165554559332385	40.85954593570106	38.341922674091755	34.9185636467975	31.092037817665556	41.06584965940245	41.690911439431396	46.70538214874841	40.155427921286886	37.86010549262512	46.51526577373759	35.52129388669904	37.43239955048798	45.225766544264054	42.753951044240765	39.82554497349851	40.176741380599125	42.47943010404106	46.076040785043055	40.59774367196863	53.465878783902696	45.02007190280018	45.48581835315552	40.865858221287915	38.12402451126405	38.89708655936454	43.54623042452343	45.34300620598027	37.968826610472796	46.057012230467585	42.6196809105176	37.34821083837407	47.946643070956036	35.743691768376706	28.86793029746205	44.599209178401054	29.628556819114458	37.248667122539416	32.581754760013006	40.138600585744854	45.95502379596284	34.987126607578375	46.82881439153988	43.20256713981538	46.389923061073766	38.11030496964494	46.33881557561023	51.893818651061835	37.66395244586774	50.31522559055655	43.082691196705795	40.65079275993745	15.886253406632303	27.839675893031867	42.452583758440646	36.732332878946686	39.825675414583614	44.20478233302221	45.35739100142696	41.65752901525595	46.5272278088045	53.58724775489187	39.11185483904345	42.90254602098336	40.96033755983886	54.61926222058963	48.126523179305465	50.772841114095826	38.040575635497305	33.16087710443809	45.8391233685389	41.026691802982775	46.28457230868146	50.87527571353088	46.08388781551695	40.03605342093037	34.9097111845222	48.86989132195977	34.352464386125995	46.66499590438665	39.36894620211963	33.991143341743026	35.94739440872436	39.62805859828523	45.910644481998986	46.371163901864584	40.14922176956702	40.80095535873433	36.91181020606795	50.47327065296979	29.600878005686045	45.63320386739231	42.678047359028085	43.69915795687079	45.20823501103609	40.54285183607988	38.47707378942485	39.54721788103401	29.791455512965697	39.622755373861395	41.88127460688211	43.13978312349794	43.45316463075415	44.66344419928527	39.05290331973261	38.380251612437384	37.33685754317627	41.794449088214606	43.18016063461683	37.746103603441384	38.22137258023263	38.77679810353726	30.21060610310526	41.52024913760205	48.97372910722322	54.20709702791799	43.28333747189259	51.1264452997843
G19	38.75533097221969	38.94718133817088	25.391384747963635	36.62467491791666	37.59633959296323	28.68495702676796	34.728693607266464	32.184679501118296	37.26027779796187	34.61929684245026	22.883686312842862	28.082250607504072	32.559262498514684	35.63344394094982	26.265695588621533	27.576237044667295	32.25315063593916	28.78348402355963	34.518415282652064	33.47521767631357	32.23252447965716	40.763641245017126	36.601349016567156	27.66249042814902	37.515770676171584	38.96879249317385	31.70286359032039	36.6657378802089	29.19936575561431	42.9133964861605	30.15634000880325	38.552347935988095	32.75170582464542	28.496133781678342	30.238737192787816	38.98087588589364	27.14685138771892	42.73538646452015	30.31283984754754	26.70022776825641	43.80840017833793	43.461087651955815	29.768924478394062	24.62014234098038	36.598903010843145	33.85046349866658	29.50587504134236	30.89585593470936	30.972025601289616	32.60982304289617	29.027245438509176	31.171487612723787	32.66287488108114	30.39987347408341	25.441913053349065	28.342047614137567	28.47055976256229	38.968991432981646	29.136478516646985	30.406461616094685	35.24288188677338	25.488550933412366	39.00737858190874	36.45382184056159	30.525989521519133	37.642630358855655	30.682307765475137	35.853655418680546	38.253695242100726	26.339106112581472	27.3420074852245	30.466126161282304	32.65054484748031	24.966997627825105	38.10839673997897	28.247823083431356	49.58731674995983	33.153743961410704	28.497905274953677	34.12199466439588	28.895868648126243	34.70777401555923	38.012076312971686	33.67603389331402	25.900879334285285	27.187673370647268	25.814520876962554	24.41042414267918	32.62148381957803	30.83017478124377	31.258851571507552	35.675295000471216	27.752218315307175	33.12920855832607	30.168627267832967	36.225120785482716	28.88595320086397	32.38795169344492	34.600917189702415	27.236103460066413	36.66021178997213	32.31620765393614	34.05700382439796	40.905429900204545	23.540439546623304	28.02129163349814	41.77295751849916	33.91886022223426	39.610972331761666	32.88786187850311	28.162669898846033	32.426406037843854	27.633114833415675	34.564816842020164	31.57287541184493	37.28713103306746	31.424985211070144	28.837333110710645	41.456202999973826	34.06286201442257	34.1947428111256	30.8855385212306	31.65319338721745	24.635225284913954	33.614433896900614	33.39769710168709	31.12969223172381	24.743601857101243	30.420083522997782	27.623287265001437	29.717578044862556	34.55345858249537	25.29490026277613	53.246973514994366	33.594573335095255	34.762949820426364	28.72313318772935	26.91068298761421	31.713891807277253	35.45508642008285	36.31788174209075	35.29974819637887	25.572743114219517	20.838096925922425	23.379434301860602	36.360971784055934	41.12062848347414	30.622018574739734	30.746644900957637	26.599864188976607	37.09598937991973	25.156307637372542	35.87263038131462	25.494612425270635	42.558104417743735	40.587549684819976	33.778149644719306	35.67156125004832	33.23928188207204	20.267491115368827	29.460962079590875	31.794736860088392	23.68713751091937	28.97377830463035	32.91293090011759	33.752690849905434	30.105717277187612	29.17013886804409	33.50295464247943	46.491412152718496	28.7500148107527	31.740756247713826	26.35646520670838	33.143688626954535	27.533102875789247	32.37937922476562	36.32737939236798	36.876055636971074	36.13639021070214	40.42840670069377	27.34683517182385	35.99285475074477	32.38265039138825	35.13795859603788	36.085975885410186	31.802882883723587	25.773128409809512	32.083668524275076	39.08313345853361	35.0993001213572	32.008199743419006	30.114400075851627	29.02795292587169	29.506273610616482	29.388175961725736	36.368824335381035	27.715318939161296	25.61194749409212	29.289922244326732	24.288774931935233	41.45708432185376	31.465551153731237	20.72968187255751	35.51449203271956	27.74376852859736	33.332059882046856	34.5420413264511	24.159906575980145	26.8969298219789	35.24734339240767	33.689726948720704	24.2674984155878	44.48389040285049	36.56403284512149	30.23084023980223	37.402503647780755	28.424185207503708	29.223439731385856	34.98484147601692	26.422486241749983	23.776800842851422	27.882115511031348	30.74638896418477	38.350051339102464	26.791800854324716	32.13224198385827	39.149771190426584	29.919444590802303	28.37305012350191	34.11253528029697	28.237043966724485	31.65481446772477	23.226620452445385	26.278176838314582	38.735757643066066	31.073459348686697	24.14441709805311	29.160489460389726	35.90745147006757	27.726404754562658	35.57544211862198	26.79196036643472	22.991239071662093	41.65032031644927	41.60233408518088	30.35750192838753	35.52897773296543	24.75475295842686	32.933830427586464	33.73416024853452	45.43329360150564	31.422812001293472	31.467104998094143	26.298665805067078	24.307834222721645	35.40474535981251	34.814919094464024	29.929497607908743	23.60330859305929	31.956187649454627	36.12210326414462	44.79009266713083	28.64769793781049	31.530366995326123	40.45565165049529	29.963847895803333	42.61591094632346	30.966958262727136	33.18595147173695	25.992914055229754	36.35090416173485	39.89746520033547	29.884214408033923	33.43986676368134	32.48533993270934	30.829686051305796	47.18575100373893	35.135561395309146	34.56777567285275	31.571923854773935	30.11427098720951	27.402221040818887	33.68049424082722	30.113305859433957	26.23816317039572	37.13540716938157	32.03704430262016	30.33421523010553	24.996197533599585	23.450010099367795	32.607916068625215	25.04133091686711	31.596511763189397	27.99493129441337	32.335264237591296	27.759689500352593	29.096262894005733	39.39622178238468	43.60273023439346	31.25504387240867	28.84349070422231	24.152507048750213	28.852480482860834	30.725537633197543	38.80772495931975	37.81192340065338	34.87871108281504	27.361327935894572	46.975337753528564	33.19339889070883	33.80135811902913	34.89063786728379	25.965676601063144	33.430096055065796	44.11596101771044	28.006457486123562	37.94670520783434	39.328337283657326	22.55052422192151	27.167210926947693	35.31314854846233	26.622356936241815	26.88626728026912	29.223740984205058	33.843080018581894	31.72334708735419	43.178624254697404	32.786661688757086	29.902229921981558	38.110130459409284	29.102714403277876	30.06959138092698	38.394192688306205	32.615758853536065	30.537557410152377	36.38107904773342	35.167195154538696	32.005403568435604	26.892932467823858	23.315978651033227	37.43672029187286	30.52990229889525	33.48559634140936	27.949389262026195	33.339718646140994	27.20916421607353	28.897776573948047	35.9445599051852	21.560602556096235	22.087561426864326	30.9342263117464	36.18697331747807	25.95891357164675	27.59285769749958	32.23583433043798	33.27509789266756	20.436214156746328	29.75202096296746	39.65036357439562	33.581443502796155	42.566118136568114	56.09290614737198	28.61732914487984	28.23832786153927	37.16576957112952	46.272891365963744	50.000821910634876	28.324298269270702	40.45308826000123	22.809967220474984	32.66384495318745	27.494003468607456	24.6196081833512	31.630843330884765	34.926513516563325	43.97584344165364	26.979256116490678	29.257520288254927	27.796321546402172	35.45714932705538	29.7704400993756	30.566071317578363	33.521015426565924	36.475457900470694	31.3390070731087	26.637402542523315	33.76869424110648	37.68708107484998	36.120598800830514	27.18893984836573	26.709977075219992	25.502185629717992	26.42623303453996	27.164173601883107	40.14339776655459	38.01763551358454	46.766231432837415	29.23890549358401	30.918426778284054	30.838986342953845	33.81837739855458	29.634353127031595	30.968947553732576	29.766769465761005	18.884727023561133	31.565328821058507	35.394278438999265	23.836822043281042	44.00654144722125	32.66299438316974	36.58247387048467	36.424912454095285	36.057528288408726	35.055456084958216	46.754420043441215	29.634335683702954	33.93439875904212	40.27328028698746	21.514466420801895	35.32763847309883	32.164793291441846	37.105968849285524	36.0423188852549	22.04678483254728	30.22563920994036	24.904725943191778	37.694573649326635	30.09936489675542	40.00896849545868	23.852476346306904	34.896760983402935	30.046091868989034	39.01496936832571	26.300779925318015	39.519171501595885	30.748995929006952	43.42617778364375	34.63227403670489	31.843325540490557	31.141629585387655	30.061998187941906	29.036320892045058	37.438550113298206	26.663209106151726	23.514903936560817	33.036327868393144	39.55706765294943	37.974642377737645	25.286094185753687	44.662930254886305	44.44838328212928	25.54138769736745	37.777376768812246	40.27540445801918	28.771576812558415	29.090409867320904	45.29780936536986	35.421809616856606	32.514032346487994	52.670253339413605	29.69062938265792	24.65942846752713	26.249272787770817	39.48966520676801	41.26986062444872	32.9275269428814	39.793001432956046	25.441710566225243	30.13844345989817	27.243010921188322	31.279008659546538	30.331063051615587	25.32214387770165	38.25943946644409	44.55584069097542	33.946006073080106	37.341064062318544	44.29504989153943	17.581803746104214	16.939395695395014	30.836724546896534	24.43677506777123	32.67174666756431	40.474354242805006	26.001867039419686	23.6409799562464	39.10150583098477	31.640005359232248	43.96665834743112	42.082114136870814	29.05849857779773	36.57307669389619	26.340264994333747	37.83506502263397	31.57550867160601	24.6181357239259	21.970235829060034	32.13150675408069	28.49041645200948	24.468782059055084	41.914884448486994	29.708980321642187	35.85245009525099	22.288745943825003	28.353825355431777	29.936542825740283	38.54157638504453	19.582188926909772	23.624806900902716	29.185974835194187	24.42101609457061	29.872995621332834	23.167306413297098	46.252416436522715	29.46281711259033	29.434312805182476	34.73139942586404	28.684289373334927	29.617520540102294	32.14250552045951	41.62237847055459	30.300676674996794	33.44348024760943	37.503550660102235	35.264191493347745	24.55775531729505	27.10363354029287	27.41763645894294	38.62478005846262	38.178471208551024	33.27559937283696	30.862553244375032	32.97694253695368	25.408275264427733	41.88730601944248	28.75729559700601	29.067294492557103	24.844983602635033	33.47671291880007	33.03333226935704	49.29814053945287	31.327013457253084	27.492612906879863	40.1338832642215	28.284282141139798	27.654941878900328	27.134132019299873	33.12734278090025	35.71938591110515	35.89344763639622	32.40640908451349	35.094532533245086	25.476012041425765	24.063233595731877	39.4503546152009	38.33807672659967	33.74170836446808	32.3760996716059	37.285052462387384	38.29888898734129	41.37702372030402	21.15253111408172	30.789283670226872	38.59316489994459	40.68163609631859	34.84115405137677	31.44347959734783	39.6901184407489	27.665979430381572	36.79712658039706	21.392722750732002	24.12820014465494	38.29834762081751	30.209289736349557	27.174074615064217	34.866128626317625	50.8861142124746	24.91260368828343	37.53159196505536	38.82639515898147	24.78784690222183	31.48942833732788	23.332929944947914	32.734385834790494	24.592488537231926	31.27507997740443	24.960106525639212	40.32023537361454	46.05893524464051	29.679786572190043	30.486093080082483	33.25450062370222	33.128374603430075	33.30865494983443	28.930784316070195	43.503490812880806	42.40157330271789	28.24437438815348	24.374293555706046	33.369205536501674	52.29423308010646	25.01854479081262	30.553829109664505	30.166690916137945	33.21651950943174	22.271401397044368	36.061177343051	31.952246159429023	35.64144960033954	37.62887711211855	34.1119056942231	27.4624802619671	33.96533981715177	34.142177885810916	30.66405136843693	33.050924056494445	36.30192127300377	34.58795337643623	27.92880055129337	30.124132093764043	33.83320046977777	33.376077806871336	31.219577409697663	30.58451526928616	33.66671153411815	32.68362589032534	33.42787618728523	46.28227133098095	30.535282352405122	27.653553756588025	19.757738836344902	37.14444456847795	42.067107386363766	27.048262246645915	31.445721574826308	29.957429798724252	31.856094436113576	29.69504939882773	22.749389916190964	34.89074219937234	33.36839196434937	33.334702195953156	39.66881290112155	35.632702947887516	40.3748050290731	29.895502826197212	34.11296146639042	28.11799922769522	26.96172328734931	20.709907988475795	25.426639669288114	26.46550123702693	40.19326224463748	33.7836126152765	40.50189804420061	37.181366574541634	28.588972588699278	38.56487719682966	21.680307298905557	32.703374574025	38.62993219705932	30.947808695730846	29.20707908744239	34.64053002408997	25.538512987818837	24.984035527869587	30.268878704440716	34.717536963600146	41.01307641848786	25.67539422802315	35.11561083091959	29.344462648969756	33.89094417022424	28.889121112753717	32.90710768395084	23.127160462830663	42.87379039018918	18.46110554518776	29.166432942824905	28.24050913173961	32.40018742287949	34.9903327513736	37.835130187532194	25.074925091853785	30.40910617757967	43.0305104629038	33.17883941400469	33.69160412405415	35.56482406847421	30.65246590458731	26.006280512903157	26.326477256951733	31.086256691673032	28.883329210928014	35.09395960888666	25.720526541536472	35.00145276406762	37.80194013538062	35.11424570625854	37.266585463995554	22.815489770725254	37.95822736360639	22.11477388209538	25.56134916668995	29.794663408071877	28.041781665121597	30.483645942246522	36.44347214925626	29.994959732669518	30.039094729114236	37.485387134403744	31.657068343078286	23.42977952957808	39.98156071055518	43.292823047996606	40.06050186994843	28.521867180474054	36.07627312067708	28.721810307038716	26.24659337824581	27.47522546929337	41.78576086423503	37.19410553254502	39.46860500939121	27.07569882177184	29.0970570698393	23.795516178420776	40.227175978443675	29.743826680896568	32.61808929726721	34.972917815809474	31.208851867380613	26.519078915150796	31.51431501335855	25.39419623681588	36.22820247219077	35.59496888478914	32.700818273366025	30.212444787455794	40.88598875336043	37.14907004247226	36.95391777395397	35.8129140527951	37.75318456892559	41.96414314052437	29.70228655444327	20.69319672327564	34.056772965574375	26.835686163620064	28.109096915525306	24.933967590137744	29.370691638951275	25.578838815703605	28.322163334645797	40.451070065143156	38.025431773785904	35.01270618421759	25.805381123015714	44.554198824430514	26.274773597199026	33.366538103211724	26.222865893929356	36.21813635167845	22.048261895793935	34.802690999027156	31.379578658920547	29.91442772248241	33.88458364944014	31.2742583555765	37.76916697651392	32.33732887022055	41.26066502482834	39.745889764332134	28.47088852684786	27.039717346685116	32.38599521132805	25.12470579532715	40.086624436540056	18.780172743893107	24.275513518110408	33.651809673784825	29.261439901939895	29.142498409564748	26.348489835260217	28.63502658013371	36.337912582523714	28.169152191900753	43.14905026692963	28.102669588351958	23.857033682203962	43.579983700309896	39.47718725233181	34.15383015530126	23.999799697724626	29.399011818877593	23.769054924284205	26.90189512054234	31.354222645211667	30.375824567491442	35.206125479956185	21.98170317000742	35.0558569475866	40.54343868766459	32.767232879638584	34.33220467000703	30.997085565471274	35.68769701057893	26.712744298225704	35.197275365042536	23.21952219516667	28.912700921736835	27.47086904207897	26.432233662503535	31.21066917649132	27.78364444841554	41.918280249868076	37.144252007198915	25.206615296721857	34.31956692476459	37.77894471849435	20.841244177002316	33.7340045465942	46.40357202591396	41.50186705063316	21.558782515276032	21.16800237982797	30.199532043202264	34.507286626246604	17.72559238089932	24.13188156428482	26.520864402023335	30.76754586514789	40.35690334735218	35.917904185283895	30.292292221198018	34.25505434574185	31.090626616269017	31.69904826500964	33.66863480332215	37.241917597205635	31.165216214585474	38.01152631987537	28.83334546611375	42.74266957478898	31.733727711381388	24.974427769347944	35.65908531257307	49.157590249879284	21.835634909434088	40.59406157570932	33.93598664662801	30.689072591076787	30.513888931395037	30.166480667169527	41.815993204390935	28.787996876268984	29.22251447811954	30.09189605027312	30.725869324260007	33.86187229623634	25.46747586438601	27.5353211150777	24.379594125830607	31.997782918260288	43.66247006981902	37.55948631438846	25.31755563753006	39.520509358496994	23.282600413864937	37.684296858629025	23.602072324014255	38.84429930124372	25.94471994517906	36.93950714581112	47.39945428828636	34.52862344904136	23.62639998249541	38.28898909864001	36.486472746454055	30.634916486067613	42.21099124545899	35.93513922617779	25.420826844701736	37.97147113590145	33.1869981025628	33.34653115335963	28.26410675747079	24.20007293322597	32.731346381548825	30.82495006609038	37.17717859211067	25.554077042504993	26.68865313869559	34.69949026540347	33.88119385782783	46.792853899219594	32.64221785875091	26.643551812769715	32.95797226576181	23.539618525415662	37.626923190306	29.643672650688597	38.86349183864441	29.610705266999307	35.993438048435664	27.639513206329912	32.11983861716523	33.40607361860266	37.61052492556601	35.63029269112946	28.883306981405816	39.043318752107496	34.1287990622104	41.010655964574056	37.686880131366465	31.00674175882485	32.61899372073837	26.808210798020063	19.39852821990367	28.102416025087862	42.515484928499994	34.172456246814505	26.10152689928394	39.762247959578524	35.94710657276149	33.087342772824485	32.2836353131433	33.468716345832185	32.76072669155184	34.799356621666156	31.037836651980925	39.34218729261776	34.28470172457596	26.03925863790047	31.36504884657197	35.53029483916462	24.616137411097867	33.12761139351189	24.43105959353402	43.64470404824041	23.138241779267773	28.51989342670136	38.13508938341581	36.16122804568033	30.273419610694507	31.662413610689978	32.27710425606807	30.140498451589174	26.48307437304313	29.43667423770274	27.22970572056758	23.95083207461109	29.35697776444836	25.00711378592534	29.21173251240583	31.444030986268313	32.623116992129184	38.38687795318567	43.538534351517434	38.70338539067554	30.27473090198325	25.892572963811297	27.76433493679311	37.102051175780694	43.0361562188631	26.357972618359895	47.69108539030197	26.39231702316614	28.098600115231214	24.74482542545218	38.71684494310035	24.90037290042007	34.28323581389511	35.741526506958394	37.27389395713207	42.4347487626712	29.869269151554136	29.519702364041958	28.08278985467305	36.5497727864398	17.85411895151588	34.76651793829914	36.06618158369772	26.0422658924619	34.12463271837648	33.196191814627156	32.43118390694349	28.883612840728645	34.7503571205117	43.4932198346666	29.230058810052487	40.199056337146835	33.04881075124266	33.54134205501349	25.280020638933948	25.379479207362102	36.08812085759828	45.98108340512053	28.184480009765462	40.83941316401328	37.39461886178991	27.44564314812756	41.72895573214145	36.89516165533334	25.532234516110485	18.984496368687633	34.89225536457204	44.311331060359755	42.367745215482785	28.86813549895844	27.106890702821786	34.954865999359455	17.84248290268349	35.76855666138705	33.71081098592379	36.35294762659943	43.405538429336744	21.62171118198447	43.60745723598663	33.32561388085291	27.65935180020686	23.58467100071962	23.34995316744667	35.519607971154315	36.70717304974853	29.869597599298647	30.674864669746405	19.4433501682892	50.37262272592613	19.90827809713133	29.41556057394894	23.338834765034676	24.29670480363604	37.04765730253428	27.134805970884788	31.386948242155366	27.912686708599875	19.575237927297856	27.93726988877591	35.32389048661943	25.519066016015163	34.7871077445266	39.830315933201746	31.654427658381078	41.641494154535835	26.22943953704327	29.667085027624008	38.0337908861223	29.009073656864278	30.728330177891408	30.053140820660406	38.628786585380396	27.695479699556966	42.26969959310865	26.699914441583008	30.454453103709984	27.384824863598404	34.60830849897223	32.50001203292906	20.11350545208493	35.1136782040191	30.030209871631154	32.390370778874576	36.05762618255102	24.51859685326038	38.84448270120025	39.936422745728066	29.21788751380961	26.176725676864013	38.34003079627201	31.399184040241728	38.81722670525377	29.72449169721311	29.439677856766835	21.672343949129935	30.42494420287214	28.441978664453334	27.540990971416168	25.744801945620658	29.680098067350098	32.86208441950889	20.55067621805793	34.07255522068267	19.430684890176146	37.24385905993933	39.01976443837973	35.13707221641667	26.576712186169527	28.273733712973154	29.880686877315053	33.786106724746986	26.385488056853056	26.516572222345008	33.54347641784464	26.52700475501748	39.761050916800514	39.598112329138274	33.776706006365124	32.702118824828716	30.513966628148438	32.517973794023575	32.16058241727673	42.489258181198416	31.519935388592277	39.50362442062666	37.836374103587566	42.79092344276776	31.636885253363364	34.640457931728974	31.41437417308514	28.38185102370505	35.834375269036975	29.291951259876317	40.86412662523484	38.01351860137857	21.663613395290486	51.62257825852384	36.05746750469728	29.692847123907875	33.08401091229197	30.462176975921988	40.71502940031721	46.10463688345241	29.261342988445406	33.14265674828587	36.56944526433652	41.545624997554974	44.60855323693073	29.398178331444417	26.973947272969873	39.16289592932633	26.15107725866882	36.79770355886212	30.222048019435245	41.20647010773345	45.664551103628845	32.46300351564906	31.98474079819698	25.90273768779162	42.532418830506955	26.035341502530446	32.88223850521106	35.3445290614702	24.60422225872997	25.138190055707742	29.140180051571395	39.49149742301522	32.06248882137042	37.80027741631714	28.1613108342153	23.28250833672669	30.22570460576086	30.88107476848097	34.202806550598574	30.169413772556926	24.043432589465553	29.379359958369676	24.98474656419924	30.41325116902028	35.839924489777424	34.01383147408309	28.407096763241878	27.99691735407718	28.390145145463208	20.291157260174614	31.06278991572346	31.204535160422996	19.59757393651916	36.24438104057395	28.01543747569469	24.470269067079172	25.757338960708886	30.21904497762781	29.745233417654315	32.754112559584605	38.43644795343795	34.093102757163344	23.321919467225342	25.94086727063755	36.65887388113187	31.383036660744562	39.72183219921807	28.477138453110626	39.45376518556013	26.250586217747635	28.791578037304827	31.467701434736515	44.304474935470154	45.78309291338127	34.284039765827	28.865003612445957	26.374664908727937	26.461663966428915	41.232542582694975	26.663938341608215	40.13070717356335	36.04479673098777	34.63626963206836	41.600318223130316	39.09688265968954	49.68753954154468	35.08572609556251	33.208123529221844	32.72807633501604	35.07541010773571	28.774660001313677	37.988341552624355	40.11061108587906	44.59211871931468	32.50005891189949	29.98281119131329	32.650238691958776	22.875913763389008	27.001117717374154	33.47223895478439	29.538931077939505	39.569039796802116	29.37851507347984	44.583048372179455	28.5579440738301	29.64432443557592	27.89529861306832	39.28526152802346	29.18907972358769	35.12334650372387	38.1283092266603	29.49119426377864	36.49070075968384	31.49780257627768	23.32805185727843	44.32965676316396	30.875410002556855	31.832270708516397	44.099682102934075	37.81558097293801	27.897175769299018	34.77607003922584	36.27567507793329	31.272130161981387	24.172471895891945	31.878679339195795	35.117387925395946	30.66111591248461	30.81066174316252	33.50772735143307	32.474285188485474	40.5031081211152	35.079602217155376	31.181255974953384	31.349605020893655	38.0790015200774	33.68604492025444	32.01830819267499	39.22935355882344	34.76530761190404	37.246800313974695	29.710761890639855	27.458437160591494	22.378031432219892	34.76414610323612	28.067998005313644	31.7439491212122	42.396947400665695	46.796617332414634	27.379938989285215	35.67278411424087	37.61915581947347	25.508233046508405	29.268327233876217	31.577401516211413	31.332213417523825	35.11597753661056	25.3548641293084	40.69634720673723	29.304941563516522	34.45456641045273	33.60360955529951	35.32058407445295	51.51659204851521	36.27849334624585	26.75782510898113	29.282959161909915	26.499621622796308	31.098564016095736	35.315436548867744	34.64859153985405	37.107625246845224	28.772516125887254	24.812633377318697	28.0022215750629	41.738575851546315	27.047541265480934	32.72419396781596	32.340612338968356	24.546704787913335	30.435786873487498	35.64389984751823	17.62761404572471	29.288200697486513	27.711662857064596	26.062371587610834	27.119673274555254	31.454322168320957	29.384781615538742	32.06918766728383	22.410695361474673	32.376142022841755	31.48260093015477	25.20147033999133	34.17774929323659	27.567247654485104	41.698067894488744	24.499792374128283	29.338208503729444	31.4917519948761	36.60134119988489	38.267897043171686	31.795375411170554	51.27993839610901	46.20331070280595	33.48854688391514	25.331268538660265	34.49571233283431	46.6683733364665	29.501710657876014	38.07879265823235	37.180324177975194	37.04675674652507	42.71510174696305	31.168877471059176	36.497441184695866	26.653911092296173	22.725986148062223	28.06816159866882	23.15274424944623	24.09201866512313	38.55813231866728	26.547237117248716	30.28575968666347	38.09171241337625	35.63137585411263	35.51360911681766	24.16150055755546	42.90476314357494	34.13180503122003	31.112150870069314	23.301704321917622	35.4849874181173	33.484073650857745	46.37830445862939	32.65708035206673	40.240929585761705	32.548460426569065	36.706156356141015	29.755555430924613	44.432797994203696	43.09718223367411	31.587107660195826	24.063020758684708	28.178950807053177	32.76847456080254	26.54202886538436	43.324515151611806	26.16948878978767	21.34433125832473	36.46584858733617	31.681438012938234	36.643180727031286	36.76495907978743	43.11343905427707	28.18379778173459	34.08573824790798	32.15523525071276	36.91549029845887	41.1820524412498	26.41813386867498	38.81520542474919	22.386596388377285	30.929738398637703	30.879950353049075	29.55420454973243	28.607567925851896	39.85728432353029	32.581960237914274	24.7997195130138	28.672720007222203	32.09209246576211	27.195791187247345	32.80525115654442	27.491638242783047	31.078542655400252	29.01218310460775	31.124933306495507	29.498678627796746	30.912486119186983	32.88422055926688	34.266720236514274	39.83768211441287	47.55311260596437	30.87344644962759	25.951838893876875	27.22243373799462	36.41917534254835	31.989573500917047	26.66136363825401	37.5133744735026	29.97130019120821	29.562134591108506	33.82602902399103	33.7273027565579	28.502285786607406	29.64651909157214	34.766256583709094	28.624653372083348	20.11186102107765	35.55437020358829	29.21354639704533	40.45925904596735	24.08354550814042	30.38748733633306	31.14075313954641	30.460005858324084	28.50151213275126	21.296293469811815	28.63634802849639	20.616449111729267	26.250982305339612	30.30284135465577	32.06972550287019	30.832455634603306	41.30744318794225	26.126376550458524	49.376097437833906	26.388905855229837	25.86827536797819	18.752898298324162	37.69200225640722	35.243453776613975	29.096757623823787	21.192434397886657	26.743215895303937	42.963679584068366	33.24468462309168	41.770000571345676	38.003315693331416	35.492916872826505	23.614104386873038	26.940041735528006	33.77363662334966	30.761243116278482	27.252047263224977	28.497629828862827	21.453659483077363	39.62849340883213	27.13746239022151	25.173709042011314	32.635388781515445	36.159755473568985	31.931249885635918	32.75623685365297	26.46704117066772	28.344326450212144	40.29724911068013	38.098847729258665	36.88721659609118	33.07497578225017	46.53192416717042	35.18802334125866	41.58966284964312	28.38075862046582	28.353880112926745	24.794056380461463	43.77548438302541	19.182115345407855	23.88814958427775	34.32413309856799	30.13446211853256	31.177595970104576	27.594128381735253	27.160884216298232	27.42846927149963	27.603401452512106	29.70905825188902	22.742737028711865	35.352690870580666	26.93158477170545	32.559948039753785	29.824769339606515	29.919194143769523	35.43402208222703	33.59246586311227	27.868823748992963	25.259459840807434	29.811098547350756	39.13569672461391	26.6062300707444	33.10979081441623	29.832942766028765	24.659919233906603	37.20398332977816	18.7969509928026	22.88201699948673	33.659870423640555	39.88595451233473	54.35128905530008	43.05926989378	33.19231534718115	21.283753082067438	24.546022120657597	40.47913963795408	22.405871270317213	39.97601834687614	29.69945671881555	24.785819695543207	24.9595136172103	28.298582604934552	18.886745399227703	32.79241463869605	45.90442927764846	37.681011798155026	36.86839679749032	36.59727812329374	40.77929100494631	49.62677770996252	39.49620522143057	24.259993441855002	38.20491032416454	31.884844908802894	37.732618744371784	40.85525550315373	44.249648769772975	26.41460257409288	43.16540706069712	37.30267646326125	41.01560933470476	26.531995771140064	28.38352381448297	23.93493755592294	25.54414453101017	26.20184081958625	30.05285282328884	35.50780669083889	25.852902467720664	28.732265740324852	27.537126161135767	32.360545584378634	36.12474366305893	33.02026521192982	28.63177973909417	36.39606974870191	34.55154908616195	39.74381284538765	21.221523045041707	53.280194044170635	28.186413514203238	32.47185630692607	27.596616346225368	28.158640865418402	36.02881746145788	54.02508598646377	35.97514732127541	41.461707071008796	36.50038009118854	39.39675082830337	30.196816273303476	37.576295318921524	36.75308636554777	26.615244728215135	43.76083826877968	33.11555111577154	26.75416210111274	30.59594474037116	31.797499648186854	41.50204902029261	37.10928611731154	29.982319161201907	35.92675831516996	46.10008643570722	29.722112138496364	39.670283360147515	31.13518830508359	29.798352135991422	30.892365355593014	33.49972610331512	38.3798085591525	25.89925831577884	24.890465215477214	24.90778092945619	32.65413748854566	35.410288873023546	35.74583473610459	34.332569639881406	29.008018358363596	25.382901766048764	26.423017683937445	33.59576552106319	35.65735861123131	43.215113215606614	44.59883047785645	23.96746519377818	30.072533710831163	28.17905529333583	29.165379475127704	40.165580720168926	30.178558042759782	29.770193731944897	37.7236195079538	41.16151788710549	30.085542592205805	21.750730247307576	25.7695613920482	33.78608447180645	25.084569342471713	33.487710076867195	30.867072168227	28.58647314676064	36.36699164749743	37.435106501321265	32.325205396301726	19.918087986722295	31.018564174021883	34.63475219977031	46.55843280809337	31.876776907034778	39.79380034441085	28.005512299902833	25.552690076014652	31.64660837253229	27.01562068285838	23.229557232948135	26.672284456746922	32.679903418223795	27.069758861912362	39.323608656592334	30.24235110818716	26.64662063084742	33.13778299206608	34.67463252281619	29.456805889379034	27.534850432326408	28.912983943405145	36.493332833943754	35.24174305415975	29.89552079523904	23.85453658520701	27.550327671997856	37.51484150975601	42.177973113426006	31.675875493455784	32.59427217579014	40.57751338413022	33.81810494308267	30.15484024612053	30.11734667190541	38.96141014733028	28.272120345783883	32.07505944993333	36.615477176701894	27.781700308050947	48.439605944573835	42.33750444886106	28.349670630982214	31.71953590659177	27.41713703592558	33.72398329208522	28.462993448692014	40.416003863031584	26.85571322867847	25.325425732244	32.755805178709934	33.40153274607102	26.945017448367324	43.3416509476155	39.68441806564993	28.574711214600125	31.235839463120776	29.487928220504372	25.96450851701609	30.700821237625142	21.55868464658326	22.79422764786159	21.166680907147338	33.070864650271595	33.88738727380484	31.66747706961865	27.726258363202156	31.8105313941493	22.196264477816587	22.13562450629862	42.07747361487623	30.172881938426492	28.03363163040298	41.45310095751369	36.651343704547415	28.340158656383377	35.094032746911566	38.228330237031585	25.45178303573613	32.411804209788784	21.468556964455466	33.70985364087111	25.676687817369757	25.121165778873166	28.440555209513516	24.186050078752697	24.609775133350862	41.46613859093304	31.898905744538936	36.22401001043426	30.87263765812666	21.808318444097388	32.601714432303645	31.214103364995722	25.40468934092625	30.567699855419036	26.583733460071446	30.538165791512682	20.205249133082557	32.607811782971446	34.95043675566865	36.676681263892675	32.98295630513117	32.88410529673936	42.109068006450514	29.309478192573422	19.416690382634318	33.915486522976146	32.09263538459229	33.76879841187366	31.450127065231783	35.18357200523688	36.242181382073824	25.253384208876316	26.493644813465206	22.78369442416933	26.08169365509434	26.44338501011923	31.85743235781526	26.758368133571878	29.580134821367285	38.59351766054376	34.19974137400898	39.40251804398601	41.1726610030573	31.20009882437496	41.00341241374469	38.10908137968845	44.80102872073091	28.570245516179092	33.257558622352285	29.62615513443746	31.67610602413878	36.69124150081066	28.034941470296207	30.225043830607973	29.694322441327095	28.633571123095642	30.25462189213722	34.03715693202711	31.0819928144402	46.139844619970155	37.6153782205648	36.7498937283402	22.540437888224744	33.306771674084665	40.831312234900174	29.4106148584444	32.49915142782206	34.552779339128726	34.93145494379739	22.36173619810058	26.223261513036565	35.017554930699504	32.09834519924939	25.295315591934497	36.28926544664442	32.67820040157253	34.218536300861835	27.865613549115857	39.62842699265458	28.14932436879872	28.599794468155388	47.27892429698035	43.352414578943346	34.31868959213806	37.42753667356562	39.441630396307474	25.644732533411972	37.25710575570333	27.769165677610946	24.721943806427916	21.28874160734959	27.37794696635869	38.281793369780964	27.423920387012306	35.83642197686328	30.22091498482308	38.217033647272935	38.61558188444969	30.896330533579277	33.07976303489263	39.066417966528334	31.111701810856328	31.07312079623177	40.02534031370484	27.09304317201656	31.149274909958304	21.803584195094196	36.19406500497205	31.59829063578088	35.62855381771626	28.214491491505882	36.84252963856036	35.987216291153615	28.185721558329288	38.16104076438674	33.27633852451203	36.151246551734715	31.348658452243917	37.285207074737606	27.17291367967445	29.31775996908563	32.57018206502938	26.651022801146095	34.865912133646155	33.90444168968499	29.771274015521037	28.434301544301103	28.269808226772412	31.471110371452696	37.82602765147045	44.67100892343892	39.90946760191153	30.005117669262244	19.142710945309286	29.65771825550988	29.52483498272937	38.03015703421837	34.71040546043891	23.70977971623057	27.813665635675672	41.25847456487235	22.23629250644744	37.25272235367886	37.63656713439796	40.610077111841974	37.68382161666202	24.611900040915735	36.5996533014185	34.11418709440671	24.42145796169825	28.071317763244167	26.196467534154092	33.126794998308874	37.29512354832111	39.09222195347952	40.812690571415835	37.72933368009377	24.362659195694825	24.904901816485722	41.53341580031721	25.512213682016682	41.68055635306068	30.608392288308405	35.841379425204	39.610745297709734	47.95437551462662	32.54352245679259	28.273801081235078	42.29128612377139	30.540801940078687	37.20830830008512	30.196451625380963	30.455522120973818	32.51297224774953	27.635100743952464	26.588190183667116	17.909919417542397	33.87346946326598	39.139469875802796	33.91648225093208	27.12746620100978	21.272636943869283	35.45088245251344	37.03079039498618	32.69891615871493	20.365752190669063	23.867929474525333	36.40400129096249	39.14291968021924	29.97854784764738	21.34807438272888	29.54095782100067	31.126675743800167	21.73785486294627	30.908214638436498	41.24245111073997	28.931019697100048	30.35332804907915	34.21908670377431	33.18436722604958	40.5358328951584	29.96434819479708	26.914547177495063	29.727862567385266	28.281385145113155	36.422586218748414	40.34950948444792	29.8607260533337	34.01940226449308	35.21823267114367	32.24117319626876	25.948896412038007	32.7437675725277	35.3909487552826	19.56194280732842	33.072306590909584	35.236763755905756	35.66317506375505	25.049952591346024	22.265590194823023	26.464989248131378	46.97747275962233	43.46205392246596	28.726890922189067	28.275693612197237	31.98518999613359	28.122045642117314	35.22381712668302	37.963539493303784	36.693067818516155	36.951122744741895	40.12019635476269	29.798198859034912	30.188492314056166	28.561263020737506	30.246498535312003	29.63969521437164	45.52724542870848	31.4685773578082	30.56195950785165	40.85216389777861	28.74223312451951	25.257977407741564	32.78364857474414	31.7974407151111	23.471106891363192	32.32697909105798	31.80606771131485	16.71088803662205	29.085606576899366	42.35670994137047	33.594439037837404	24.736214427857696	29.92715793903323	29.569234544235684	34.071637174567506	40.414923521025784	29.101930463853897	39.33929829748228	33.52450445411291	47.710666154862096	40.654794246460895	37.18445648272522	39.715480365565256	42.20132488620229	38.78239738799047	29.71830689019279	26.14498321193424	39.43016283197682	34.23411999609201	32.06375111290292	29.442775844004835	28.327975175466772	35.68797336217495	37.887648349203616	26.643323827778715	28.710083660698732	31.030860934725567	25.516732369283226	47.00199031984922	37.67848965748038	42.774399855499965	24.953722496201003	31.251475065745385	35.87046100148473	35.89404218584551	37.0421491007598	31.057930786681638	25.93225916723746	37.33486585243053	25.81858903675973	41.393998035791775	27.405110955059047	27.313209998316584	35.45100014136585	37.79963861503128	38.959823354379864	29.333843220574895	36.299485444509564	30.832285277096872	32.786032235479475	21.65955626062116	34.355762811189805	38.827919295939154	38.9807477811245	41.27819050057485	27.876518281205318	29.76101515928302	26.535988183621594	29.132906153310596	29.22524404613763	43.039465667508274	45.02293535458529	26.727134238598207	27.99164626123297	38.970669652444826	33.52194801974562	19.682549088778025	33.27785771571754	29.65865112358123	25.988431068395318	29.180737154492196	41.94906355775956	30.514320521085708	31.223568139732944	32.15849708391085	25.976842057543337	43.52897458725381	30.018358928246347	35.26303348675508	34.29267730107334	20.022479041988163	34.116191990504255	33.93895259217144	35.872369653484355	34.3029172589188	37.5196955122468	40.04380261591987	29.83834043952811	38.55613784423167	35.33260504065668	30.50792659257872	34.092170503550086	34.292581512659666	28.936613521146363	31.078660602792024	32.472182268640175	35.0015473976685	29.75128244296842	44.84548886147541	29.208095230202243	29.300553593254676	31.524732823610623	24.735606288120263	34.59045654632059	27.31674301318115	30.094312878719553	36.73021321303051	32.856912400641356	32.36558353825657	41.52110639842552	21.724997768031155	28.46870592140146	42.478036085922454	28.587777970134773	37.15037053219659	29.321660414412786	24.21466608726923	35.44628597210615	33.41898164417255	36.35064060108243	40.39592549070689	27.384282343446884	24.938361451894973	36.69618528556752	34.999266267544805	31.150073216916173	31.91468714905243	21.822776890716312	36.84015052190642	39.16485704157553	21.850181941016928	41.00284054787722	20.70791336126689	31.494386339889797	22.94142869080836	26.137683619407174	35.935070965307254	38.34489292241244	31.85988512703886	29.297861793113917	35.038265717121256	27.39630300898371	29.394302424510144	29.39551853403833	30.942300970114076	32.93289615446964	27.27149069076082	26.76130549151816	33.556949842701506	33.58572762634471	36.86618039280554	33.41306484282007	34.32095957535584	33.542523679543926	30.214082542872713	30.521246772138248	39.1579324786632	24.549915123021812	21.274664454387793	30.157205182477938	29.018961942483656	28.39394046424476	31.538693192635165	22.812211893299256	42.17149628860386	33.35694782226706	31.41883240119242	46.228577445072574	43.964435614343266	25.802598857114706	41.976457185845966	32.47588044633363	48.827987204756226	46.5955852792314	35.592989362821974	33.996717246578164	34.537289467999855	25.134344903202567	42.058408615472345	36.16443167945018	37.195425003115716	44.55970695299817	30.805299891977736	35.10120059020285	21.95742205162223	36.78896710789211	44.80853898096612	27.121939635819942	38.50344248459266	33.09835719278208	29.9966510035549	31.656709355540922	34.74826780938851	24.397790340285784	35.39222161577702	31.253033378385112	26.42222870717754	32.46782463065694	27.816857624750508	30.547981482083227	31.64342194961304	33.03266205964273	33.98247185481263	45.089675076289524	37.671704068008076	30.714278451566933	36.32870412872009	42.76429064757953	33.674920714676446	23.31975214133487	36.27773852820147	31.48017625085584	47.35287003669878	27.4924593524021	27.816097817750972	24.10825626506589	35.07685106512888	24.756645032365537	25.38157167674725	42.98587280974195	26.94548752647381	27.14693221487689	32.249101003857696	29.958661254261223	31.82905888524442	22.70499786867729	32.310378531830196	30.748802917391828	23.59236242674146	37.42262449989736	43.378763912697714	40.56774802958731	31.686564064642184	29.288900498964967	35.196222964714536	30.070859258745894	21.30917177893179	34.537955146818256	27.255276033834598	29.176418116220244	25.724999386223082	30.011922042763885	32.89116593022001	40.366170954845714	45.30403602359138	28.40625803493986	32.67495828924825	43.43867067679613	22.242841360505683	37.62112620695423	40.29699611330223	35.41454251040545	24.48240857958573	28.08507203700371	29.937581392093463	32.88965862395241	26.274314498086607	39.691631736655815	44.16661097171312	34.39500818070137	37.37682887704673	40.32575744923965	17.85167286561804	29.362758481916384	25.817506862180416	35.804867551858486	28.0962394208199	36.72466274082571	37.24581999966155	34.24210370336432	36.34360603477639	28.46876357969816	37.550150340276815	40.73197209646562	34.13300217152361	43.44527878144703	29.816966751378995	25.00628338611149	30.477852537845113	27.42082185580944	25.497936428866108	35.807990348580006	29.396234872901534	38.1849399527025	33.184753749921924	35.47183290723845	40.59257585131997	32.325547528420984	31.514696231670523	37.9762954658452	35.26351281708246	25.9965608786899	24.891315647199086	45.88754482617802	30.636952029325293	30.206605031221553	35.692257954683654	21.733076866141474	31.942007237367196	21.63878093620799	30.883816196321877	40.07875273919824	37.28714338911503	30.774604463463863	39.71593590302318	35.61010469526394	36.832863239589294	37.00732202526222	46.28025797747361	32.03575912354783	38.06291043896172	37.271885951544284	33.78294565303137	29.095116151533333	29.20549960439334	28.962199551644684	28.125733267500745	31.790145531899757	25.713101285608055	19.61463934824479	34.806353212630725	29.20585766129482	36.42328677027895	35.18205793404042	33.56890135054783	32.71184063135312	32.0452107318399	36.55165771527613	40.82609312942459	30.972747148706173	33.34961945293936	24.87006869531998	29.185855128528264	31.06119277262738	36.80377380520636	29.559300239147124	34.20824056301063	32.72956460151647	25.30448327031499	29.34201663633134	20.746640747203916	26.185832912451055	31.082561769191244	29.434036082620395	43.45966484747342	29.23203864656086	30.597746225125572	31.774254038248834	24.771624360213004	34.390442131540595	42.59940773489693	38.15502004139848	38.18478017645108	27.29106571558191	43.71463850365202	26.804287956255887	27.539569528571366	34.544232561352246	26.775823460828114	25.357458518486972	31.80631484037576	27.572730198001434	37.76114944957629	27.550437584251195	26.447530433678896	32.85309872405381	34.30511878608628	21.900631279571417	28.063607506061814	30.742899494291343	31.847572376094146	43.10913253014264	33.26409382827427	36.65319072660555	23.022475383415273	18.77483732312333	31.57345008240724	25.16837591107358	28.131747517745588	37.23324744526037	31.87083610184189	30.945520111307765	34.91802947295043	44.77968637810952	43.430237380558665	43.08370713777887	39.211727515655475	33.441709432742805	37.22452514424687	29.172756956553595	27.458896719467038	28.722423061619494	40.722992535051546	23.071824918151883	23.941247669484028	32.15956115192306	36.70105081839293	32.182518160730716	39.765811322393276	31.63870689876063	29.29638843268013	25.329333480479697	27.24601881357953	36.04491817809772	26.76647413436869	24.445069912789762	30.721037030148352	22.14833290839471	34.751169606130965	27.77228783265852	26.499116927994987	28.894363655178914	45.04435342176536	40.04462961651806	32.921676531253084	27.5020497174122	35.14715333876502	41.02168800927246	38.11787256182324	38.9525357915714	25.286361756861258	24.9774196881424	35.7357206796994	38.600113247280404	31.5468464366429	35.29535304788413	27.805700274707768	35.62632718322747	35.0749266913963	27.986740104055258	36.0778954981271	27.070628160556797	30.322442223978328	33.38514782074427	36.17106812412892	32.67944876449218	27.839143065100604	35.672072426849994	30.109215633596055	34.77788432203733	24.383798125979066	29.333212339303675	29.816582235377176	28.105385090728152	37.71468953591807	40.327402706881756	30.003601542017215	50.06527154675683	35.332271564532896	33.42657670335172	21.598113113998476	31.35511362887207	35.23784173324185	37.48749046032977	24.580764676642744	24.937068031250945	27.730488389452187	34.81342759230659	43.010784495046785	30.104207661209927	44.69466418170381	39.682956340099445	28.01043483219132	29.06723768655436	29.613702731371372	27.75770735326388	23.80013157583319	40.229076508335574	35.58321975732021	31.29111362259435	27.12334915772898	25.73063835469517	35.654435687069466	28.337361661292054	28.383870196441706	35.29067769068415	42.29613443138698	27.993292975699536	35.03747985122534	38.79647622271517	17.89801379462575	27.38213206362328	46.77110932001726	20.96229690851984	31.19765427439915	28.276866943415722	39.73948041016624	33.356873199021386	22.001565800310843	28.407363454538896	35.667336538782166	32.492749203762685	39.54298036587283	24.121372269733985	44.22836290070965	33.981746316118986	23.482483847447554	27.62071373351946	37.347866311141715	32.50796819192525	42.40649771620848	26.127913249423337	33.78010546707247	40.88399356658029	36.034011855134175	27.483169479561337	27.255993506174587	29.727311045337128	38.010804931229885	33.59544825165514	29.45530083458412	27.219716922203194	34.39704131531462	32.85327802232649	35.17735166468228	23.84917839557926	41.84525517768138	28.69657538764342	33.86131631901192	25.8845666833264	34.54002091244009	29.598931213017217	21.312247555956894	34.910290079858115	38.10371272731599	43.47526036481269	26.524867365407875	28.83659359013108	33.85581494465116	36.80194658002739	36.424396780918244	32.05360612349834	43.80111465898508	30.10975188094683	27.80566242619522	31.534285317684347	34.61729032950796	32.65305609569352	38.125974365179026	48.32700930913197	32.65561101476027	40.35336401735004	25.00613173201792	27.24659192186339	29.860314075430097	34.115087475781266	30.456768760753135	16.90272244337324	42.53770665328348	33.15421508682437	29.18920630992717	22.389505064253456	29.903327901471435	32.216981655529324	40.634970821898044	29.58031900298077	38.46164196800677	41.7629696083271	33.72791141855342	31.230502284555698	21.558985585683306	24.57231305565649	29.271997780987913	39.16375052046928	35.01909401869819	35.18207445179826	20.436721178992553	25.19826023077359	27.589127044917333	33.654464633860044	32.88273889233336	41.75435688660107	30.196722157651465	31.083785886167796	31.334464781036203	30.519163564562437	25.457007030126505	34.393535197826	20.920058267239323	34.33391514479703	41.456169699232866	40.906110623106606	27.753272797189062	30.456075136583245	44.53450399901066	26.58268660430262	26.36408723188988	41.14354761950873	49.064700552066014	32.91607694986453	41.31200606065434	29.443959043531184	32.181519196817156	30.521635174123222	32.62490559858161	39.985261288247486	46.493724556450324	37.755582815772286	36.175719628286586	29.425967077845637	24.526651456649038	27.771253729900927	21.115063924095157	25.961538840329577	44.521141551053084	24.707634122418956	34.982675704072975	34.18232514064382	29.938709171195136	32.582788731433546	42.42608655158115	34.750063095856305	38.59988125282482	31.428002798688492	42.80545116699729	37.14369440580434	39.94777787254411	30.039383734771864	47.89580424680783	35.15215372784371	37.388461144227676	24.73244701014712	38.51161772662965	41.483860640782154	33.28541708655752	39.28997541678801	25.803930050661638	30.65829693302031	31.710399092042568	23.218291461342385	32.113154916082834	34.55803591469096	47.43615407092715	36.106485253216015	35.97685298330046	32.67791358010945	33.47922760146638	34.32368385900152	29.57820470271011	27.24811091296405	37.99615879813723	41.850729458781586	29.07497481519403	34.18217165529615	30.36274696793832	35.04405165846258	34.560893360428885	26.534428462026273	29.54701225751439	24.2646176856544	54.9047774823152	31.44751842293329	42.05589631117989	26.481502207407406	34.55760474930528	39.39368471152908	43.674387090633964	34.302352190600665	36.495158272718356	29.273200780530384	31.076274373631787	30.170693251744332	18.955791693975787	28.984103050366198	35.46596106948394	48.30851642981733	32.69376750412389	28.23428525715484	36.45787936326863	29.853081018965916	36.3473704887153	27.176947618847436	33.29118926174993	34.058232187785016	25.255223641730762	37.766136897763175	40.48820681791413	36.30233516397332	33.433435965150636	30.953929822259454	30.665846078718968	32.81888159658057	37.72233066580423	43.80207071506933	38.89708655936454	36.84681035921213	29.109090403839183	29.290237670936158	25.46681852743502	41.628525540505564	30.412114539818887	34.549786918777144	23.185097363271378	23.89070093583066	27.750619044338436	27.54935984935204	35.72831336243576	35.839930236014304	29.355095950768625	35.66658563268757	30.127803467636937	44.79277898321205	43.94743898705357	34.05842452585163	27.221646406889246	36.9139717297234	32.311245575189446	27.694082680785105	42.044229603067805	29.71220082531434	35.17857065763818	22.836489272033933	28.79966471692952	45.23635974260069	28.03256982866984	30.11209604517298	34.774428768644135	22.39162340576774	30.343138418519768	39.61101826965788	35.724831836594575	38.44894204516136	28.429397965711868	25.249523153325327	35.69179511444471	27.03737257264352	34.090336176607195	24.693005237077198	28.268288679193127	27.9506849808164	38.096213817055435	23.634675221454362	32.61235622662236	42.84993077583155	29.117129760676633	33.32290613068029	34.20892392537184	31.489759020615498	27.597578223024364	36.260871501952295	24.72083152126766	42.19911517545903	31.702446878628187	39.10906752170284	30.914109267909723	33.45768480797252	39.76801978003219	43.623048425353026	36.25544793382337	27.62748613864031	38.788223287283465	30.367072159308446	24.89835744054266	30.138823340690728	25.406853817276726	26.594448060337765	28.39287437612698	24.826212927471413	30.160604836819868	45.231776575432676	31.297489717047526	37.93530245542029	33.363054703080564	33.66629596528673	38.380251612437384	44.80422905181153	33.58482516017245	25.9080963807701	30.556369583738263	29.590740062115586	32.12934700007373	30.21060610310526	25.043959797283776	39.84303384994431	27.41508355434933	27.893706370775224	30.67586717987058
G20	3.9412200988697985	3.245598444847573	3.627340678280519	3.5906544037173194	7.712069660095023	3.4148758365199954	2.8349953965115477	8.046169875279574	2.328767362372617	1.3847718736980104	4.35879739292245	4.59527737213703	6.261396634329747	4.706303916729221	3.3530675219516852	9.927445336080226	3.2911378199937915	3.9506742777434787	15.84451849039767	10.798457314939862	1.4651147490753254	25.234635056439174	5.975730451684433	13.31897687281249	8.885314107514324	5.46930420956826	1.761270199462244	1.6922648252404109	2.7546571467560668	3.973462637607454	12.758451542185991	2.528022815474629	4.366894109952723	4.838966113869907	3.4232532671080547	3.543715989626694	3.016316820857658	3.74871811092282	3.5662164526526516	3.5600303691008546	7.439162294434743	5.850531030070975	12.899867273970761	8.863251242752936	5.02337884462553	8.77604609224689	15.736466688715925	5.792972987758005	12.582385400523906	6.655065927121667	3.088004833883955	4.795613478880583	5.890026617899878	2.666655567902054	8.119759485111404	17.59161576049918	3.1633955291735876	1.367333032736198	4.482535156407229	4.964320263852193	3.091480867260823	28.42953757957533	7.164620555860789	4.754846327029772	8.033155137241877	7.208163260206401	12.86677422423151	0.0	4.026704762326393	13.6573142805978	11.718003207953357	6.897990828969578	4.232478035784485	4.076244510665323	11.139377508609236	4.539828709837182	7.933970679993573	0.6255423388945416	6.669722511159371	5.905729845760826	5.9972557571582765	5.578035109643448	1.490669659332223	8.419008473328505	5.977126000219681	2.2194019078079403	8.978963783291322	13.222313077284555	11.86235775257383	8.950695904232063	1.359080503109024	7.729647250102097	15.858410465889813	5.343420735213883	12.522826413062742	7.358227659551176	3.938993618299632	4.416538867287944	10.572502474631293	8.75446182644992	1.4376553643126326	10.772069217978713	6.549423812384223	1.3411616360722802	5.629235543757747	5.7080408883051765	7.229934955124855	30.042419053978918	26.085274462379633	3.794753293673436	4.8743082517233525	3.413305898720406	15.351730463008709	3.072428163735126	2.338731511988513	7.1957621291884575	6.831518524145684	7.916130657842138	2.2208680178557407	3.275275193694478	6.83894856222512	7.127431966437831	9.891622933505452	1.1197829674960889	2.145602163631954	0.7421710467041577	4.915214562903759	3.621014905917255	9.955663698435638	9.542590146091406	1.1887031217945023	1.114627696209528	5.381893672931092	5.823887728202509	2.964227058978993	3.9503352068666326	7.0452968196317265	2.018301224071066	6.3427783614554505	3.083050993050683	12.760336828302156	12.747131293136816	12.253606075563518	14.884354947087445	12.663860246841159	3.2320863808049722	3.80746560032168	1.1341488361014715	24.98164898202808	8.866621396325536	1.2365329793306576	3.080364200494597	4.650155790170414	9.270768154643868	1.9949111445817376	7.162508767909407	6.755629928943861	1.8450807543128442	2.9546028339619594	7.8818021004212095	18.212231103747087	9.27346491752578	3.7400743438293746	8.91500870911703	3.918206059537808	3.0136331115986996	9.676837696238875	12.68266907306265	11.378361954049618	4.8094564295915685	2.87500148107527	2.489471078252065	11.886249014790053	4.142961078369317	7.558106671785283	8.094844806191405	5.812380702778876	1.6389358060876034	17.536777602252506	11.791618621035683	3.4183543964779814	6.111994202956659	1.9048617877287206	12.257427417222516	5.248869219696027	3.9753603604654484	4.207857699560736	8.178190015991687	10.132664229990196	5.974348956826758	3.8797817870810913	7.771458084090742	13.012530621942481	0.0	3.3269633164217813	6.9642429578389216	3.9593312770230424	5.021950489037671	6.390528489671287	13.95312602472875	0.0	2.3747585776400935	3.033611981349879	12.478064768252818	9.908488760213343	20.587448750675996	7.582399315562436	10.43268693053688	2.2414108184982418	5.24960433503944	2.105607934295044	0.6222435491176358	3.8348181381767663	4.71793972195116	6.571921791261355	13.94669627544367	4.919570516683334	5.513856553091671	5.280730788832742	2.709998588897434	0.0	6.828273186375024	6.504043819346778	21.092528236506354	3.5385397354768493	6.764682522917532	8.788724144789642	2.258071289871872	10.485692436946358	3.344366203950683	4.706173994454081	4.165107166805891	13.93597227146723	3.427588283258424	9.468740757193927	6.0631140192559405	3.7557982152527063	14.040235666113572	6.076645633396051	4.990752855821278	3.0276972015848496	22.007681729571374	3.2080798704644784	7.350056526432224	4.026032330823956	8.854271395779698	1.6149535333166105	13.640374079133167	0.8233457606896617	6.196070249730831	6.608479069309911	0.6161335686528132	8.000111440193425	13.149332902533539	5.757118631697232	2.4003217193093227	2.3209946062976012	17.378417965882495	5.0219805517147424	5.326031274909105	5.3294906455295346	8.958018533426165	13.542548116055869	18.721155403474885	4.719826025891117	8.69918164716871	6.432590331520522	5.806304674261338	13.274380588694779	7.135309740651305	8.261569127667013	1.2665861968360466	1.992280960535595	2.388561911691524	4.211062583869729	4.653537517178234	3.9987924579439773	2.744965734008527	4.4810079575920225	5.637843545495345	5.113744129903502	5.361304116681956	9.695899857207838	3.7641632324292447	5.466283993832442	2.4756938112921048	14.180331084766301	1.7843656017709135	8.672150164718223	1.234211057861463	4.940593343731093	5.311797467214236	2.478157785348188	23.168219002273133	9.79856492048221	1.423573820530902	2.744930461698654	2.4622638613990424	5.450341279299183	11.720641452153252	19.794552444074135	3.263852303885164	11.651963271924567	4.267435782388548	6.716721627574572	3.5011040185790163	5.922799995195006	0.0	19.64423215147558	3.5312126479477475	8.177747932023177	5.322300691619562	5.77015035579181	2.8451145578779404	7.877850181734008	13.464643022174789	2.6629266812515326	20.14378251114156	4.15404393561712	4.346753748311631	5.493156440871918	10.866268137241557	5.486993322503902	7.867930264978285	2.654359217143678	10.04572657766216	7.318410890626679	0.6305127247837901	9.967409973993853	4.7637663074261605	1.8189196502048672	3.6083509657112374	3.3679116393251056	5.694815037918995	2.936303597130036	8.215082365617224	8.23062014255161	4.1488486107231335	4.7809657720575744	8.133480924779033	4.404320034337983	0.693861415883983	6.412135469631581	5.800816639288456	12.747539482348026	10.67026047689158	4.718004338603763	2.1143858767756	14.540871491320718	6.3107318362469496	5.98726960872511	13.481421432001634	4.867296294683766	7.17414300134989	6.837904251911087	7.865023138266878	3.5763374774306076	5.844146974868608	4.488720404648561	10.554167958021647	1.6062686089270986	2.5889033606479375	4.769554857479973	5.020147175384759	3.871434330325992	4.284526978329976	3.2787424203695004	14.162149134635351	4.815843840476337	5.068881604549997	2.613107596254996	3.7736867505931806	5.8872976090622435	3.8844895318630415	2.2293519265891484	14.4295736292926	0.5740267258827804	4.388628043238239	3.088480171822464	28.562703624572393	8.425596254540265	9.404945020793342	2.9796458156947487	2.752864747205335	7.051276591449458	7.610686440720947	2.2023061461591182	3.925737611963539	3.9404289600906015	4.531489974727622	6.251271230370636	17.501499941963328	6.775957188343579	10.75248538407873	4.63193051152553	3.4045643743508536	14.316193295766555	4.449398662067132	6.082313464580469	12.666012247998902	2.474515419406433	6.879403404489477	3.0213607369495197	5.724378743415578	10.718358580940102	9.756556181054448	1.9663488021666258	3.9728036738801737	5.029319022539571	1.2325658257799903	7.890337501477086	5.09948774357334	1.3111828468512263	10.906141893098113	8.061106904041589	2.2795642833617658	6.221306439157721	17.259977265851767	19.81595591389648	1.503303764812716	23.392576939230434	5.858837186729294	2.120136405014994	19.04040508265447	7.016666245164727	2.9885671131830134	2.0560676535996345	10.033121632251806	8.981605172449909	6.8149932418019725	4.576624391265958	7.789727521589749	4.681796324199085	1.8349381343245126	3.738300006907719	9.110813608594652	1.9158607845725184	0.0	17.369086658449394	1.482934742161317	5.537736508305088	2.5248974688734833	5.03980482294399	5.852899559886964	7.054471180968245	4.719475409770449	3.042851357919187	1.8676053628395564	15.677378395167286	4.322219056924481	2.339388593796278	16.303013423851564	8.585767447457329	3.948569064511685	14.88185007546125	19.569912092561335	2.342990139588096	3.279797186745982	5.6546143211283475	3.192136566025067	16.606623214029007	5.535790064138743	13.38198220553022	6.6931635943674594	1.3989783262524988	1.317101077715256	7.764488084479229	7.578381870790498	10.046147819966057	19.675507887524898	3.191735577504749	2.888672671582437	6.477757736156236	3.2561225077824756	3.775918702625036	2.0573337013987945	0.0	4.2866177314393	13.674736246969942	8.967915368150301	3.7759254547220245	5.5538125154025515	1.980105858640261	0.0	4.078724241477598	2.6267755506940444	13.848449981807105	12.8537521771881	6.064366668611189	7.6512934794310565	4.649359772447637	1.7010733345998228	5.268052998866749	10.67142859612753	3.444600945993383	6.714037015616154	13.73139739316252	4.119423942830858	1.8580706381745313	5.9679956241597765	2.9413953998938243	11.426530892939303	7.768030853971046	4.052499262513637	2.0252732396736985	5.757027466488515	1.4543991088696049	15.063222251469055	6.676575863298594	6.057466475228982	2.713446232730068	4.8883083743999185	1.219331916489321	2.8907760272826697	11.785126845036132	9.157341761612326	3.655936781669899	16.81492825333427	3.8393082181614084	1.367766192359979	3.468531539212882	14.66161774596619	7.572108735307795	2.1228424901944662	7.183446415311577	8.73164633503824	9.757308074505433	21.54242864631231	11.587434017538785	0.6941540219736549	11.620050574641477	3.429172582708337	4.946541380543052	7.090681469142623	5.864222842721947	8.138857244435663	18.542929245251944	6.956595408737809	7.532260406730015	19.4313719231512	4.7707877941406	2.5061610765802467	8.836911291497099	2.6317300501128855	5.65685642822796	13.520193807462382	6.632787826939969	2.284644329717259	5.176722595812341	0.6902586083922351	1.2002373735004999	1.5258492405758732	4.076161926628123	4.812646719146375	4.5519639940616425	3.0069079785568364	7.554113812940615	4.709250861324494	9.77968589177374	2.4977536296092144	9.436865059016705	12.49922293104829	4.789444126479736	0.6326748344253211	2.1793733623027816	8.154312650322224	5.895652424502718	2.7372495476378553	5.928424163653195	13.528355360440097	7.130907583577334	8.977934937546024	12.766115873605836	10.069763245449852	4.991156561950571	4.498855306621629	3.7974712098861643	16.247350231489193	6.7364395834714745	2.157021953276748	5.103380244575082	14.760669533122444	21.705051111579454	8.92755977312468	4.798534348728181	6.470706202221606	2.880012291419909	1.6128094149445815	10.235318943253446	11.129919964571265	4.690168166166536	11.448270706520438	9.683678730233407	6.317158697382391	10.014502263255068	1.4501163604293603	4.312024403666227	9.96860272523064	8.8633794748022	7.851577773294512	2.0917693232042582	7.1481556545178915	17.186528874186283	0.5915037434536852	7.164347345171552	5.832986080178287	4.808156979073467	15.190412108581011	3.240131781849049	3.300778694045487	10.495970982837877	5.8253746010233245	2.3424372287690876	7.422212583871938	6.290061819166549	3.3050924056494444	7.736475025394246	10.870499632594246	13.710502088816746	5.906692567404714	7.19855329144208	5.88989608356553	5.853670764318312	21.462817732832395	13.46668461364726	2.7236354908604445	6.996532225245745	15.95940390723481	3.3928091502672357	1.9752538397562875	20.745625778162147	5.532151318709482	16.25320058109509	6.49158293919502	2.6204767979021923	5.099136987016894	8.532882438244709	5.939009879765546	5.416521408616896	17.44537109968617	1.6277264372853353	5.050712453932297	3.148318484215996	3.1256756971831154	10.497449307559007	1.6608612681220674	5.984730081822882	8.331259030428212	11.286302771448549	16.05017869106874	10.819846667782176	5.401122701434067	5.399094928384139	7.856654096575931	3.0567470222038193	6.196894429090273	11.829919691875563	2.5288444063494864	12.162123606703117	2.4224721906685183	3.6215561434743107	8.332102341158304	11.89918036895801	6.535949061149051	4.911252497657468	1.921848886759199	21.48113972573212	4.8218801338333535	1.3230024651125116	7.64798977004945	3.5710790675511452	3.9125950198626342	5.083641625533636	4.622259378040595	6.093908830361268	4.730555549215363	3.2357577652972966	19.432742679145008	2.9166432942824905	6.051537671087059	10.800062474293165	3.4990332751373603	1.3046596616390411	4.179154181975631	8.067722047112973	2.86870069752692	8.42637191466786	4.991348759119134	6.401668332325358	4.789447797591767	3.02398610615153	3.2908096571189667	5.99910216856848	7.509665594841284	7.358410885734299	9.145076103657413	4.285892175191954	1.7719659438459665	1.254080203794948	4.140731718221728	18.759402700374096	1.8366884208196639	4.422954776419076	3.4856385227304476	14.897331704035938	12.74626439323709	11.854751199762536	1.3497582277502318	8.998487919800855	6.234529094721823	3.9458302246740784	9.209328972531866	5.020667042052446	2.961597089670754	6.297137897890416	4.7691073654700515	5.13393609248533	3.2067798329490738	8.04210688597084	1.944192102092282	2.747522546929337	3.369819424535083	2.565110726382415	5.539453334651398	16.34759174144715	5.490010767894208	3.2448431152391968	5.521377095080505	2.2879866677612744	1.3880037998837111	18.457928847232775	7.162687313825059	16.639422064408343	1.9696446883349095	15.720216718028878	10.770546680921582	1.7223372041027003	6.397986183919439	4.215689970342669	4.088598875336043	1.2810024152576642	1.2966286938229463	2.9844095043995917	6.0405095310280945	4.127620636772889	4.158320117622058	6.056545382422139	4.507514068973079	2.4396078330563693	13.789368298182225	15.957739257688155	1.2769865929978816	14.043284055680411	6.179381091195447	3.8524828633469674	2.7161022695561363	6.224481099416461	24.849626266607725	3.5360475257484536	9.731397628592232	6.4580396328796885	3.530001178028952	8.594134049550819	3.7797020392789604	3.3464125960603033	17.37083818618816	4.1741061938347555	16.095177233484065	4.467751193653786	7.951403574002931	5.774523012539384	2.94719035891631	5.589265748109207	4.428804881954112	6.145390306064799	2.5400780557904357	6.427250319734852	6.681104072756677	20.345187139217533	3.4679305025872016	2.2814786219515137	2.438453325161658	6.244821087763874	4.790634515501858	4.937073548298915	3.0281593818769763	2.223880436202691	4.045223462524652	4.9592946332385806	7.212591578340732	4.150474638124752	6.12577043570666	3.162391681046413	4.799959939544926	5.2264909900226835	12.874904750653943	3.2941096065970212	3.8505185704645903	14.645486845040516	20.53690652997444	10.99085158500371	7.011171389517321	4.366216474056186	4.024046143113511	7.227832562106744	8.550920155992076	16.85252358832894	9.24671918015505	9.26244088553751	18.17179997882609	12.528837066085963	2.9433073973656043	12.726631022686886	3.901333647061415	9.597986263998095	13.647812174375654	3.3017112895287926	5.60147006593819	3.501996624975978	5.812145341306824	16.871483381382827	9.148204622805208	5.239112970667706	7.183015451071124	3.4960187862609784	7.862400883936103	6.711007120711614	7.870082914757998	5.9085307936331075	9.241997194832484	1.9405510538065855	3.9277718125720713	6.091608052430518	4.489738023160487	4.038972296159736	3.983145854156029	2.5908855513557514	6.558423778967512	19.683201885019106	5.2269358031165805	3.31544853346654	1.5514908701989947	7.0818743250103955	5.6990226099718635	8.654653012194924	4.540805048972354	2.7858660400447706	1.5361746953087276	19.850577190394624	2.2142215404932357	7.002663911208955	9.899700835831222	23.62365594688648	7.213723637801408	1.6398428707604287	1.199499869844541	4.87041907968659	17.121251201017465	4.0581336843362275	5.643645382706057	20.692324139813632	13.517339456492689	7.801470120265795	1.777654606570016	3.2342570422088164	3.3535255637846837	9.356487953000238	4.00932703636926	2.1658232943130176	0.0	6.883937761170825	5.754711007591663	11.97448612854418	3.7693374638582777	1.6631387469574161	1.3029669226053342	8.643804871644662	5.956064970899557	7.6367035980950355	2.890086460949775	0.680822439442887	7.48648733878704	14.665861641174079	7.594294227180291	7.284950803001589	13.894387980566512	10.791749852852483	4.033345488870995	8.926730831331497	1.813232356828846	7.313543329595542	8.845642053174805	8.89621771289853	8.674872566350867	2.6573485378688493	7.01892808488294	4.352295714500122	2.6643551812769717	2.8910501987510364	9.93895004406439	0.6377444608526441	2.796572891574396	3.1725299460117884	2.7544842108836565	8.63842513162456	5.07664528279529	5.444040443587327	0.0	6.017683988090561	6.876021396533757	7.967808822456777	4.504998317550865	0.6094428403966142	3.0378263677462267	3.8456000134047414	1.7888504860860492	2.1273256774394587	17.872140532013375	5.615363432077379	4.7833899617170825	2.7429345115161285	2.628650480524193	12.506981639240221	3.847959479959212	2.396473771517433	0.7039860164430741	8.21765262516375	5.249994720914852	5.0961130409080635	3.422887536557327	17.45878311673927	11.718949406311673	11.428233908191988	6.376961299077666	18.21196384639663	9.69008041068126	13.563994083666172	6.516907159379389	13.68139337237905	4.438444479482076	5.919085106324314	16.07484902232258	2.080095784549953	3.9305682658348187	2.816132056808791	3.83786831644727	1.976149240167433	2.2326295149325315	8.827691457681043	1.2014969076613364	1.7758503730804944	2.521140218380115	12.276554337860224	7.067227809065858	4.350683565677464	2.0506976730174986	0.6657778977985548	0.7997266240247015	6.005315082967922	1.6827558865511105	7.02806253081754	2.408611438494074	6.610555937331693	5.137207085877327	4.938575303803962	7.652314631136743	12.399682201478512	4.887466115401137	4.7827404451457385	2.2495295841320164	4.118813291819186	13.016104016128674	4.761560529707654	17.387769652033814	1.3805145910048915	7.577633707619857	1.991284610103609	6.97738419513719	9.74300872509065	10.186002251958634	7.935163978451501	9.93329083951404	7.8404742573255914	7.81267976773857	3.412463271837648	9.128952749022469	5.29488716848057	1.634921481550678	2.8024481548799756	2.13901081154098	4.585107264321959	2.1157398072182545	7.672045352967047	5.695699594247573	16.684813621696406	7.559844870278074	7.33039954919965	2.2613647576288782	5.243624187863341	2.4503647898407968	6.59905038737469	9.148547716042518	6.812890731778196	6.997358244977012	10.1065094959604	7.993472155236899	1.3956902145828813	6.111907732463414	1.3667014585639607	6.226460597814566	10.300618467072278	4.905946105173257	6.938743351043579	7.733741980840445	1.4345025951456931	0.7418968903387638	11.915245843347341	15.724880859625069	5.450932154498329	6.861155798999129	6.914837950051715	7.861557000239873	27.241612028687783	3.8056722826236764	15.455651810420434	6.400628056992567	6.457866246262402	6.80517255890122	1.9374085663817742	6.967897333995965	2.262735428765303	5.12315885086127	6.07417620090901	2.849819792502637	7.597745671847741	20.59768478391446	2.9694347562340293	7.211929762688683	3.4921587360969886	7.849753441470984	1.6642869140879455	2.220453685820847	2.096332417536934	4.7144892257163304	4.234728219105339	5.0226586347529665	6.157319534035172	5.664607153252256	8.210115185904984	8.921128116162022	1.0928414843876513	2.861391598917066	9.847281670953588	5.20242456530568	7.628546983309431	9.788931354763923	13.692412431799202	15.820941028101588	3.066038871031043	13.79211802428681	1.3250444605290228	7.112418127491589	2.9445791617158705	18.887328000383867	10.788182615434568	5.331595664870623	11.688709096310653	6.5591176051409334	1.869766119776001	6.134404927403522	4.8306436984987275	11.645168011576132	2.529743974230903	11.775871142706734	10.002620284213815	8.776426212366964	5.019172705491765	6.885247742854042	6.279219986736746	11.130036775256286	3.5849546639464243	8.220270487223173	5.300175256550638	13.29467913538368	0.6650689117846309	5.252660597474194	4.729990490671475	6.496529645508106	3.5342167141216443	2.4900572397762546	3.695355423019202	3.5980210986617807	6.239193464081179	3.9462913432758397	23.57955978223776	2.840075065485751	14.487114266757906	3.4941420006584614	16.846546061275397	6.780881472921875	2.501382599540275	6.5633841667911685	2.5493554908719047	5.562341539163343	2.9814056166510685	5.820980631321164	3.720949864588501	3.678707587600391	3.4640457931728976	1.8848624503851084	13.701583252823127	5.119196467005282	2.391179694683781	5.720977727532878	2.815816192694709	3.170284887115681	3.0819449706581397	1.8028733752348638	9.578337781905766	2.919177433437527	3.7300624868475905	11.632865542947776	3.546510529496339	1.3300610449293366	1.2275058054920696	6.736476759219886	4.9606716414991014	17.675087131614063	4.899696388574069	14.75932963992691	3.765663070127532	4.865316699287223	2.874820590536103	2.014803201295683	3.61460264102925	5.708068887953606	9.937654137443591	6.816420170107553	7.252766552581654	4.639900236055304	4.141986148129844	4.782871055303428	5.700730493785516	12.302111129364985	12.569095027853871	2.0330358175514927	2.193972079056401	7.7727245627564665	3.910373525825911	15.40901913570271	11.641254168363345	19.089918698375282	5.976982213254382	7.057721986631452	10.600064298465947	1.1182991902077002	18.16178615608307	8.14719996658671	5.33565809982812	3.1165151730241236	1.5460832488219587	6.943956986570237	2.2854626411491576	6.245831932001906	10.145578630087307	5.083001986209293	6.10523514008276	23.517088723822994	7.85294922545769	10.6968033998107	1.6313512711386113	13.951891937050647	11.751850824633037	0.5720237195702753	8.188528139896151	0.0	2.0455861654298007	4.055985994300059	4.988628321276452	10.898584126822987	6.164525058360539	8.275381708170432	2.233501055145932	8.87709716675103	4.725105519194574	9.77827178625447	2.052241397917599	4.992053513855792	7.22890940737599	1.3444721476794903	4.8108339354076595	4.84432620772554	5.188561562044885	2.333917504680848	11.198854103475451	12.393306627129858	2.5294594197184397	7.188659734957586	1.8909235555968325	3.1277506127751633	8.815531208983733	2.063866240915442	5.405973597780299	3.818275572418538	3.5669908584138015	8.686689811717336	6.428796262751814	15.280232794620591	7.962878342734765	10.646571022863625	3.049099443184402	5.441706448659796	19.892098924686092	8.827288484526166	2.3908742110560275	5.907786215587901	7.065899963714664	3.7504487327846605	0.0	5.908540153206228	4.474615009143536	7.510272703518393	7.275048431115455	0.6633881755360839	2.0263469136763774	9.532077306665075	8.043052981030538	4.481314128382226	1.968612661017355	4.882615505011764	6.567356557505772	7.1250946159746595	2.0318470665010464	7.229456082448209	1.3505564633192146	5.579435153859803	6.520513132354845	4.946682965172721	7.960178586686172	7.882327792138678	11.311789442940444	4.312661675048624	3.6071901073511308	6.162132348632504	10.531000024736107	2.650962056202896	4.30884128948034	2.1477307479891046	2.125994725565003	4.702440753134049	14.103333896324962	6.500815686364891	18.010298358379686	0.7132609737967899	4.828514946097783	5.320971473424956	3.623263645199982	13.729218580295747	7.192938674642108	0.0	3.7070940761735005	1.269757964848488	7.772773690122045	3.3426155237439024	2.4337723546031302	6.994663551811935	5.939866708337917	5.886515318425016	4.417860714547354	9.417821504834983	5.222035569587304	0.650295880307603	2.6973259712030213	9.656760354141037	4.688790650162644	11.812994197869507	4.941707287544046	3.210962188586632	6.340503636740333	5.728183159933556	4.071842951366694	7.986261589611795	10.796142142620718	3.3319890017245433	5.045062364123964	0.0	5.301089320977889	0.5994274192893178	14.685027917188616	2.0489430420777732	4.296618102365062	5.1519126219963685	0.6174376220342633	4.438907575936833	23.012535738668753	11.213184637600657	2.096699991030484	8.813807022862354	11.064431374606016	5.306488632203859	20.270733457030648	7.748478078444358	1.4629917287591143	5.876956323107748	9.73528911328259	4.802291863173145	5.2979141491922865	3.9353251162693463	9.520555461774503	1.2897263884240222	2.0805469927913287	4.240481480795466	11.759900339581575	9.23610267710001	5.998428951404971	6.365450643458242	2.3917435651982304	5.780977347485555	12.819984599027253	6.881344147226418	11.783007236933106	5.890992683409364	9.855917809381232	3.111224889097767	2.01148027212791	10.74017228821938	1.5491801740822997	7.577745698152856	6.44756252784348	3.5964089389683664	12.823425281109358	6.396938662151081	19.479416698339048	5.613632319733764	8.053128434589993	18.966057247011825	5.4222373573125875	1.5616021833675715	6.7988440112918	9.903845227477825	6.064915038997895	4.075332193733175	1.208075027877773	5.888889058922051	6.205782732949097	1.4470767846543866	4.559029106462144	3.347640322463896	7.786993872292499	16.425649495764574	14.337254788712224	6.438548733721873	4.953026586651815	15.365367776989261	7.564971719726596	7.270821489960605	2.268272749140743	4.335485365124917	15.039387974177941	1.1991042896618371	1.2850382180706879	16.711647804130894	6.665310023324893	23.090725402753826	7.470515940413655	5.697788841771276	5.819039635029472	9.92419478023764	12.57748600097991	5.203346092757578	6.12691256124665	12.683065394570413	1.891484426512515	1.4476662862140735	4.2602123215086	4.313164713253058	2.82292403089085	14.196378197507547	2.108845799907116	2.470396028243926	7.388551137433107	13.81055003316988	3.1885827458824227	12.612371704999074	5.511048780669734	3.7869630198218007	1.9648219876997208	1.133157966135306	3.417213662140044	0.0	10.683249037793837	10.44438591765879	3.9903760649353215	2.510525840663553	1.749763365236999	25.33702239812366	3.54483312791527	4.979710264301609	20.923369546624322	1.313763678707557	10.68605130924342	4.633605742637382	7.048872646944842	5.445033787390136	2.1764378480207354	5.516672716691559	6.660288931379602	4.927022431851418	3.758447669332337	2.87040874523897	6.879862086422477	3.529347510901445	3.1605687803371905	14.061233235409365	6.522765736565725	6.130063828204879	10.711633678916622	2.2793948758291465	8.529589034133066	12.707494704284734	7.785188284886602	5.97255016829884	7.634333606986944	6.006646876100769	2.20279600219203	12.762563735832403	2.734477323472876	6.55196569830395	2.5152725884604075	10.598656624394886	5.5606173522229945	2.902930727828725	3.6847833908831276	3.998319068974218	6.706589910216567	6.908962530961533	0.0	2.6598833038953944	2.7977651561369026	21.192434397886657	3.342901986912992	8.592735916813673	10.755633260412013	7.518600102842221	4.156612653958123	9.01407412643213	3.3734434838390057	11.91578769071431	6.953395775395519	8.930683485371173	12.490521662311448	5.181387241611423	11.263171228615617	7.338609890524467	11.630341024380646	6.962940798854193	1.2087181030190908	1.5066564780653744	8.659322002884316	10.597606040887728	1.102793382111155	3.0153538776821427	1.3212212823173812	6.838254720636171	3.5468477496241517	13.530671910920525	12.245243201886954	4.321336199803695	1.697537259169107	5.434613352855157	1.1814116713719478	7.7137064294768996	13.733485296635422	8.340050150177328	8.958056094104156	11.441377699522663	6.639796737981751	21.939789756740257	3.9420183402478934	11.716459858011001	15.008030356103571	4.111144897182654	21.652364488664876	0.6317426952419962	8.158313277826307	3.6724888325052887	6.283498744513889	2.92399699407907	2.7831808505832116	7.874227129383784	7.401729766448466	3.800294147589949	2.4643375454446277	13.696991224458456	5.104656094514858	11.824991142553065	1.8741391027028056	2.251542850266322	3.7938337282933237	7.124167020595818	9.893132101475054	5.448099285592079	3.5431442551200587	3.3945493201987005	1.3096696157903633	6.250539178129355	5.431469784084189	1.5202680772905313	6.936919294968451	6.227559944300627	4.201100863184478	5.8146935777274384	12.869764578153404	3.965731151286913	2.9951416340652357	5.873290729326039	6.125430940290066	3.5643928955104407	5.020796952242801	4.281933158881253	4.915786239665376	3.6597278123293737	12.622161501531	5.514086412218058	5.042068751671987	12.938663168989335	3.47317366583314	11.134390285613708	3.2810972821192856	2.8670354739055246	11.062412192443244	7.619596896372946	15.696511658435316	9.756084613468326	2.23721505462026	9.01086648831172	2.8962779402533645	17.823889669304318	0.7512983685591226	8.188075256120703	4.045576341596575	7.475327724387135	8.41722405925789	8.450666394213192	13.29378504330692	5.677288699013796	4.682837141507639	1.5723935815204675	4.520807327225396	0.0	8.884684050727358	3.3681197326599706	10.351962460995953	0.7504252682277555	3.3823696217043886	10.295954438781438	2.6923528142658895	3.929112678895591	6.71723715383113	3.554281972793669	2.346205260083179	2.4877024242605277	7.156937272782066	3.517567038241372	8.766817627733268	11.561937021206623	4.500377922311972	17.743496485476754	6.864445218632106	1.1826982541346978	14.406087285214552	3.824493092546395	3.4068749623057344	13.020250673032976	5.397714344336224	4.906197680923949	3.3893168221858456	2.34407219164613	7.0252265054627765	5.444940853353581	2.707407678702921	11.32337381167674	5.148727559265502	6.590110053111172	2.6020209192645765	11.183770636359045	3.95984673882592	11.955734846138972	4.9475965891735845	6.323265870182777	5.719333557776735	6.294304433978257	8.702405507509079	2.5382901766048764	4.853207329702796	10.078729656318957	4.818561974490717	12.484366040064133	6.731898940053805	13.981021363037271	6.615957416382856	14.575373427587499	3.365236093283966	3.4038627728956716	18.496535574594706	12.99062999212141	3.8493489293830407	2.613429707117809	2.6862091600183757	3.54081655188728	4.831792761009037	8.96365506394865	14.252596217313473	7.505866051711613	2.519760993324653	3.9429618133462947	4.117017922358199	5.347872357331609	4.879276286234223	15.073147665627681	3.371583062393683	4.8705120280927	3.6373775631322944	4.2502369209379705	9.785360740428896	14.541323694180317	5.980416826301302	2.220814622633845	4.397891739069969	7.932043933201802	9.413747455322442	6.002431240081921	7.150502340882511	4.451729281878378	1.1859745532622417	10.761135254765303	3.451852395006883	11.55821084093873	10.800828826105645	7.008871019137631	21.168434672850196	12.544583161668166	2.0730437090682203	1.615974097039948	5.81817965492854	13.775163835998928	9.96487977602894	3.954184979383688	5.93922665502296	5.146464027756338	3.991230824668546	5.881409555318727	4.846313610983656	3.273624638250588	4.174436801499672	2.292334082090585	5.0313818744993455	4.802029793665823	5.953221494582346	9.031112972717155	5.376191041125215	17.596347288195858	1.6992608521388448	9.791834655687708	5.090412572390222	8.30170642253517	9.69984092712758	4.882856950668812	8.269526769712327	0.6824126078897903	12.84674336387347	9.659534556961871	4.063279776338953	2.6456278710433287	12.886634469329469	3.536132769409899	2.4071778139187243	6.358655147024348	3.289373704031265	29.3982063362499	6.671481262788758	3.527780151191223	11.403746431128138	2.1179617046128025	5.367368994850618	3.3007450432383516	2.69580774526689	8.120584565054848	9.055482752576708	7.573945250677721	15.360739895926214	9.666769527725165	6.432377734786607	10.214308901267312	7.085039664095844	4.027184085711164	4.316101800955179	11.665400558045727	5.156423397011852	24.08667366743784	1.8058850164752382	14.148379001407825	6.426344734130344	8.750940064465697	9.777339393538325	7.202861014639277	4.919711358246293	4.725763814005768	4.100831321935954	15.165506218027131	27.756041656123948	14.818961105592567	6.6029834041337105	6.928551638434432	1.1987333276634917	5.090502151928575	7.634541447878171	23.091713294951493	2.1265964206285726	5.205384197652777	3.9650466231235324	2.748579692094264	1.5659097760352074	1.4520368278086384	11.117388279941643	12.563740835822207	5.847497676375198	6.549517425426998	3.972799813161607	1.3383032793715652	12.705178779668874	1.2080727127357942	16.66723357785837	3.92498441680966	2.971786229239478	1.7782972946655233	25.46400038011481	7.964358089453815	10.512216052474665	3.944017976182305	2.184538735502477	13.109900860036774	3.0903935720773337	6.9915839439153915	7.96598267856382	4.555934712638299	1.621663037433551	4.9778920800812125	3.1167540563104463	3.0234144202138444	3.0860578265039025	1.439823001097217	6.671134818329211	7.521569662762397	11.700016966686958	5.240174548469487	2.3861309269246367	5.672741604775728	7.6409944133122085	12.116709063256348	1.3981771096960651	6.567764451209727	15.473639464564295	3.5062903381682937	10.136843552982288	2.3112063529188775	13.724953600607387	2.2033323001913265	1.7872127244376925	5.479443912752532	6.8805342148001785	2.996944172918465	5.433758523729233	9.510620799777596	7.904786122479529	5.093230238125533	3.267820040157253	5.443858047864383	6.480375243980432	3.048340537896506	13.511675697023385	0.6499953288217133	4.796412609838586	3.6739334388935037	2.9416019650404053	7.129054604488689	6.001987234220702	6.880294094330041	6.305048666349794	20.82687425820821	10.877655274828284	4.730831468299908	5.703738951324727	2.25187019822241	6.2327091788664335	2.275328379483383	7.253019596357539	8.420702329060138	5.148744251259958	5.406857843376374	3.445808649467982	3.811357850393008	3.522079450285622	8.474487489881392	3.450460371871107	1.6255825903209937	10.383091636652768	3.2705376292641293	13.3346555281476	2.0607580849422313	13.855548706889655	8.061283283287395	1.3902841373041643	5.8583840473971005	7.174547305756546	2.3850650477741713	3.1392772192935876	8.407266639938305	10.636151974868472	3.994843615150458	2.415370104859951	9.258239990237566	8.271792270483651	3.5876376847696663	0.6836453359538461	1.7536780184319822	4.253039145074434	5.901458811081361	10.134459552993883	6.052136609894749	5.731216310828856	6.731247919970248	4.0723946532562785	4.884554039182226	12.934264152236004	13.840268519237943	5.5995376691383285	12.676719011406123	2.9540770604628865	9.08034116791809	3.4057549757970214	4.951016947784682	13.558714942955756	2.3778333417241826	6.740877695713068	10.686862397853151	7.146931685918659	1.9955594627769515	4.879953773522467	3.355493812564595	4.651706278418715	9.022923566757054	2.7287987014743846	1.2269183332706992	3.609205504676236	6.066034441057167	4.2220024729050865	7.699864016345667	8.770557310450137	8.96576465393486	4.8455651767036745	11.941887255412064	0.8506235990420548	7.898939945369911	6.969157110456335	2.8293389498364094	7.315074231044738	8.875506124579797	0.5890375225257307	6.562440950240389	3.724488041473011	6.76514696365184	12.66302810096621	5.075920353495636	4.376746264120129	0.0	13.78646898412369	5.969973139180799	4.619109472263542	4.970091412800356	6.029596844610148	13.56373310050489	16.437946729353538	11.254248397623314	8.640517758830107	6.2283649826123675	10.667774957017128	1.988994122877111	3.250357258121651	9.360263401791556	3.526887982076162	6.346724816486964	1.7724574692600403	1.2206539507372616	10.868927431473136	6.394803028642034	3.8069954871452283	6.312222479367283	5.058888008179858	6.517921276909392	15.748513259820141	3.9871311044418096	4.195008747271591	5.078216448583974	5.945572513477053	2.406926395328779	8.17649894706597	7.262911707200626	6.967502745777864	1.5463364665678672	5.372272780343949	5.285438228896518	5.825262459845267	6.548753514505541	7.6680388969778965	2.9342914210992634	4.033208120842632	2.998873511140915	16.840943780106553	12.803309102243524	3.9963879836861835	15.567640734194928	6.808329385452512	0.689873871785174	18.821066466261804	14.41505948857114	2.722143829458178	4.786731173126352	2.875413642994532	6.461879062690006	3.731498422221982	3.634536663417235	1.2941998824116998	2.536016924173184	9.368842442293293	6.269545541137501	17.562483020503745	14.308818379351825	7.58787423811808	6.181327695283754	10.844566276979617	0.0	3.945012389639933	6.840702214596674	3.152273901417706	9.084983061460315	28.360920827063854	12.93079163642319	6.469030720945393	3.931973655675776	11.746110348363207	1.9549250742170985	9.267431458713768	9.791418211027006	3.453133608349988	1.0560440908655602	7.3010651088358935	4.490547057891754	6.878638109638194	0.7285055240274497	9.20280514426629	5.6605875098988925	2.177935406060405	4.721835743838123	1.418410013055902	0.767296816112769	7.756479477598094	6.0649605898352625	4.101173837166155	20.70083548678783	2.9135421273269797	10.687917037634307	11.449968383779659	11.721920762262112	7.549378980460086	4.94186717598308	5.224181142701709	3.8648189543248295	7.548047254392705	9.772365588236129	7.460633384103051	4.265489395186457	5.899917221448272	5.988893399088241	6.740514229866652	0.7033423725781319	7.760873986128758	6.1736915167933	7.083387723278268	9.661037728970818	26.527404684621693	4.186798222177253	0.7810188308639958	6.597526711403104	23.705804904199297	2.3246557469748104	5.752118919678672	1.623325973099161	6.6416248801301645	6.049914240751594	15.416142638548436	4.2500412157103025	11.814303414884268	1.6104263817745221	5.226835289837963	7.7961495562249	2.846771758660335	3.9823597544579026	10.118745154156226	8.845329394540531	2.697491310491722	10.282956238455832	4.452358517328442	8.185988246288234	12.868620188954692	4.082115079763141	6.9798214302886255	3.1624479263910965	12.793656907705715	1.1884949184184834	7.908973632954995	14.077066828714132	5.14954185079274	6.292359533663934	7.8746633602801825	9.757365043666544	3.828392509989387	10.186996885311112	4.927808443840054	6.738815269606323	6.347346027615914	2.8577231084227783	5.133968985125169	4.264523998813032	6.222141308564764	4.061022979639739	4.474293555511148	4.45148929806318	2.9122765538850817	2.1700611228747717	5.819794391582139	1.3589463477175647	14.761899964150993	6.706656492501657	2.9185175755455033	8.347100054176835	2.026869169747306	4.531002177019559	3.1819588543335002	0.6918902893713587	5.813304111672738	6.113322257484191	7.072547419061474	7.3781289587173795	6.183901572030066	8.647614136580147	2.9692111970849075	8.261183927491642	4.591276651628814	4.831898882447258	3.302610565128222	6.513114729164788	16.7874982752968	3.5585882401751827	6.757869377305845	7.742523200244834	19.419511869102763	18.5703849291281	2.4835554961301773	2.953857164342179	11.72595847163949	2.796203123160187	4.847511058884826	12.71413108802891	3.325114860252663	3.5284793543814925	7.368266582641012	12.460029286766469	3.5460763498947143	7.93555523298775	6.698209185801168	7.2734734505783125	12.91147114696455	5.290689102951899	12.819184461736645	7.873596584972449	14.961801320092407	2.6137683619407173	6.844775421963286	2.644475373959479	6.758157451190061	0.0	11.262299694788975	4.981146001633402	4.522200373001561	2.2046638900528746	6.188460194022816	3.7791848046112704	5.454298138152164	6.832673742515275	5.065199976256832	5.92689311053142	4.096242265867282	5.275747080445274	5.4190988803193445	7.267546797234517	3.48624029340839	4.983060697491959	3.91579324786632	0.6819420867506059	5.06539629866376	8.729717289664666	2.3215169553986925	12.857633417771213	3.806394006007692	7.934682397669307	6.024499469800552	3.032449802024278	4.010914774620309	7.578455318864356	6.280633659191895	1.6126624285696691	6.513588184010581	12.793528660676886	17.578075393712243	2.9122240799519625	3.9547765958691086	2.170003228504989	2.7088070170980276	12.064485553537233	4.277126299878543	9.927491049260833	2.807201887027601	7.712256972634298	8.718481101503132	1.8804214601894387	14.99531262062006	4.9523609568316305	12.602401588396722	11.391214647044375	1.9745355120303927	10.70829203295891	2.6084044350917304	1.8621593738553484	3.933766167100586	12.4699817294794	8.711931474652806	5.319665255895338	3.556838479812361	2.164521642043796	1.1590357343646045	2.411682748585518	6.9615528289148685	6.488558618858393	6.911689190809349	13.11699638582968	8.162202548068416	9.907831758569978	2.1369825958070643	4.605385146662411	1.403121696444852	6.736817285274518	15.702304736087203	7.87004406271396	4.668592820519598	7.854988386400601	5.248320342971882	15.722775825042973	7.384600224237659	13.695165337053275	0.7251877621927786	12.642903767571163	3.8493553609248297	4.432152198347247	3.5832334448730774	4.132229138518789	6.751618551415483	4.935869101886367	4.0387973164787745	3.480996556685867	2.9490453033426824	5.908835447352215	3.6761664332794672	3.687977093598846	11.522386932597158	4.881483416494161	1.8524327876165547	2.1479185184818497	9.132502190970769	5.21327624857634	11.608728681077698	10.869645964866365	13.447158770071157	6.524330878861715	10.963721976740004	13.724498124647543	3.905520346861326	4.208334523694794	3.267495828924825	2.2468277936273857	11.392674843185839	9.56469310346294	0.8059399222660446	5.345591322325351	7.401658407781732	3.9188472609772615	18.348840208057283	9.640072355296395	4.569445999667236	14.521328684142372	6.853439633541691	3.1995356447164065	8.937937340163348	5.865564719889404	5.758604150199367	4.6980413571066215	10.010870007784243	10.940376196401205	8.104684448313431	1.5627516059925832	2.9796655999729236	6.848420740672864	4.92794658098663	5.083707782088957	9.387537585069204	6.6652317976034645	10.50246220662265	6.097582986869758	4.440824835311766	14.066034404687713	4.68890039043771	4.301305389146579	18.73317778447306	9.765815549612729	6.218434300036862	6.853707170997885	6.354527313814836	5.700830288663322	3.903132293396151	8.506723033794996	3.9393370289588154	3.723166222141686	5.118897021834551	4.978064849110831	6.678157856565608	0.8194204433246075	3.003622747973068	3.2364219676308807	15.434489926349688	2.1203001820625826	3.9927509046708995	3.278603172152726	0.6571024722621677	2.7172035755388637	9.145903095443309	2.367277266420297	8.7375058986651	0.7122020939052789	1.4166485861380498	3.0333870512510015	4.787612894221408	6.102049356866252	4.9918571067490785	2.1097293934836387	4.222868206628921	3.095225122503546	2.8632842749405234	12.253238271849675	11.761670275500313	6.358029106379951	4.82120649105151	3.922927869648958	4.429899499789365	10.15855918653733	4.139009860258972	5.366754600107861	1.4284638872573545	2.6703543372533156	5.4416395582369645	4.568957214409516	3.7801938082800546	3.2949731009261884	12.2867019037145	8.650458676633036	11.564206749039501	7.637998222777224	1.4155297617387061	24.63275019928927	8.796404716202732	4.582139044212306	5.884763551236045	7.1724929555476615	8.735427683033228	19.396913268482262	1.6954124601377043	8.562628678580477	0.6584797704162639	3.077056699637985	3.7466628030766005	9.929454386952761	3.2594242579227637	3.593031267474391	3.3809053757854706	6.867903607451726	4.165612382885572	2.7291065715581913	5.733067344741249	10.920265463659806	3.442446191071421	4.212711287969786	5.2501614629074735	6.339364629621743	1.8003574437948542	10.812835371765267	8.034287116931125	10.203865771944887	4.958911956314793	10.951032908017936	3.4305118786086286	0.995483239980519	7.0159018765154535	6.360599895370623	13.933312914541188	1.596634538153431	8.786741765959242	16.397480061902485	9.509283310541091	4.551475714696564	9.970563183918077	2.7356930338123453	5.4099514457203055	3.2376736908922057	2.2365499018836412	9.77226950883403	1.2697465262891066	6.284868263594318	4.825581931173185	6.046836089512825	5.114573154215932	1.311439585597757	9.87589442602468	8.751827086966077	15.690798125409737	11.922515233125074	3.132537887311657	7.865394858460869	12.968175820970515	22.003910261842094	11.292631021043977	0.6188945800140522	1.8936100629711083	2.876246081705512	4.1117738151130006	3.088943107375573	6.41082795613636	2.8270524061253113	9.91350893865507	10.801309961465245	2.1433281648940707	3.0904650569853085	5.3924228699168735	2.6449797935865256	0.0	4.815727275863153	8.718261952599747	0.7025373616932993	2.862754480978529	11.10659700126262	9.531431413902379	6.83694800154541	1.3861044567935723	1.343190889364531	3.612337393837323	4.757603750122362	9.926589077694278	3.8600113247280405	5.162211235087019	3.9217058942093477	4.943235604392492	1.2723688279724095	3.5669416974301322	9.138527380916003	10.495387781273338	3.9477999400811994	6.219988148508375	2.725318189448512	6.782075273274173	2.1429146730814543	1.7399464415687877	3.640007390494897	0.6272753256999178	5.885488116037087	4.1800796787392684	6.5184916309563725	1.386817778389636	0.0	7.736346571470373	7.868761503781806	5.385261815233859	5.0790855192362	8.351264187980503	6.366966991114614	11.827538133856308	8.649686518309537	2.659459753452215	10.496497328892335	3.4298741409268945	5.667515461647943	3.0811653766057985	0.0	11.730213953194578	7.804794578832203	7.735614954525659	5.291060845346593	2.33420290268261	3.9128973808823178	5.330466491646847	2.775770735326388	17.982321635073966	9.578351549603708	0.0	1.6763096583532686	7.345907063551599	11.836093643159778	7.679416917214962	14.970681632380709	5.046021368256303	3.4152268732920144	5.018185441012015	15.44457543486871	9.732633292007039	9.699119055678793	6.647833695146707	6.84553301590582	9.354221864003453	18.965887679136998	3.3188993908935265	10.875718055159894	13.528333756652335	4.9680449445351	12.000854072896823	9.469121151512965	6.729686139392862	5.96805597620131	5.454204188396252	23.094930896553816	6.433216421921403	2.427267594008499	5.8706209618618885	7.205403582657251	6.002335657147776	3.5463238027554818	3.0290355511577487	11.612405888632594	12.511150172989803	2.303323581215791	7.721573968957323	18.64929357541662	13.060163555041989	3.365355967396656	3.305287385324338	3.5363629738584357	14.986030249174377	9.073238974067731	8.162009803633977	14.320659650757703	2.871620544055696	5.074293275655161	4.0235822286232095	1.082889637269563	1.3820945436331395	4.977801285255078	14.391675380183372	10.852941444772979	7.749908202166143	13.017396300964043	2.1982911188836147	8.05097414163198	3.7892667664868394	1.9224395726754053	11.100267194967593	11.545708730988986	10.522603514487493	11.27812067308275	5.110130043548259	7.7870047967965945	2.6736213871341556	1.7849595462840198	1.9971513651639208	11.972787235087626	2.9785917472796113	15.53368156364956	5.679236698219177	6.091073813939628	8.891069060273038	6.116581860010149	6.569269096594621	3.4811313750797215	6.442778007082394	1.988555581573322	4.6404770894491065	4.73631644097491	1.903643889777859	6.553025872464426	0.6229859979473216	12.691538227935794	1.998441187962199	6.879143954181575	1.4513827157738404	0.7733883260801314	8.119682378540636	9.21555805118037	20.054870312263542	5.897355133357557	6.8301328155638465	5.076782474875647	7.003818803739638	2.5742981306193844	27.248961571990073	6.171002505495574	9.890441770819422	2.8846683971880034	3.968606418040233	3.340348550928086	5.892043347834432	17.04594709886621	3.4816071978929117	2.2331095291143246	12.219363374460723	6.2021129045259995	8.135578215037514	17.657442074467046	5.003330825769484	4.719935841127685	6.938318199297266	2.8200069570910413	5.668027781692266	5.0633688770100225	7.853132366945921	4.0336811391675225	3.2173574132502303	9.87482308495936	3.997936070385904	6.039786470467935	0.6567656978942277	11.81482651901544	2.7765877105175845	1.4029916241490346	5.8117155695562905	1.9871359376722255	16.62127658596951	1.1317679645325245	8.720587184586325	1.3546953038976062	5.955530850385814	12.217194748390389	2.3028176664337803	20.75441266283192	4.2661799639113385	16.236604441805817	8.77513889500547	6.265920909891067	4.71400961684235	3.159096645077846	5.403983375395475	6.522793033690065	11.750516006626706	4.727379288011462	3.4240952462180663	17.609293913486955	5.894868214991733	1.3264963670884418	20.132248308430288	8.58064488107145	1.9582178505065924	1.430477953130419	13.472668820749474	3.1182520172053976	7.372551443046182	5.306243699945823	5.912108305296072	12.618636663773035	11.430105987080331	9.983432597577389	0.6776593438703878	0.6943554856387695	11.795689502721462	4.668273368587063	11.816197976988134	17.434252118857916	6.901581097299026	9.082703637654683	3.101727248827529	2.325040525487866	11.629989926077611	3.8592774449527916	6.874584219155846	4.8522533065563564	10.211173038308534	6.633607115506568	12.959215902418592	10.110257369022667	16.47143324469456	9.379084441927473	3.235068947013838	7.846371024417009	1.9560908348663364	5.909052706729362	4.77688608803809	4.0697705988848245	5.406690114476794	6.1269490005761265	1.1509731249493256	2.5142244376453613	7.9813859764108575	5.2698369182484	2.4888393732971186	3.9705629942315617	2.6688789799284804	7.52914273524129	1.4022261293564857	3.4712884905774324	8.260766020162567	5.640498562402298	0.0	2.898572952151916	10.684902309963014	4.017674138059912	3.3187054768782076	2.7924873203056397	2.985128211174164	4.502389792328648	2.60985924074204	5.1819286731443	3.1435275554836855	2.433448373059407	14.06915896828079	5.359536052249037	3.3587412004429824	8.67858893953664	5.960319229825217	7.929242960096298	5.8690045603159255	2.8203907688797667	11.592548681635689	7.96356697861022	12.884215984871416	8.316787879049672	8.361945680570072	4.561445666401821	5.391752317488115	6.173062897965157	12.634240163847748	1.3573569388852138	0.7448718472381962	0.5872142159629591	11.977524419031267	1.5708073076478044	9.791286537936196	5.538816536157022	1.3784993312481248	8.170855226961443	0.7817460146141818	35.74407016492268	9.599888238976506	6.263495964360096	9.666403389196496	12.62765318023383	4.125779684415406	4.0190093292403635	5.142904816698266	3.772477930443608	3.152191044405404	2.65165117552837	5.685879593142373	6.733206174220087	7.030202067996686	4.325979611622963	0.7253263016299404	4.004271119526032	7.610693105936611	3.3540821976979682	2.9304779859273413	5.9086688053635905	3.261235622662236	3.2339570396854	4.159589965810947	2.3802075807628773	3.9095913057567815	13.359291705715664	7.526612242643009	11.914286350641468	13.390450407353315	5.470255670892836	5.76408125065967	7.651774080333165	1.1890042026119125	10.515272368219934	6.7140812615638765	8.389047774106352	0.0	20.720614603980234	7.605533977898718	10.669511839757021	4.065037949476353	2.2325054326437574	4.324570862515188	2.829196602163592	6.591202980172334	5.958291102593139	5.913844085650955	11.72675688992699	14.379927707832646	6.8973277191673255	4.843024069802018	5.386607354445877	3.620778454003527	1.493474301727051	4.477976688022993	6.3330902264104685	3.5948670098515603	1.2329475025881493	7.201405362085491	26.312463380123937	3.954309441676386	4.150316026035866	0.6230700807806666	8.656667494378517	0.8521074216630716
