0.0	Cell1	Cell2	Cell3	Cell4	Cell5	Cell6	Cell7	Cell8	Cell9	Cell10	Cell11	Cell12	Cell13	Cell14	Cell15	Cell16	Cell17	Cell18	Cell19	Cell20	Cell21	Cell22	Cell23	Cell24	Cell25	Cell26	Cell27	Cell28	Cell29	Cell30	Cell31	Cell32	Cell33	Cell34	Cell35	Cell36	Cell37	Cell38	Cell39	Cell40	Cell41	Cell42	Cell43	Cell44	Cell45	Cell46	Cell47	Cell48	Cell49	Cell50	Cell51	Cell52	Cell53	Cell54	Cell55	Cell56	Cell57	Cell58	Cell59	Cell60	Cell61	Cell62	Cell63	Cell64	Cell65	Cell66	Cell67	Cell68	Cell69	Cell70	Cell71	Cell72	Cell73	Cell74	Cell75	Cell76	Cell77	Cell78	Cell79	Cell80	Cell81	Cell82	Cell83	Cell84	Cell85	Cell86	Cell87	Cell88	Cell89	Cell90	Cell91	Cell92	Cell93	Cell94	Cell95	Cell96	Cell97	Cell98	Cell99	Cell100	Cell101	Cell102	Cell103	Cell104	Cell105	Cell106	Cell107	Cell108	Cell109	Cell110	Cell111	Cell112	Cell113	Cell114	Cell115	Cell116	Cell117	Cell118	Cell119	Cell120	Cell121	Cell122	Cell123	Cell124	Cell125	Cell126	Cell127	Cell128	Cell129	Cell130	Cell131	Cell132	Cell133	Cell134	Cell135	Cell136	Cell137	Cell138	Cell139	Cell140	Cell141	Cell142	Cell143	Cell144	Cell145	Cell146	Cell147	Cell148	Cell149	Cell150	Cell151	Cell152	Cell153	Cell154	Cell155	Cell156	Cell157	Cell158	Cell159	Cell160	Cell161	Cell162	Cell163	Cell164	Cell165	Cell166	Cell167	Cell168	Cell169	Cell170	Cell171	Cell172	Cell173	Cell174	Cell175	Cell176	Cell177	Cell178	Cell179	Cell180	Cell181	Cell182	Cell183	Cell184	Cell185	Cell186	Cell187	Cell188	Cell189	Cell190	Cell191	Cell192	Cell193	Cell194	Cell195	Cell196	Cell197	Cell198	Cell199	Cell200	Cell201	Cell202	Cell203	Cell204	Cell205	Cell206	Cell207	Cell208	Cell209	Cell210	Cell211	Cell212	Cell213	Cell214	Cell215	Cell216	Cell217	Cell218	Cell219	Cell220	Cell221	Cell222	Cell223	Cell224	Cell225	Cell226	Cell227	Cell228	Cell229	Cell230	Cell231	Cell232	Cell233	Cell234	Cell235	Cell236	Cell237	Cell238	Cell239	Cell240	Cell241	Cell242	Cell243	Cell244	Cell245	Cell246	Cell247	Cell248	Cell249	Cell250	Cell251	Cell252	Cell253	Cell254	Cell255	Cell256	Cell257	Cell258	Cell259	Cell260	Cell261	Cell262	Cell263	Cell264	Cell265	Cell266	Cell267	Cell268	Cell269	Cell270	Cell271	Cell272	Cell273	Cell274	Cell275	Cell276	Cell277	Cell278	Cell279	Cell280	Cell281	Cell282	Cell283	Cell284	Cell285	Cell286	Cell287	Cell288	Cell289	Cell290	Cell291	Cell292	Cell293	Cell294	Cell295	Cell296	Cell297	Cell298	Cell299	Cell300	Cell301	Cell302	Cell303	Cell304	Cell305	Cell306	Cell307	Cell308	Cell309	Cell310	Cell311	Cell312	Cell313	Cell314	Cell315	Cell316	Cell317	Cell318	Cell319	Cell320	Cell321	Cell322	Cell323	Cell324	Cell325	Cell326	Cell327	Cell328	Cell329	Cell330	Cell331	Cell332	Cell333	Cell334	Cell335	Cell336	Cell337	Cell338	Cell339	Cell340	Cell341	Cell342	Cell343	Cell344	Cell345	Cell346	Cell347	Cell348	Cell349	Cell350	Cell351	Cell352	Cell353	Cell354	Cell355	Cell356	Cell357	Cell358	Cell359	Cell360	Cell361	Cell362	Cell363	Cell364	Cell365	Cell366	Cell367	Cell368	Cell369	Cell370	Cell371	Cell372	Cell373	Cell374	Cell375	Cell376	Cell377	Cell378	Cell379	Cell380	Cell381	Cell382	Cell383	Cell384	Cell385	Cell386	Cell387	Cell388	Cell389	Cell390	Cell391	Cell392	Cell393	Cell394	Cell395	Cell396	Cell397	Cell398	Cell399	Cell400	Cell401	Cell402	Cell403	Cell404	Cell405	Cell406	Cell407	Cell408	Cell409	Cell410	Cell411	Cell412	Cell413	Cell414	Cell415	Cell416	Cell417	Cell418	Cell419	Cell420	Cell421	Cell422	Cell423	Cell424	Cell425	Cell426	Cell427	Cell428	Cell429	Cell430	Cell431	Cell432	Cell433	Cell434	Cell435	Cell436	Cell437	Cell438	Cell439	Cell440	Cell441	Cell442	Cell443	Cell444	Cell445	Cell446	Cell447	Cell448	Cell449	Cell450	Cell451	Cell452	Cell453	Cell454	Cell455	Cell456	Cell457	Cell458	Cell459	Cell460	Cell461	Cell462	Cell463	Cell464	Cell465	Cell466	Cell467	Cell468	Cell469	Cell470	Cell471	Cell472	Cell473	Cell474	Cell475	Cell476	Cell477	Cell478	Cell479	Cell480	Cell481	Cell482	Cell483	Cell484	Cell485	Cell486	Cell487	Cell488	Cell489	Cell490	Cell491	Cell492	Cell493	Cell494	Cell495	Cell496	Cell497	Cell498	Cell499	Cell500	Cell501	Cell502	Cell503	Cell504	Cell505	Cell506	Cell507	Cell508	Cell509	Cell510	Cell511	Cell512	Cell513	Cell514	Cell515	Cell516	Cell517	Cell518	Cell519	Cell520	Cell521	Cell522	Cell523	Cell524	Cell525	Cell526	Cell527	Cell528	Cell529	Cell530	Cell531	Cell532	Cell533	Cell534	Cell535	Cell536	Cell537	Cell538	Cell539	Cell540	Cell541	Cell542	Cell543	Cell544	Cell545	Cell546	Cell547	Cell548	Cell549	Cell550	Cell551	Cell552	Cell553	Cell554	Cell555	Cell556	Cell557	Cell558	Cell559	Cell560	Cell561	Cell562	Cell563	Cell564	Cell565	Cell566	Cell567	Cell568	Cell569	Cell570	Cell571	Cell572	Cell573	Cell574	Cell575	Cell576	Cell577	Cell578	Cell579	Cell580	Cell581	Cell582	Cell583	Cell584	Cell585	Cell586	Cell587	Cell588	Cell589	Cell590	Cell591	Cell592	Cell593	Cell594	Cell595	Cell596	Cell597	Cell598	Cell599	Cell600	Cell601	Cell602	Cell603	Cell604	Cell605	Cell606	Cell607	Cell608	Cell609	Cell610	Cell611	Cell612	Cell613	Cell614	Cell615	Cell616	Cell617	Cell618	Cell619	Cell620	Cell621	Cell622	Cell623	Cell624	Cell625	Cell626	Cell627	Cell628	Cell629	Cell630	Cell631	Cell632	Cell633	Cell634	Cell635	Cell636	Cell637	Cell638	Cell639	Cell640	Cell641	Cell642	Cell643	Cell644	Cell645	Cell646	Cell647	Cell648	Cell649	Cell650	Cell651	Cell652	Cell653	Cell654	Cell655	Cell656	Cell657	Cell658	Cell659	Cell660	Cell661	Cell662	Cell663	Cell664	Cell665	Cell666	Cell667	Cell668	Cell669	Cell670	Cell671	Cell672	Cell673	Cell674	Cell675	Cell676	Cell677	Cell678	Cell679	Cell680	Cell681	Cell682	Cell683	Cell684	Cell685	Cell686	Cell687	Cell688	Cell689	Cell690	Cell691	Cell692	Cell693	Cell694	Cell695	Cell696	Cell697	Cell698	Cell699	Cell700	Cell701	Cell702	Cell703	Cell704	Cell705	Cell706	Cell707	Cell708	Cell709	Cell710	Cell711	Cell712	Cell713	Cell714	Cell715	Cell716	Cell717	Cell718	Cell719	Cell720	Cell721	Cell722	Cell723	Cell724	Cell725	Cell726	Cell727	Cell728	Cell729	Cell730	Cell731	Cell732	Cell733	Cell734	Cell735	Cell736	Cell737	Cell738	Cell739	Cell740	Cell741	Cell742	Cell743	Cell744	Cell745	Cell746	Cell747	Cell748	Cell749	Cell750	Cell751	Cell752	Cell753	Cell754	Cell755	Cell756	Cell757	Cell758	Cell759	Cell760	Cell761	Cell762	Cell763	Cell764	Cell765	Cell766	Cell767	Cell768	Cell769	Cell770	Cell771	Cell772	Cell773	Cell774	Cell775	Cell776	Cell777	Cell778	Cell779	Cell780	Cell781	Cell782	Cell783	Cell784	Cell785	Cell786	Cell787	Cell788	Cell789	Cell790	Cell791	Cell792	Cell793	Cell794	Cell795	Cell796	Cell797	Cell798	Cell799	Cell800	Cell801	Cell802	Cell803	Cell804	Cell805	Cell806	Cell807	Cell808	Cell809	Cell810	Cell811	Cell812	Cell813	Cell814	Cell815	Cell816	Cell817	Cell818	Cell819	Cell820	Cell821	Cell822	Cell823	Cell824	Cell825	Cell826	Cell827	Cell828	Cell829	Cell830	Cell831	Cell832	Cell833	Cell834	Cell835	Cell836	Cell837	Cell838	Cell839	Cell840	Cell841	Cell842	Cell843	Cell844	Cell845	Cell846	Cell847	Cell848	Cell849	Cell850	Cell851	Cell852	Cell853	Cell854	Cell855	Cell856	Cell857	Cell858	Cell859	Cell860	Cell861	Cell862	Cell863	Cell864	Cell865	Cell866	Cell867	Cell868	Cell869	Cell870	Cell871	Cell872	Cell873	Cell874	Cell875	Cell876	Cell877	Cell878	Cell879	Cell880	Cell881	Cell882	Cell883	Cell884	Cell885	Cell886	Cell887	Cell888	Cell889	Cell890	Cell891	Cell892	Cell893	Cell894	Cell895	Cell896	Cell897	Cell898	Cell899	Cell900	Cell901	Cell902	Cell903	Cell904	Cell905	Cell906	Cell907	Cell908	Cell909	Cell910	Cell911	Cell912	Cell913	Cell914	Cell915	Cell916	Cell917	Cell918	Cell919	Cell920	Cell921	Cell922	Cell923	Cell924	Cell925	Cell926	Cell927	Cell928	Cell929	Cell930	Cell931	Cell932	Cell933	Cell934	Cell935	Cell936	Cell937	Cell938	Cell939	Cell940	Cell941	Cell942	Cell943	Cell944	Cell945	Cell946	Cell947	Cell948	Cell949	Cell950	Cell951	Cell952	Cell953	Cell954	Cell955	Cell956	Cell957	Cell958	Cell959	Cell960	Cell961	Cell962	Cell963	Cell964	Cell965	Cell966	Cell967	Cell968	Cell969	Cell970	Cell971	Cell972	Cell973	Cell974	Cell975	Cell976	Cell977	Cell978	Cell979	Cell980	Cell981	Cell982	Cell983	Cell984	Cell985	Cell986	Cell987	Cell988	Cell989	Cell990	Cell991	Cell992	Cell993	Cell994	Cell995	Cell996	Cell997	Cell998	Cell999	Cell1000	Cell1001	Cell1002	Cell1003	Cell1004	Cell1005	Cell1006	Cell1007	Cell1008	Cell1009	Cell1010	Cell1011	Cell1012	Cell1013	Cell1014	Cell1015	Cell1016	Cell1017	Cell1018	Cell1019	Cell1020	Cell1021	Cell1022	Cell1023	Cell1024	Cell1025	Cell1026	Cell1027	Cell1028	Cell1029	Cell1030	Cell1031	Cell1032	Cell1033	Cell1034	Cell1035	Cell1036	Cell1037	Cell1038	Cell1039	Cell1040	Cell1041	Cell1042	Cell1043	Cell1044	Cell1045	Cell1046	Cell1047	Cell1048	Cell1049	Cell1050	Cell1051	Cell1052	Cell1053	Cell1054	Cell1055	Cell1056	Cell1057	Cell1058	Cell1059	Cell1060	Cell1061	Cell1062	Cell1063	Cell1064	Cell1065	Cell1066	Cell1067	Cell1068	Cell1069	Cell1070	Cell1071	Cell1072	Cell1073	Cell1074	Cell1075	Cell1076	Cell1077	Cell1078	Cell1079	Cell1080	Cell1081	Cell1082	Cell1083	Cell1084	Cell1085	Cell1086	Cell1087	Cell1088	Cell1089	Cell1090	Cell1091	Cell1092	Cell1093	Cell1094	Cell1095	Cell1096	Cell1097	Cell1098	Cell1099	Cell1100	Cell1101	Cell1102	Cell1103	Cell1104	Cell1105	Cell1106	Cell1107	Cell1108	Cell1109	Cell1110	Cell1111	Cell1112	Cell1113	Cell1114	Cell1115	Cell1116	Cell1117	Cell1118	Cell1119	Cell1120	Cell1121	Cell1122	Cell1123	Cell1124	Cell1125	Cell1126	Cell1127	Cell1128	Cell1129	Cell1130	Cell1131	Cell1132	Cell1133	Cell1134	Cell1135	Cell1136	Cell1137	Cell1138	Cell1139	Cell1140	Cell1141	Cell1142	Cell1143	Cell1144	Cell1145	Cell1146	Cell1147	Cell1148	Cell1149	Cell1150	Cell1151	Cell1152	Cell1153	Cell1154	Cell1155	Cell1156	Cell1157	Cell1158	Cell1159	Cell1160	Cell1161	Cell1162	Cell1163	Cell1164	Cell1165	Cell1166	Cell1167	Cell1168	Cell1169	Cell1170	Cell1171	Cell1172	Cell1173	Cell1174	Cell1175	Cell1176	Cell1177	Cell1178	Cell1179	Cell1180	Cell1181	Cell1182	Cell1183	Cell1184	Cell1185	Cell1186	Cell1187	Cell1188	Cell1189	Cell1190	Cell1191	Cell1192	Cell1193	Cell1194	Cell1195	Cell1196	Cell1197	Cell1198	Cell1199	Cell1200	Cell1201	Cell1202	Cell1203	Cell1204	Cell1205	Cell1206	Cell1207	Cell1208	Cell1209	Cell1210	Cell1211	Cell1212	Cell1213	Cell1214	Cell1215	Cell1216	Cell1217	Cell1218	Cell1219	Cell1220	Cell1221	Cell1222	Cell1223	Cell1224	Cell1225	Cell1226	Cell1227	Cell1228	Cell1229	Cell1230	Cell1231	Cell1232	Cell1233	Cell1234	Cell1235	Cell1236	Cell1237	Cell1238	Cell1239	Cell1240	Cell1241	Cell1242	Cell1243	Cell1244	Cell1245	Cell1246	Cell1247	Cell1248	Cell1249	Cell1250	Cell1251	Cell1252	Cell1253	Cell1254	Cell1255	Cell1256	Cell1257	Cell1258	Cell1259	Cell1260	Cell1261	Cell1262	Cell1263	Cell1264	Cell1265	Cell1266	Cell1267	Cell1268	Cell1269	Cell1270	Cell1271	Cell1272	Cell1273	Cell1274	Cell1275	Cell1276	Cell1277	Cell1278	Cell1279	Cell1280	Cell1281	Cell1282	Cell1283	Cell1284	Cell1285	Cell1286	Cell1287	Cell1288	Cell1289	Cell1290	Cell1291	Cell1292	Cell1293	Cell1294	Cell1295	Cell1296	Cell1297	Cell1298	Cell1299	Cell1300	Cell1301	Cell1302	Cell1303	Cell1304	Cell1305	Cell1306	Cell1307	Cell1308	Cell1309	Cell1310	Cell1311	Cell1312	Cell1313	Cell1314	Cell1315	Cell1316	Cell1317	Cell1318	Cell1319	Cell1320	Cell1321	Cell1322	Cell1323	Cell1324	Cell1325	Cell1326	Cell1327	Cell1328	Cell1329	Cell1330	Cell1331	Cell1332	Cell1333	Cell1334	Cell1335	Cell1336	Cell1337	Cell1338	Cell1339	Cell1340	Cell1341	Cell1342	Cell1343	Cell1344	Cell1345	Cell1346	Cell1347	Cell1348	Cell1349	Cell1350	Cell1351	Cell1352	Cell1353	Cell1354	Cell1355	Cell1356	Cell1357	Cell1358	Cell1359	Cell1360	Cell1361	Cell1362	Cell1363	Cell1364	Cell1365	Cell1366	Cell1367	Cell1368	Cell1369	Cell1370	Cell1371	Cell1372	Cell1373	Cell1374	Cell1375	Cell1376	Cell1377	Cell1378	Cell1379	Cell1380	Cell1381	Cell1382	Cell1383	Cell1384	Cell1385	Cell1386	Cell1387	Cell1388	Cell1389	Cell1390	Cell1391	Cell1392	Cell1393	Cell1394	Cell1395	Cell1396	Cell1397	Cell1398	Cell1399	Cell1400	Cell1401	Cell1402	Cell1403	Cell1404	Cell1405	Cell1406	Cell1407	Cell1408	Cell1409	Cell1410	Cell1411	Cell1412	Cell1413	Cell1414	Cell1415	Cell1416	Cell1417	Cell1418	Cell1419	Cell1420	Cell1421	Cell1422	Cell1423	Cell1424	Cell1425	Cell1426	Cell1427	Cell1428	Cell1429	Cell1430	Cell1431	Cell1432	Cell1433	Cell1434	Cell1435	Cell1436	Cell1437	Cell1438	Cell1439	Cell1440	Cell1441	Cell1442	Cell1443	Cell1444	Cell1445	Cell1446	Cell1447	Cell1448	Cell1449	Cell1450	Cell1451	Cell1452	Cell1453	Cell1454	Cell1455	Cell1456	Cell1457	Cell1458	Cell1459	Cell1460	Cell1461	Cell1462	Cell1463	Cell1464	Cell1465	Cell1466	Cell1467	Cell1468	Cell1469	Cell1470	Cell1471	Cell1472	Cell1473	Cell1474	Cell1475	Cell1476	Cell1477	Cell1478	Cell1479	Cell1480	Cell1481	Cell1482	Cell1483	Cell1484	Cell1485	Cell1486	Cell1487	Cell1488	Cell1489	Cell1490	Cell1491	Cell1492	Cell1493	Cell1494	Cell1495	Cell1496	Cell1497	Cell1498	Cell1499	Cell1500	Cell1501	Cell1502	Cell1503	Cell1504	Cell1505	Cell1506	Cell1507	Cell1508	Cell1509	Cell1510	Cell1511	Cell1512	Cell1513	Cell1514	Cell1515	Cell1516	Cell1517	Cell1518	Cell1519	Cell1520	Cell1521	Cell1522	Cell1523	Cell1524	Cell1525	Cell1526	Cell1527	Cell1528	Cell1529	Cell1530	Cell1531	Cell1532	Cell1533	Cell1534	Cell1535	Cell1536	Cell1537	Cell1538	Cell1539	Cell1540	Cell1541	Cell1542	Cell1543	Cell1544	Cell1545	Cell1546	Cell1547	Cell1548	Cell1549	Cell1550	Cell1551	Cell1552	Cell1553	Cell1554	Cell1555	Cell1556	Cell1557	Cell1558	Cell1559	Cell1560	Cell1561	Cell1562	Cell1563	Cell1564	Cell1565	Cell1566	Cell1567	Cell1568	Cell1569	Cell1570	Cell1571	Cell1572	Cell1573	Cell1574	Cell1575	Cell1576	Cell1577	Cell1578	Cell1579	Cell1580	Cell1581	Cell1582	Cell1583	Cell1584	Cell1585	Cell1586	Cell1587	Cell1588	Cell1589	Cell1590	Cell1591	Cell1592	Cell1593	Cell1594	Cell1595	Cell1596	Cell1597	Cell1598	Cell1599	Cell1600	Cell1601	Cell1602	Cell1603	Cell1604	Cell1605	Cell1606	Cell1607	Cell1608	Cell1609	Cell1610	Cell1611	Cell1612	Cell1613	Cell1614	Cell1615	Cell1616	Cell1617	Cell1618	Cell1619	Cell1620	Cell1621	Cell1622	Cell1623	Cell1624	Cell1625	Cell1626	Cell1627	Cell1628	Cell1629	Cell1630	Cell1631	Cell1632	Cell1633	Cell1634	Cell1635	Cell1636	Cell1637	Cell1638	Cell1639	Cell1640	Cell1641	Cell1642	Cell1643	Cell1644	Cell1645	Cell1646	Cell1647	Cell1648	Cell1649	Cell1650	Cell1651	Cell1652	Cell1653	Cell1654	Cell1655	Cell1656	Cell1657	Cell1658	Cell1659	Cell1660	Cell1661	Cell1662	Cell1663	Cell1664	Cell1665	Cell1666	Cell1667	Cell1668	Cell1669	Cell1670	Cell1671	Cell1672	Cell1673	Cell1674	Cell1675	Cell1676	Cell1677	Cell1678	Cell1679	Cell1680	Cell1681	Cell1682	Cell1683	Cell1684	Cell1685	Cell1686	Cell1687	Cell1688	Cell1689	Cell1690	Cell1691	Cell1692	Cell1693	Cell1694	Cell1695	Cell1696	Cell1697	Cell1698	Cell1699	Cell1700	Cell1701	Cell1702	Cell1703	Cell1704	Cell1705	Cell1706	Cell1707	Cell1708	Cell1709	Cell1710	Cell1711	Cell1712	Cell1713	Cell1714	Cell1715	Cell1716	Cell1717	Cell1718	Cell1719	Cell1720	Cell1721	Cell1722	Cell1723	Cell1724	Cell1725	Cell1726	Cell1727	Cell1728	Cell1729	Cell1730	Cell1731	Cell1732	Cell1733	Cell1734	Cell1735	Cell1736	Cell1737	Cell1738	Cell1739	Cell1740	Cell1741	Cell1742	Cell1743	Cell1744	Cell1745	Cell1746	Cell1747	Cell1748	Cell1749	Cell1750	Cell1751	Cell1752	Cell1753	Cell1754	Cell1755	Cell1756	Cell1757	Cell1758	Cell1759	Cell1760	Cell1761	Cell1762	Cell1763	Cell1764	Cell1765	Cell1766	Cell1767	Cell1768	Cell1769	Cell1770	Cell1771	Cell1772	Cell1773	Cell1774	Cell1775	Cell1776	Cell1777	Cell1778	Cell1779	Cell1780	Cell1781	Cell1782	Cell1783	Cell1784	Cell1785	Cell1786	Cell1787	Cell1788	Cell1789	Cell1790	Cell1791	Cell1792	Cell1793	Cell1794	Cell1795	Cell1796	Cell1797	Cell1798	Cell1799	Cell1800	Cell1801	Cell1802	Cell1803	Cell1804	Cell1805	Cell1806	Cell1807	Cell1808	Cell1809	Cell1810	Cell1811	Cell1812	Cell1813	Cell1814	Cell1815	Cell1816	Cell1817	Cell1818	Cell1819	Cell1820	Cell1821	Cell1822	Cell1823	Cell1824	Cell1825	Cell1826	Cell1827	Cell1828	Cell1829	Cell1830	Cell1831	Cell1832	Cell1833	Cell1834	Cell1835	Cell1836	Cell1837	Cell1838	Cell1839	Cell1840	Cell1841	Cell1842	Cell1843	Cell1844	Cell1845	Cell1846	Cell1847	Cell1848	Cell1849	Cell1850	Cell1851	Cell1852	Cell1853	Cell1854	Cell1855	Cell1856	Cell1857	Cell1858	Cell1859	Cell1860	Cell1861	Cell1862	Cell1863	Cell1864	Cell1865	Cell1866	Cell1867	Cell1868	Cell1869	Cell1870	Cell1871	Cell1872	Cell1873	Cell1874	Cell1875	Cell1876	Cell1877	Cell1878	Cell1879	Cell1880	Cell1881	Cell1882	Cell1883	Cell1884	Cell1885	Cell1886	Cell1887	Cell1888	Cell1889	Cell1890	Cell1891	Cell1892	Cell1893	Cell1894	Cell1895	Cell1896	Cell1897	Cell1898	Cell1899	Cell1900	Cell1901	Cell1902	Cell1903	Cell1904	Cell1905	Cell1906	Cell1907	Cell1908	Cell1909	Cell1910	Cell1911	Cell1912	Cell1913	Cell1914	Cell1915	Cell1916	Cell1917	Cell1918	Cell1919	Cell1920	Cell1921	Cell1922	Cell1923	Cell1924	Cell1925	Cell1926	Cell1927	Cell1928	Cell1929	Cell1930	Cell1931	Cell1932	Cell1933	Cell1934	Cell1935	Cell1936	Cell1937	Cell1938	Cell1939	Cell1940	Cell1941	Cell1942	Cell1943	Cell1944	Cell1945	Cell1946	Cell1947	Cell1948	Cell1949	Cell1950	Cell1951	Cell1952	Cell1953	Cell1954	Cell1955	Cell1956	Cell1957	Cell1958	Cell1959	Cell1960	Cell1961	Cell1962	Cell1963	Cell1964	Cell1965	Cell1966	Cell1967	Cell1968	Cell1969	Cell1970	Cell1971	Cell1972	Cell1973	Cell1974	Cell1975	Cell1976	Cell1977	Cell1978	Cell1979	Cell1980	Cell1981	Cell1982	Cell1983	Cell1984	Cell1985	Cell1986	Cell1987	Cell1988	Cell1989	Cell1990	Cell1991	Cell1992	Cell1993	Cell1994	Cell1995	Cell1996	Cell1997	Cell1998	Cell1999	Cell2000	Cell2001	Cell2002	Cell2003	Cell2004	Cell2005	Cell2006	Cell2007	Cell2008	Cell2009	Cell2010	Cell2011	Cell2012	Cell2013	Cell2014	Cell2015	Cell2016	Cell2017	Cell2018	Cell2019	Cell2020	Cell2021	Cell2022	Cell2023	Cell2024	Cell2025	Cell2026	Cell2027	Cell2028	Cell2029	Cell2030	Cell2031	Cell2032	Cell2033	Cell2034	Cell2035	Cell2036	Cell2037	Cell2038	Cell2039	Cell2040	Cell2041	Cell2042	Cell2043	Cell2044	Cell2045	Cell2046	Cell2047	Cell2048	Cell2049	Cell2050	Cell2051	Cell2052	Cell2053	Cell2054	Cell2055	Cell2056	Cell2057	Cell2058	Cell2059	Cell2060	Cell2061	Cell2062	Cell2063	Cell2064	Cell2065	Cell2066	Cell2067	Cell2068	Cell2069	Cell2070	Cell2071	Cell2072	Cell2073	Cell2074	Cell2075	Cell2076	Cell2077	Cell2078	Cell2079	Cell2080	Cell2081	Cell2082	Cell2083	Cell2084	Cell2085	Cell2086	Cell2087	Cell2088	Cell2089	Cell2090	Cell2091	Cell2092	Cell2093	Cell2094	Cell2095	Cell2096	Cell2097	Cell2098	Cell2099	Cell2100	Cell2101	Cell2102	Cell2103	Cell2104	Cell2105	Cell2106	Cell2107	Cell2108	Cell2109	Cell2110	Cell2111	Cell2112	Cell2113	Cell2114	Cell2115	Cell2116	Cell2117	Cell2118	Cell2119	Cell2120	Cell2121	Cell2122	Cell2123	Cell2124	Cell2125	Cell2126	Cell2127	Cell2128	Cell2129	Cell2130	Cell2131	Cell2132	Cell2133	Cell2134	Cell2135	Cell2136	Cell2137	Cell2138	Cell2139	Cell2140	Cell2141	Cell2142	Cell2143	Cell2144	Cell2145	Cell2146	Cell2147	Cell2148	Cell2149	Cell2150	Cell2151	Cell2152	Cell2153	Cell2154	Cell2155	Cell2156	Cell2157	Cell2158	Cell2159	Cell2160	Cell2161	Cell2162	Cell2163	Cell2164	Cell2165	Cell2166	Cell2167	Cell2168	Cell2169	Cell2170	Cell2171	Cell2172	Cell2173	Cell2174	Cell2175	Cell2176	Cell2177	Cell2178	Cell2179	Cell2180	Cell2181	Cell2182	Cell2183	Cell2184	Cell2185	Cell2186	Cell2187	Cell2188	Cell2189	Cell2190	Cell2191	Cell2192	Cell2193	Cell2194	Cell2195	Cell2196	Cell2197	Cell2198	Cell2199	Cell2200	Cell2201	Cell2202	Cell2203	Cell2204	Cell2205	Cell2206	Cell2207	Cell2208	Cell2209	Cell2210	Cell2211	Cell2212	Cell2213	Cell2214	Cell2215	Cell2216	Cell2217	Cell2218	Cell2219	Cell2220	Cell2221	Cell2222	Cell2223	Cell2224	Cell2225	Cell2226	Cell2227	Cell2228	Cell2229	Cell2230	Cell2231	Cell2232	Cell2233	Cell2234	Cell2235	Cell2236	Cell2237	Cell2238	Cell2239	Cell2240	Cell2241	Cell2242	Cell2243	Cell2244	Cell2245	Cell2246	Cell2247	Cell2248	Cell2249	Cell2250	Cell2251	Cell2252	Cell2253	Cell2254	Cell2255	Cell2256	Cell2257	Cell2258	Cell2259	Cell2260	Cell2261	Cell2262	Cell2263	Cell2264	Cell2265	Cell2266	Cell2267	Cell2268	Cell2269	Cell2270	Cell2271	Cell2272	Cell2273	Cell2274	Cell2275	Cell2276	Cell2277	Cell2278	Cell2279	Cell2280	Cell2281	Cell2282	Cell2283	Cell2284	Cell2285	Cell2286
G1	4	4	7	15	6	12	13	8	13	7	13	13	16	8	4	4	9	10	11	9	8	11	12	12	11	16	15	6	11	13	16	12	7	16	15	8	7	15	3	12	8	13	7	9	14	7	8	3	14	14	12	6	6	7	11	7	15	7	8	9	7	10	12	7	15	6	13	11	6	8	8	10	12	13	5	7	9	4	8	14	4	9	8	12	5	1	9	11	7	9	6	8	10	12	6	5	4	5	3	10	10	13	5	9	12	10	7	13	10	13	5	12	9	19	9	9	8	11	8	10	4	17	6	8	5	9	10	8	12	6	10	6	13	18	10	13	12	7	6	12	16	11	10	9	13	8	14	11	12	8	14	10	15	10	13	11	4	15	12	5	15	9	11	17	4	14	3	7	8	6	9	9	5	15	15	12	9	9	8	10	8	7	16	11	13	12	8	8	6	11	17	9	10	12	6	13	14	8	5	3	8	14	4	17	8	6	14	13	15	12	10	5	13	14	10	9	14	4	9	12	9	3	14	9	9	10	3	9	7	10	7	10	10	16	15	13	14	8	11	11	9	10	7	14	13	8	9	7	14	19	10	16	8	12	9	16	10	12	10	8	7	12	14	12	4	8	14	12	11	9	7	10	10	11	12	8	12	14	12	13	12	13	8	14	7	10	11	11	12	10	6	8	10	20	6	10	8	6	3	11	10	9	10	8	13	15	14	15	2	6	7	14	7	7	11	9	13	11	15	5	8	9	13	7	6	12	10	9	11	8	8	6	8	10	8	4	15	15	13	13	10	5	14	7	12	9	8	4	8	10	6	8	10	11	3	8	13	14	12	10	9	8	13	6	9	14	6	14	12	7	12	10	9	13	16	8	10	11	11	12	4	8	9	10	7	6	8	13	8	7	6	8	11	9	15	5	8	3	18	14	12	5	6	16	13	6	9	14	7	7	6	13	15	16	16	11	7	11	8	12	8	13	16	6	8	12	7	9	18	15	12	7	12	13	11	10	10	17	9	8	13	9	5	8	10	8	13	6	8	5	7	14	7	10	6	9	6	9	11	4	18	10	12	4	12	9	11	7	13	9	11	6	12	6	18	16	14	13	8	9	5	16	9	7	9	5	9	10	12	15	15	11	9	13	14	8	7	10	12	10	6	6	10	13	14	15	12	12	4	13	8	9	10	12	17	15	11	8	8	4	10	8	9	15	20	13	11	10	17	15	7	8	13	14	9	13	6	10	8	5	10	8	10	18	10	10	14	15	14	7	16	12	15	14	11	9	15	5	12	6	11	8	15	9	11	6	10	13	8	14	7	13	13	3	10	6	10	13	6	14	13	13	19	17	9	15	5	9	9	10	16	12	10	9	14	8	9	7	10	8	12	16	8	12	13	14	16	16	7	10	1	6	9	12	5	9	16	6	8	12	8	13	7	16	18	15	7	11	8	16	8	2	11	11	14	19	12	14	12	8	15	7	15	10	7	6	9	4	9	8	6	9	11	10	11	10	13	15	11	10	13	11	10	14	13	13	17	10	13	8	2	10	11	5	8	12	11	9	13	9	10	14	16	16	11	7	13	9	16	5	6	5	11	6	9	10	12	7	10	13	7	3	10	11	2	4	3	14	9	9	4	10	13	6	11	11	11	10	11	12	14	5	14	8	12	4	13	8	4	12	10	9	3	13	16	11	4	5	14	14	7	4	7	2	16	13	6	13	8	5	5	10	16	11	12	5	7	14	11	5	8	8	12	6	5	15	11	13	5	12	12	9	10	13	6	5	5	14	9	4	9	8	16	7	19	14	11	7	3	3	9	12	13	7	8	6	13	6	20	10	15	11	9	7	13	4	13	7	10	11	11	5	4	14	13	3	7	12	9	6	7	15	7	15	6	7	12	11	7	10	15	10	8	13	9	9	7	8	8	13	6	7	14	10	5	15	13	7	12	9	17	10	15	0	7	9	17	13	15	12	8	14	9	10	19	8	8	12	4	12	6	12	10	10	6	11	14	9	15	4	8	16	14	13	10	8	9	9	7	8	6	6	8	8	16	12	10	13	9	9	11	9	14	10	15	6	11	11	11	10	8	11	12	6	14	9	8	10	13	9	6	12	17	11	5	5	6	9	8	3	16	6	10	19	9	12	12	12	12	6	12	11	11	10	8	10	8	12	12	13	6	13	14	11	3	20	18	10	12	8	6	10	10	5	12	3	13	7	8	5	13	15	12	12	4	3	10	10	9	8	11	9	15	8	13	14	9	9	8	10	12	10	11	15	8	6	10	2	15	5	12	8	11	9	5	17	9	10	10	10	11	7	13	9	11	10	14	6	14	11	12	7	5	8	8	12	15	12	13	6	9	10	8	6	11	15	12	14	17	9	10	16	6	13	11	11	15	14	15	11	10	15	17	16	4	10	10	11	9	12	8	7	8	10	8	8	16	9	4	3	10	8	8	9	7	4	11	11	11	13	11	11	6	9	14	10	14	15	14	8	5	4	9	7	11	17	14	3	10	9	9	9	8	18	17	13	16	13	16	16	10	8	8	6	7	14	12	11	12	3	11	12	13	10	8	11	5	13	10	12	6	11	7	10	4	7	8	12	15	11	14	12	11	17	9	17	11	4	13	11	15	12	14	10	5	7	7	11	11	14	4	6	4	14	10	11	4	12	12	13	10	6	12	9	11	6	4	14	10	12	8	15	12	12	11	9	10	9	11	3	10	9	5	14	10	12	12	9	11	8	13	2	13	8	7	13	5	5	7	9	12	20	9	5	8	17	9	7	11	9	10	9	10	13	16	15	11	13	13	12	13	13	6	9	7	7	6	10	6	6	8	10	4	8	11	12	7	10	7	11	10	6	20	9	15	13	11	15	6	10	11	13	7	12	10	11	11	10	8	6	10	15	9	2	7	10	12	20	6	11	9	8	10	7	2	11	14	6	9	11	11	18	9	11	15	12	6	6	11	11	9	5	14	12	10	12	7	7	12	7	8	7	12	10	16	2	12	14	4	10	12	15	5	9	11	11	13	7	16	11	15	16	12	7	5	8	12	12	3	12	7	8	9	13	16	12	9	7	4	7	16	15	6	15	8	17	10	14	11	16	17	11	12	14	13	9	13	7	6	9	12	4	10	11	2	13	11	21	9	9	17	12	22	15	11	16	13	5	7	8	10	7	10	9	17	3	13	13	3	11	8	7	14	6	4	9	3	16	9	9	12	12	12	14	11	12	12	5	5	6	11	13	11	8	13	11	12	6	16	17	5	12	13	12	15	11	12	11	10	13	9	10	12	14	12	12	7	11	10	12	15	8	5	9	18	10	13	15	9	6	15	10	9	6	12	15	4	11	5	8	15	11	12	11	5	15	17	6	7	14	11	4	18	9	10	13	7	12	10	13	25	7	3	6	11	9	14	14	9	11	9	12	10	8	5	9	13	7	17	5	11	22	12	7	12	7	9	10	7	11	12	6	10	9	8	15	5	11	3	15	13	18	17	12	6	14	12	8	7	8	11	11	9	15	11	9	7	8	10	18	10	14	12	8	5	10	8	15	9	8	7	11	9	14	7	12	8	12	10	10	12	10	3	16	9	9	8	5	9	4	5	8	9	11	14	9	12	9	12	16	10	11	13	8	13	7	10	8	11	8	16	9	6	14	9	11	11	12	4	11	12	12	6	7	16	10	11	14	8	10	13	13	11	11	8	11	15	3	4	10	3	10	13	8	12	7	15	9	7	18	9	10	4	11	11	9	13	11	4	10	10	11	16	15	12	10	12	12	12	5	8	11	9	7	14	12	11	15	17	13	7	5	12	11	9	13	10	12	12	7	7	6	11	9	15	5	8	15	8	13	13	12	4	12	11	5	6	9	8	11	20	10	10	17	8	7	9	12	5	8	9	10	9	9	8	6	7	14	11	9	16	10	10	6	10	8	13	7	13	7	5	10	9	11	9	9	15	4	4	16	7	19	4	13	7	16	9	9	14	15	17	7	8	11	7	4	13	12	14	0	11	9	9	8	6	9	20	7	8	9	16	9	10	10	7	10	9	13	5	13	4	20	11	8	12	15	4	11	9	13	15	7	9	6	4	12	13	8	4	7	10	11	8	13	7	19	9	4	12	4	12	13	14	8	12	12	10	8	6	13	10	8	16	4	7	6	9	7	7	4	2	13	10	11	12	8	14	8	17	5	6	9	9	11	12	16	11	16	8	18	3	9	13	13	5	12	18	8	5	12	13	8	8	5	14	14	8	6	15	6	11	8	14	7	12	17	8	9	14	4	9	10	15	9	13	13	10	13	13	7	9	7	14	5	13	5	17	11	5	16	10	9	5	19	16	2	5	7	1	11	18	7	11	6	10	13	8	11	14	13	10	6	11	8	11	9	10	9	4	7	10	9	10	12	7	9	8	13	8	15	10	13	15	16	19	3	12	4	7	10	14	11	14	4	15	7	6	12	11	17	14	14	13	9	16	13	13	17	12	13	11	9	13	7	12	12	13	11	10	4	6	9	14	8	16	11	9	14	12	16	14	10	12	13	10	7	22	7	9	6	3	6	10	13	16	5	12	8	14	8	13	13	7	12	13	5	9	12	9	14	10	14	8	8	20	11	6	12	18	11	14	15	13	10	11	18	15	10	16	6	12	8	10	7	7	16	9	8	14	6	5	10	4	14	17	11	8	7	23	7	10	7	2	18	12	6	8	9	11	7	7	10	9	7	11	7	10	10	12	9	14	11	14	14	9	13	8	5	5	8	9	8	9	10	16	9	10	13	7	8	7	7	10	5	7	4	8	18	9	15	7	12	16	13	5	9	9	8	9	9	12	10	16	8	12	7	17	8	11	2	11	8	11	11	13	15	8	6	5	11	13	6	8	0	15	4	8	19	13	13	10	8	11	10	16	8	10	6	15	8	13	17	13	11	9	13	15	13	9	6	12	7	11	9	13	15	12	5	5	9	12	4	12	14	9	2	13	14	22	7	2	7	8	12	10	10	14	10	12	10	14	13	11	13	7	13	10	17	12	14	12	8	3	9	12	4	11	13	7	8	8	12	11	11	10	5	12	5	9	13	6	17	12	12	12	11	21	13	4	4	11	13	7	6	11	13	6	2	8	12	16	9	7	13	10	10	12	15	13	8	12	19	7	10	12	15	7	12	13	16	9	13	6	12	14	8	12	15	16	13	12	15	15	4	14	13
G2	23	19	7	12	10	11	11	9	12	10	13	10	10	11	5	11	12	10	12	3	7	6	11	15	7	15	11	11	6	9	9	9	8	14	9	11	12	8	3	6	11	11	8	12	6	7	10	5	10	11	7	10	4	10	5	10	10	10	14	13	3	10	10	12	9	13	8	10	3	4	13	15	9	10	11	10	7	8	11	10	8	16	9	6	6	7	13	10	5	15	10	4	9	10	7	7	13	10	7	14	11	10	16	13	12	13	2	17	11	19	11	7	7	10	6	8	11	8	5	13	13	5	10	6	10	8	13	12	10	10	11	8	8	11	14	12	14	8	4	12	12	10	5	12	18	12	10	13	7	10	16	12	19	9	13	14	10	14	14	8	7	7	11	6	1	10	6	6	15	13	19	10	8	9	9	10	14	19	8	4	9	6	14	7	19	16	12	11	7	12	11	11	17	13	8	15	11	6	6	4	14	9	12	12	9	5	6	9	12	12	19	2	7	9	6	8	13	4	7	9	5	14	10	10	9	9	11	8	11	6	13	7	15	11	15	10	5	7	13	5	17	14	9	9	14	10	8	10	11	9	13	10	9	8	6	16	8	12	10	6	1	5	12	11	8	8	11	11	10	12	5	14	9	14	10	5	15	8	17	17	11	22	15	8	11	15	4	9	12	9	8	7	16	11	7	9	10	4	13	16	8	12	7	8	17	8	11	8	5	4	11	11	7	7	14	12	10	13	11	11	15	8	10	2	12	8	10	11	9	10	4	12	8	14	6	10	14	16	5	7	7	6	11	12	8	15	11	8	14	12	7	10	8	13	4	10	9	8	10	9	5	9	9	4	10	10	10	14	15	9	5	11	4	15	5	12	13	10	10	13	5	13	11	6	16	9	10	15	11	6	6	12	9	13	13	1	10	6	12	12	13	6	2	9	10	9	9	10	11	10	7	9	15	10	14	13	8	13	10	14	9	13	11	16	10	11	6	6	9	11	11	7	10	11	17	13	2	7	7	12	13	11	9	8	9	13	10	6	7	4	13	17	7	13	8	9	8	8	13	6	5	3	10	8	14	7	10	7	10	7	6	6	15	12	15	11	10	10	13	10	7	12	6	5	10	3	5	10	15	9	10	7	18	8	6	10	10	11	9	6	4	4	11	11	10	15	10	11	9	10	16	9	17	10	14	14	16	15	16	4	13	11	17	10	10	8	8	13	16	11	5	4	14	9	6	13	10	7	16	11	10	12	10	12	11	12	13	14	11	14	11	9	9	15	10	5	8	18	6	9	8	9	10	13	8	11	10	12	1	12	11	13	8	10	9	7	10	3	3	10	13	19	15	8	12	12	11	7	8	12	9	17	9	9	10	12	6	11	10	10	11	18	7	17	13	12	11	12	8	12	3	5	8	9	22	16	13	14	15	13	13	9	9	16	10	4	7	7	6	12	7	9	10	9	15	15	11	14	15	13	11	13	11	5	14	7	13	4	12	9	5	10	11	8	15	10	11	9	9	10	6	11	9	12	12	10	8	17	6	14	6	11	5	5	11	7	10	14	7	12	10	10	10	9	10	8	8	8	13	5	9	8	11	11	15	17	13	11	9	11	6	5	12	13	8	13	6	17	6	9	9	11	13	9	18	12	12	16	10	12	11	15	14	10	11	4	6	12	4	7	10	9	6	10	11	15	7	6	11	4	8	8	13	5	7	10	16	13	10	7	11	11	10	14	10	13	9	10	15	4	8	12	8	5	11	8	9	11	9	10	13	16	10	12	12	13	9	7	11	9	7	15	8	10	8	12	10	8	5	5	7	16	15	14	6	13	13	6	11	13	8	8	11	5	9	4	10	11	8	8	8	6	6	10	7	5	4	14	10	7	7	10	10	12	6	4	16	15	8	10	11	14	12	13	15	14	15	9	11	10	13	13	11	17	7	16	11	9	8	7	15	12	8	8	14	11	12	13	11	8	10	11	12	8	10	9	10	10	1	18	5	16	10	14	13	13	14	16	13	7	12	10	8	13	12	13	8	14	10	13	10	11	13	9	12	13	6	9	14	12	14	11	16	7	8	11	9	11	19	10	6	9	11	10	8	6	13	12	9	12	15	11	5	5	5	5	11	13	11	5	10	9	13	10	11	10	9	11	14	12	11	3	5	9	9	7	8	9	6	8	6	8	4	15	2	13	13	16	15	7	8	6	2	18	17	6	10	10	11	14	11	12	8	16	12	6	10	7	10	9	19	12	6	3	18	17	18	5	6	10	14	7	9	13	10	14	6	10	12	13	6	12	6	5	7	17	10	8	4	13	10	13	18	16	10	16	11	16	8	8	19	6	3	12	7	15	9	13	8	6	11	7	8	5	13	3	12	6	14	7	20	6	14	11	8	10	11	12	12	10	10	7	11	6	12	14	12	17	12	12	13	13	9	11	17	10	9	15	9	3	14	8	7	7	8	6	12	8	14	13	8	8	9	14	12	14	6	14	8	6	13	4	4	12	9	12	10	9	11	12	10	18	8	16	11	11	14	11	12	18	9	8	7	12	4	5	8	10	12	5	6	5	10	5	8	4	4	6	11	13	18	8	9	14	9	9	8	11	6	9	10	14	11	20	16	7	10	8	9	12	13	13	2	8	6	6	7	8	10	8	2	9	2	13	15	7	3	10	9	12	8	10	14	9	9	10	13	11	16	11	5	6	17	8	10	11	8	12	9	2	12	15	11	9	11	5	10	7	10	11	15	8	7	8	10	8	7	6	12	11	11	9	18	12	16	13	15	9	8	8	6	9	10	15	9	12	9	10	11	10	17	9	12	4	15	4	6	6	5	9	16	7	12	10	7	9	19	4	14	16	18	12	12	13	14	8	12	3	9	9	10	8	11	10	3	17	11	14	3	4	15	12	10	11	10	13	7	4	8	7	18	5	11	7	7	6	8	14	11	3	4	14	13	13	15	13	10	10	16	9	11	15	10	15	3	13	10	11	16	9	11	12	16	13	11	9	16	12	12	10	17	6	10	9	8	7	12	11	8	13	11	16	12	10	11	8	8	14	5	13	11	7	10	9	17	13	17	9	10	11	13	15	9	13	14	8	11	12	15	9	14	9	8	9	12	13	12	11	11	13	13	3	8	5	6	7	13	13	2	14	14	11	8	12	8	12	11	14	10	8	10	8	16	11	9	10	6	12	6	12	13	9	11	5	11	8	6	13	7	19	11	12	4	14	13	12	11	13	4	6	12	8	13	14	8	7	14	5	13	6	14	13	11	11	7	9	9	16	15	16	9	5	12	13	9	8	10	12	13	12	10	9	11	15	11	7	15	14	16	5	9	9	11	10	10	7	9	17	2	10	18	11	11	9	7	8	9	5	6	9	8	6	14	9	9	12	11	6	10	11	8	20	3	6	11	11	5	8	13	13	13	15	15	12	4	5	18	17	13	4	11	12	14	7	14	14	3	14	9	7	16	20	12	14	6	10	7	9	9	17	8	13	7	11	9	6	7	7	14	16	14	8	14	14	10	13	4	6	10	10	15	16	15	11	11	16	14	11	6	13	13	12	7	12	13	10	12	10	5	12	9	13	2	7	15	8	11	3	12	13	6	19	11	11	14	14	10	12	8	9	13	7	8	1	8	4	8	8	10	11	16	9	11	15	17	15	12	1	11	14	7	10	10	13	10	13	8	15	23	5	14	11	14	10	16	12	10	5	8	12	15	11	7	18	17	10	6	6	12	9	8	8	6	14	6	11	12	10	6	15	6	12	6	12	9	10	10	9	10	11	11	16	14	10	6	5	5	13	14	12	14	5	12	19	15	12	10	3	11	7	9	5	7	15	5	13	13	12	10	17	15	9	5	8	15	13	13	9	10	7	8	14	17	7	11	11	9	15	15	7	12	12	9	8	12	6	12	9	11	17	17	10	4	6	5	7	9	10	7	6	7	16	12	12	8	7	14	8	13	13	13	10	10	12	8	13	21	11	17	14	6	17	8	11	6	6	15	11	9	4	6	16	14	16	10	8	11	6	9	8	9	16	5	9	19	16	11	13	4	8	5	11	8	16	6	10	7	10	7	13	13	7	12	2	7	11	13	15	3	10	7	8	8	12	3	12	5	1	9	5	7	10	10	10	14	13	18	12	6	14	13	5	10	4	10	5	5	11	6	4	5	12	13	13	11	13	9	13	10	7	7	11	18	6	6	8	15	15	7	12	2	6	11	5	9	9	8	18	11	10	13	5	9	8	10	8	11	14	6	5	12	10	14	9	8	13	12	15	9	4	12	4	6	8	13	4	13	19	10	10	11	7	10	7	15	7	9	14	20	10	10	7	5	9	11	10	9	16	9	19	11	7	9	8	8	20	6	6	10	8	7	11	10	7	14	8	15	11	9	7	12	12	7	9	10	12	6	11	11	18	5	6	14	6	11	4	13	7	10	10	10	10	11	6	13	4	10	13	15	7	11	8	3	13	11	7	7	11	12	9	16	8	14	4	14	14	17	9	15	9	9	8	10	9	9	10	12	18	11	10	12	10	12	8	8	10	8	12	11	5	11	6	15	5	9	9	8	14	10	7	13	5	7	10	10	21	6	9	13	7	13	10	6	11	8	13	16	13	16	12	6	13	13	9	12	12	10	13	11	8	9	8	7	15	12	10	12	16	11	7	11	20	11	9	12	11	9	7	15	11	10	6	13	12	11	5	7	11	8	7	8	10	19	14	18	9	14	7	10	6	14	14	11	13	11	7	8	10	13	10	5	16	8	8	7	8	15	11	9	15	12	15	7	8	4	10	9	13	15	12	8	12	14	21	11	10	13	12	11	10	18	12	14	16	16	13	15	10	15	17	9	15	8	7	10	6	17	2	13	12	7	4	6	5	13	11	7	9	13	14	11	13	11	11	11	15	6	8	7	7	15	11	9	11	13	12	10	13	12	3	6	12	13	5	6	15	19	6	10	13	13	3	12	7	7	4	7	8	7	11	4	10	12	9	10	10	13	12	13	14	10	15	11	5	4	5	4	8	14	11	15	14	12	6	3	11	10	11	16	12	9	14	9	7	14	10	10	9	10	16	11	12	12	12	18	11	13	15	8	3	10	12	14	6	10	9	10	6	7	8	12	6	7	9	13	16	8	12	12	5	13	5	13	7	17	9	11	11	9	14	15	8	11	7	13	9	13	19	16	16	15	8	14	11	9	11
G3	7	11	9	6	17	9	10	13	10	4	5	7	17	13	2	14	16	14	5	3	13	9	13	8	6	8	10	5	16	14	11	7	8	9	10	7	14	11	7	9	4	11	12	15	15	4	8	7	9	4	15	7	6	10	11	11	11	13	14	13	6	9	16	4	9	8	18	9	7	11	11	5	12	10	9	10	16	6	10	12	10	12	11	7	8	7	10	11	10	9	8	8	14	8	9	5	17	11	8	9	11	9	17	12	12	12	11	12	10	12	14	10	8	9	10	14	16	15	12	6	6	7	7	8	5	8	9	10	5	4	9	9	14	14	20	14	10	11	5	11	9	10	14	12	12	10	10	9	9	13	12	9	4	9	8	11	15	15	10	18	3	16	8	8	6	10	9	5	14	15	13	5	5	8	10	3	10	7	6	7	15	8	6	8	6	10	14	11	5	16	10	11	15	21	13	16	12	8	4	2	11	9	10	9	7	11	6	11	11	7	11	13	11	10	10	11	7	5	6	11	12	15	10	9	9	15	12	7	15	14	8	9	15	8	12	7	13	6	10	13	10	18	11	6	8	10	12	8	12	6	9	8	10	9	18	14	2	6	8	7	6	8	12	10	12	12	12	12	13	16	6	12	4	12	12	6	9	15	13	17	11	8	10	5	4	14	5	9	9	13	11	4	8	8	15	7	5	9	6	12	9	7	10	13	13	7	13	15	5	8	6	10	10	14	12	11	5	9	5	13	11	16	10	4	10	4	16	12	17	14	11	16	18	19	4	15	14	19	15	11	9	9	14	17	11	15	23	9	14	14	11	6	6	10	6	7	9	16	7	8	3	15	8	9	4	19	6	8	15	13	7	8	12	8	8	12	13	11	12	12	9	11	19	12	7	4	11	11	13	7	10	15	13	8	13	7	9	3	5	12	11	5	11	10	5	19	10	15	16	13	8	13	11	8	9	10	14	13	14	10	17	13	7	8	8	8	1	12	13	12	5	11	9	9	6	14	11	5	16	11	10	8	6	5	14	14	11	10	9	5	13	6	6	9	4	15	18	7	11	5	9	11	16	3	11	10	6	12	6	11	4	9	11	9	13	11	10	19	21	14	13	14	8	7	10	7	5	8	11	18	13	8	15	4	12	8	11	14	7	7	6	13	16	7	9	16	10	14	4	8	12	12	9	10	12	12	15	14	7	9	10	17	11	9	12	5	9	10	16	17	3	9	5	11	8	10	12	8	7	11	7	10	15	10	7	10	9	7	7	8	9	12	14	8	12	10	8	9	5	9	7	13	7	5	10	12	14	8	6	9	6	12	13	13	12	9	13	13	7	6	12	8	13	15	7	7	11	12	8	6	9	7	17	17	9	5	5	14	8	11	16	8	6	14	10	11	11	10	8	8	6	8	10	8	9	11	9	3	5	7	7	7	13	12	8	8	10	13	8	7	8	14	12	11	20	12	6	16	11	9	13	17	10	9	14	6	5	6	16	12	10	6	9	17	13	10	8	6	11	9	10	16	7	11	12	12	8	10	16	6	5	9	10	8	8	9	3	11	11	12	7	14	13	10	16	10	12	12	10	7	6	8	10	12	13	10	12	11	7	7	6	5	8	8	8	14	11	14	8	11	15	7	9	6	10	8	6	5	9	12	8	11	14	8	13	5	12	10	10	14	9	5	4	4	10	15	10	6	13	14	13	9	7	6	12	10	16	11	15	9	13	7	8	9	14	7	16	6	6	8	17	20	10	7	14	9	8	8	9	8	6	16	11	10	4	14	8	17	5	16	14	8	7	11	15	14	5	13	7	5	8	9	15	13	6	10	11	9	15	5	12	21	12	12	6	5	10	9	9	20	11	6	4	13	13	8	2	9	13	10	11	11	9	12	8	8	10	15	10	13	10	14	8	10	3	17	9	7	15	7	16	15	8	11	9	8	11	9	10	10	11	14	9	1	11	13	7	13	9	4	16	15	18	7	7	13	14	13	3	8	9	8	10	12	11	11	14	10	11	4	11	9	10	9	6	10	12	9	12	12	7	10	9	14	10	6	12	16	10	17	11	11	10	11	12	7	15	10	10	10	11	10	5	5	5	17	9	14	10	12	13	13	15	7	4	10	19	10	13	6	5	5	11	12	7	10	8	14	10	9	10	7	6	16	8	14	12	11	5	7	8	11	12	11	4	17	5	11	9	4	16	15	9	9	11	6	11	6	7	10	12	9	7	8	19	5	13	8	10	6	16	11	15	4	23	16	6	2	4	9	12	11	15	11	9	9	9	4	11	13	6	12	13	9	12	12	9	17	5	14	21	13	12	9	6	14	12	11	8	7	10	20	6	11	13	14	9	10	7	8	13	11	12	6	8	5	12	14	10	6	12	12	7	13	13	6	12	18	11	16	12	14	18	9	9	10	7	15	10	9	15	12	9	8	12	4	11	11	11	5	15	9	12	7	9	5	13	7	11	9	7	2	11	7	10	9	10	12	14	8	11	11	9	6	12	6	7	10	7	8	10	8	16	11	11	13	12	10	10	12	11	6	16	10	9	16	14	11	10	3	10	11	13	3	8	13	6	5	15	7	9	8	9	10	14	5	13	12	18	11	19	8	15	10	7	12	12	8	10	16	12	10	9	17	5	8	13	7	11	9	4	13	6	9	9	15	7	12	13	10	16	16	11	14	9	12	12	14	11	14	16	8	6	15	12	12	15	9	12	9	2	9	4	5	12	9	6	4	8	20	12	6	8	10	10	11	5	8	5	8	9	11	9	5	16	12	9	12	7	7	13	7	12	8	18	13	15	12	12	13	4	8	7	8	10	13	5	17	10	5	9	5	6	18	9	12	12	10	8	6	11	12	10	16	12	18	9	15	6	14	7	7	15	13	8	12	10	15	6	6	7	11	13	10	12	5	13	12	3	11	10	12	15	10	12	14	9	9	11	13	10	12	7	9	15	17	10	12	13	13	16	7	11	10	6	8	15	10	6	10	11	12	10	17	8	7	7	14	7	7	11	10	14	5	9	14	11	12	12	5	10	9	13	8	7	11	14	16	5	9	7	12	7	11	16	16	14	5	11	13	14	12	8	9	13	14	12	8	11	17	4	12	6	7	12	16	9	7	12	8	8	9	8	13	4	15	10	8	8	10	6	10	15	7	11	12	8	8	9	16	8	9	25	16	15	7	11	14	8	13	8	2	9	4	4	14	3	11	10	11	11	14	15	11	10	11	9	15	5	8	14	10	9	15	11	9	9	7	11	11	9	16	6	9	6	9	3	15	6	11	14	6	17	10	6	13	9	6	16	12	11	9	7	9	12	11	11	9	12	4	15	8	13	4	9	7	4	8	7	12	8	8	9	9	5	10	21	7	3	6	13	9	9	5	13	13	11	5	14	12	8	15	4	3	8	15	13	14	7	10	11	13	7	7	2	9	11	9	12	4	10	10	7	5	13	8	8	5	10	4	9	11	15	16	7	11	5	12	12	6	10	12	11	9	4	12	8	9	8	11	13	6	6	15	10	9	2	12	14	12	10	13	15	10	6	17	15	14	12	9	10	10	9	12	17	8	12	12	5	8	13	12	7	7	5	11	5	7	14	6	4	20	16	10	7	12	9	15	13	12	6	11	8	9	12	5	8	15	10	13	10	4	6	7	12	17	7	9	12	13	9	14	13	10	14	9	10	10	12	10	9	9	9	12	7	13	9	8	10	10	12	12	2	17	8	11	8	6	3	16	12	15	2	12	8	6	11	7	10	8	3	13	7	8	11	13	19	16	6	12	17	11	9	3	7	9	8	11	15	6	12	11	12	13	17	11	5	14	16	13	4	7	11	4	12	10	13	4	17	9	11	12	5	8	9	12	10	9	7	21	11	10	6	10	10	15	6	12	9	12	12	10	5	11	9	10	13	10	9	9	9	11	4	6	7	7	4	20	14	4	3	10	15	16	5	10	12	10	12	14	10	14	9	6	11	14	12	12	4	9	12	12	7	13	6	4	17	15	13	8	11	13	8	10	8	12	10	9	7	9	9	11	8	7	16	10	13	8	9	7	4	12	13	14	14	8	4	8	8	13	7	8	14	4	4	13	16	7	6	13	11	10	10	16	5	9	15	7	15	7	9	14	8	13	13	7	8	16	4	16	6	3	15	10	14	11	10	8	14	10	4	12	17	8	6	9	17	8	4	7	5	12	15	9	11	15	12	14	8	13	5	10	9	13	13	10	6	5	20	15	13	10	11	7	7	10	17	7	6	5	9	20	5	12	20	10	11	11	8	3	12	8	11	6	13	12	14	13	7	11	11	6	10	6	12	14	7	21	15	3	11	13	3	9	11	4	18	10	4	13	7	11	8	11	6	14	9	12	8	11	8	10	10	5	8	6	11	12	5	11	15	15	14	14	14	6	16	12	7	10	8	18	14	13	12	4	7	7	13	10	9	13	9	9	17	6	11	15	5	15	15	10	14	11	12	7	8	15	7	8	9	11	11	13	9	15	12	9	12	8	6	4	10	8	11	14	16	7	11	9	8	4	12	7	8	8	13	10	9	6	2	8	14	14	11	8	11	10	4	7	11	10	4	8	12	13	7	15	15	10	13	9	9	6	10	13	11	13	14	10	9	9	8	15	14	12	11	10	8	20	8	16	7	7	8	5	15	16	7	3	6	8	18	9	16	10	14	6	15	13	15	2	6	5	13	7	9	11	12	10	9	11	12	13	7	13	13	10	6	9	14	13	9	7	11	11	6	10	12	12	12	12	10	12	12	14	15	17	7	15	11	12	9	11	7	12	12	9	11	11	3	15	6	9	16	10	9	8	13	19	13	14	11	8	7	13	14	12	16	10	10	12	14	11	14	9	14	5	10	17	16	7	9	10	6	9	2	11	17	8	7	10	8	17	13	13	8	5	12	12	10	7	13	10	11	14	18	22	11	9	7	8	16	3	11	15	10	4	13	9	12	5	8	12	9	8	11	14	7	11	6	8	3	12	10	8	12	12	9	14	10	6	9	10	6	7	6	13	13	14	13	16	8	17	7	9	7	9	13	13	18	13	11	8	10	4	14	5	8	13	15	13	11	10	5	12	21	9	12	6	8	7	10	3	15	10	10	4	4	2	13	7	7	15	12	15	19	10	12	15	17	13	10	16	9	10	8	14	14	11	16	12	9	11	10	10	9	13	11	11	15	8	13	14	7	16
G4	11	12	13	10	14	11	17	8	15	8	9	8	17	11	5	16	14	15	9	9	2	18	11	15	3	13	4	4	15	11	10	10	13	11	10	13	9	9	6	8	11	4	9	10	11	3	5	1	11	14	9	9	9	8	12	15	18	12	9	9	11	4	9	6	17	6	14	12	4	8	10	14	12	9	4	17	17	5	15	12	14	12	12	13	7	14	12	12	2	20	12	13	10	15	6	10	15	10	5	8	11	6	8	7	14	9	6	8	6	4	17	11	8	9	10	16	9	10	4	13	7	9	4	6	8	12	8	10	4	8	10	2	11	11	9	9	9	6	8	11	11	13	9	10	10	13	8	12	10	8	9	9	13	10	8	11	13	13	13	14	16	14	12	18	3	8	8	6	8	13	6	9	6	15	13	8	16	10	5	12	9	8	7	11	11	11	15	14	9	12	6	13	18	12	12	12	9	10	3	8	14	6	17	11	16	10	8	9	8	9	11	4	12	12	12	16	13	4	5	10	9	7	14	6	8	14	11	9	12	7	8	14	5	8	10	7	7	4	10	18	13	13	12	9	8	13	16	7	9	9	16	12	7	12	11	13	6	17	17	8	3	17	8	14	9	6	17	15	11	16	9	12	13	12	21	7	12	6	9	14	6	10	10	14	11	13	7	8	16	10	8	2	14	16	15	13	9	5	5	16	11	8	14	10	16	10	11	18	2	15	13	11	12	16	6	8	3	11	10	19	10	12	12	6	21	7	16	12	17	9	8	8	11	10	3	14	12	18	10	14	11	6	18	4	8	13	13	6	16	5	5	5	13	12	2	10	6	14	12	11	6	11	13	11	7	13	10	9	13	11	7	6	13	15	8	8	14	14	15	8	8	11	9	9	5	9	8	9	12	4	10	7	8	6	14	7	12	6	21	15	17	8	6	14	12	12	8	11	9	13	13	13	14	8	10	7	11	7	12	10	13	14	11	14	12	14	4	16	18	11	12	5	7	8	14	8	7	12	9	9	12	9	9	6	8	18	17	13	6	8	12	9	5	11	5	15	13	14	8	3	5	14	12	7	12	10	10	6	18	9	9	7	10	5	13	18	13	8	17	8	13	14	8	8	9	10	7	11	7	8	11	8	18	14	9	8	14	7	11	12	5	13	12	9	11	18	17	7	6	13	14	12	14	15	14	9	10	7	10	1	12	13	14	11	10	11	11	9	9	17	7	6	17	11	15	6	16	15	11	11	9	10	15	8	12	11	15	9	10	13	13	10	18	13	8	4	7	5	4	8	15	6	7	11	9	18	6	14	8	10	7	12	7	9	12	5	16	2	8	12	6	11	9	12	16	10	8	9	6	8	15	9	9	5	14	7	14	12	11	14	11	17	3	12	6	5	13	10	13	13	5	4	16	6	11	11	11	11	8	8	13	15	10	7	17	9	12	10	7	14	15	10	12	10	10	16	6	10	9	10	9	9	14	9	11	8	8	5	16	16	6	12	12	7	10	19	11	13	16	8	14	10	4	8	4	11	6	9	15	10	8	9	4	12	8	10	8	14	13	5	12	10	9	13	12	7	9	10	5	9	9	5	12	10	10	15	6	11	10	16	8	8	8	10	6	8	10	7	7	8	11	11	16	11	11	10	25	11	10	13	15	8	12	10	15	4	10	15	5	14	13	11	6	8	10	3	1	9	11	15	13	6	11	3	11	14	12	12	10	5	8	4	12	17	11	8	10	21	14	3	7	3	18	10	13	14	11	7	7	8	11	12	13	9	11	15	9	10	10	11	15	13	12	9	15	11	8	9	12	2	4	10	7	10	10	7	8	11	10	7	15	9	9	12	8	11	16	9	9	14	4	8	5	15	9	7	9	10	6	12	11	7	8	13	5	1	14	11	8	4	15	12	11	8	5	11	13	7	9	14	12	13	12	5	2	8	16	10	21	4	13	12	6	4	7	8	9	11	7	14	5	14	18	14	12	8	13	7	9	11	5	11	11	8	17	8	6	20	11	5	7	13	4	19	11	4	14	8	14	6	1	12	14	8	16	13	10	12	9	7	12	7	8	11	9	11	6	3	9	6	13	8	11	5	12	12	15	15	14	10	11	14	11	8	7	15	7	6	15	6	17	6	13	15	9	14	12	12	12	9	13	11	5	11	10	16	9	9	13	13	7	16	11	7	3	8	10	11	7	7	10	3	5	13	11	3	13	3	10	5	7	8	16	8	9	4	10	13	7	6	10	10	6	5	10	11	7	10	5	16	9	5	6	14	11	9	9	8	12	9	9	7	13	15	11	10	9	7	5	16	7	13	9	13	14	12	12	11	6	9	12	12	0	13	7	8	10	14	7	4	14	15	8	8	8	5	14	8	9	10	19	9	4	7	15	5	10	15	14	8	15	16	8	8	9	11	14	8	12	12	13	8	13	13	8	8	9	8	12	5	11	2	12	12	13	6	15	19	15	12	14	5	3	9	12	7	9	9	11	5	10	9	8	11	9	8	14	5	11	11	7	11	11	10	11	4	6	8	12	12	13	7	9	11	7	15	13	11	7	7	9	12	13	8	10	8	6	12	9	11	10	4	3	9	5	9	14	9	6	4	15	11	10	13	10	13	13	7	12	16	15	11	12	11	11	6	4	10	11	9	3	9	9	13	8	7	6	12	10	11	11	5	16	10	10	8	8	10	11	10	16	11	15	9	14	6	11	7	11	5	12	11	7	13	10	13	11	4	10	11	9	3	10	8	16	10	14	5	11	9	10	16	20	9	9	22	10	8	9	6	10	11	9	11	12	17	9	9	11	9	8	18	7	8	12	8	11	16	13	4	6	6	7	9	17	14	13	15	15	11	10	16	5	6	6	8	9	12	1	11	8	10	8	8	7	16	14	15	6	13	15	18	11	17	8	14	12	11	6	9	10	6	11	9	2	10	8	8	8	10	12	10	7	7	12	8	7	8	12	5	8	11	11	6	6	11	16	10	10	17	13	3	14	10	15	8	17	12	10	14	16	8	8	11	10	9	5	13	14	4	16	12	12	9	11	12	16	12	3	11	11	10	5	11	10	8	15	14	18	7	9	9	9	18	13	16	10	11	12	14	11	7	9	22	10	18	10	17	10	10	9	3	9	15	6	12	11	16	11	10	8	12	15	13	16	15	16	7	5	13	8	7	14	9	13	13	14	10	9	17	14	6	11	9	4	14	6	13	7	15	6	10	10	17	13	10	15	12	10	8	11	7	10	16	11	8	7	6	15	7	16	19	10	17	11	10	8	15	11	6	12	5	14	9	3	13	8	14	15	13	6	6	4	10	10	19	12	6	12	4	9	11	10	5	9	12	7	7	9	9	8	2	7	9	6	11	10	5	4	7	6	4	11	2	12	11	10	5	11	10	12	10	4	5	14	5	12	16	13	7	16	10	15	11	6	13	12	18	19	13	13	15	11	7	6	17	13	11	19	4	9	12	16	7	6	8	5	7	11	11	8	13	8	9	8	8	7	14	14	4	8	9	6	14	7	6	6	8	9	10	9	15	8	19	9	12	10	8	5	8	8	5	20	12	12	6	10	8	12	8	9	10	6	14	11	14	9	7	9	15	5	7	13	16	11	12	12	12	9	10	12	10	9	6	6	11	9	13	9	10	13	7	8	13	14	16	13	11	12	9	10	12	10	8	10	9	18	14	4	9	16	11	11	6	9	5	10	4	8	21	9	9	3	12	11	13	12	5	6	14	8	11	7	10	12	13	11	8	9	9	8	8	18	12	11	9	14	13	15	15	8	9	16	8	9	7	15	14	4	8	15	7	12	8	12	9	11	11	13	5	5	16	18	8	14	13	7	9	11	19	15	12	1	10	5	9	13	11	12	8	8	13	10	9	9	14	12	13	15	18	11	12	12	11	12	14	12	12	11	13	8	10	5	3	16	11	8	18	7	4	4	12	11	9	6	14	11	9	9	12	14	11	4	11	14	14	14	17	17	7	12	8	14	12	9	6	10	16	8	7	11	14	11	7	14	10	10	7	9	5	11	11	10	12	4	7	19	8	6	13	7	11	13	18	12	11	6	8	9	16	12	9	9	5	4	11	11	9	8	9	7	12	14	8	2	11	6	6	8	8	19	12	14	8	9	6	9	10	4	13	7	6	10	3	12	8	12	11	10	3	5	9	12	9	6	12	8	7	12	10	4	11	8	11	9	11	15	16	12	15	2	14	8	7	17	11	13	9	6	12	16	12	12	11	9	8	9	9	7	8	12	11	7	10	18	16	10	8	16	7	5	7	9	6	5	9	16	5	16	11	15	4	8	7	15	11	10	15	10	10	17	5	8	14	21	7	11	11	5	15	11	5	8	7	10	16	6	18	6	10	10	13	8	8	7	10	8	6	5	15	9	10	16	10	13	10	16	2	9	15	1	10	14	10	9	4	15	6	7	7	11	11	7	9	13	4	11	13	10	10	13	17	13	19	11	10	13	8	17	13	12	12	10	9	9	5	15	7	9	6	8	8	9	8	8	11	8	7	11	18	11	8	6	6	10	13	11	13	4	3	4	9	13	13	7	7	6	10	12	6	9	11	3	7	15	17	4	8	6	6	13	11	8	12	16	15	7	10	7	4	7	9	9	10	8	12	8	16	7	9	10	5	10	11	15	9	12	8	20	12	5	14	16	16	13	10	4	2	15	11	18	10	4	9	14	8	9	7	6	7	11	11	16	7	9	7	8	8	8	7	6	13	13	14	9	13	12	10	15	10	10	10	5	11	10	8	15	11	8	8	10	12	13	5	9	10	7	10	11	22	7	10	9	8	11	12	11	13	14	11	12	6	15	5	12	7	8	15	9	6	11	16	10	10	8	8	11	8	5	8	12	13	10	4	13	13	7	15	17	9	18	10	7	12	18	7	3	4	6	7	7	11	10	11	8	10	10	11	6	6	9	13	9	7	12	14	9	3	16	9	9	5	8	13	13	5	12	9	8	8	4	13	14	7	7	6	8	8	7	15	20	8	17	13	7	5	7	10	8	14	11	18	14	7	11	6	9	11	12	11	12	10	11	11	9	6	11	10	13	13	10	17	16	18	8	9	13	19	4	7	8	8	9	5	13	11	14	3	10	9	7	4	5	15	9	12	9	9	14	6	18	9	11	12	6	8	14	16	11	12	8	15	5	10	7	9	5	12	13	11	16	12	10	15	9	12
G5	19	11	11	12	12	11	9	7	10	6	12	11	7	8	5	5	8	17	10	8	7	17	8	12	10	12	12	5	8	10	6	7	10	19	6	13	12	8	3	7	14	14	17	10	8	5	6	6	9	7	11	7	2	15	8	13	9	5	10	10	7	4	18	8	12	6	9	6	12	7	19	14	10	9	13	9	9	4	7	16	8	14	14	9	7	10	13	12	5	12	13	11	7	13	10	9	10	9	3	3	12	7	13	10	8	7	3	15	11	5	17	8	4	7	14	11	8	11	9	10	6	11	2	11	7	15	8	8	9	10	14	8	11	10	9	13	7	10	6	7	12	10	19	6	12	12	8	11	10	12	17	8	12	16	16	16	9	9	13	8	12	19	8	9	12	13	5	5	9	5	15	7	6	6	13	5	10	13	14	12	13	5	21	10	17	8	6	4	7	12	9	10	15	11	3	3	11	8	8	4	8	9	17	15	10	8	12	11	6	9	18	6	7	11	10	7	9	10	11	22	3	9	8	3	13	10	8	16	9	14	10	8	10	7	8	9	11	8	10	16	14	6	15	15	6	16	6	9	14	12	9	17	6	12	11	12	7	10	10	11	4	8	12	16	13	18	9	11	11	15	16	12	11	12	6	6	9	16	14	7	15	11	9	17	13	15	10	11	11	16	12	4	10	13	11	7	18	7	6	16	9	21	7	17	16	14	14	10	4	14	5	8	18	16	15	8	4	13	6	14	14	10	8	9	11	5	8	17	19	10	6	10	9	14	7	14	9	14	9	9	10	4	16	9	10	14	10	5	17	16	7	11	15	11	6	9	9	15	6	8	7	6	9	18	5	14	6	10	12	10	11	5	7	8	10	12	8	9	9	13	9	18	15	13	17	5	11	10	13	10	11	11	10	8	9	10	8	10	11	11	13	3	4	9	12	18	8	13	11	9	7	8	10	9	2	10	16	11	6	15	9	10	16	9	4	14	9	12	10	12	10	5	12	11	11	15	9	13	11	8	13	9	2	5	12	7	12	11	6	6	8	5	10	17	8	8	6	13	15	10	8	14	7	5	7	14	10	13	14	13	13	8	15	14	11	12	16	6	8	12	11	16	6	6	14	7	5	13	18	9	9	6	5	7	11	13	14	13	10	7	6	9	10	11	13	9	11	9	7	8	14	8	6	11	12	9	12	8	9	8	10	11	8	7	6	5	4	15	11	8	4	7	10	11	9	8	17	9	10	10	12	2	16	10	14	9	9	5	13	18	8	16	10	9	6	5	10	8	17	13	8	9	13	12	10	14	17	9	12	7	9	17	14	10	17	7	12	9	6	7	9	15	11	16	15	19	13	10	4	10	9	12	14	16	12	6	20	9	18	14	7	16	8	10	9	10	8	7	12	11	8	9	10	12	15	9	10	8	12	12	13	13	6	12	12	6	11	7	8	5	20	16	12	9	6	8	8	15	12	15	17	5	17	12	12	3	16	4	13	11	5	7	14	9	7	17	13	11	12	7	10	10	6	11	14	10	8	13	12	14	2	8	7	11	10	10	3	9	15	11	7	12	16	10	6	11	14	13	13	5	10	7	11	12	11	17	6	11	10	10	4	6	4	15	9	7	4	13	12	10	9	10	11	6	17	9	8	8	3	12	7	11	14	6	10	9	8	15	9	7	12	9	12	5	10	13	7	7	14	8	7	4	9	6	11	8	12	9	10	10	15	6	10	8	10	8	13	12	12	6	10	8	8	8	9	8	6	13	10	6	6	11	8	12	10	10	11	14	7	16	14	8	11	7	8	8	6	9	4	6	4	8	7	10	10	5	12	13	8	7	11	7	11	11	8	9	10	13	7	10	16	3	11	14	11	8	10	13	8	9	6	16	9	6	6	9	12	7	14	5	8	8	6	9	5	10	12	3	7	10	9	17	16	9	6	15	14	17	15	7	11	10	13	10	10	11	14	14	3	9	18	11	7	10	13	11	9	9	6	8	5	16	10	7	10	15	9	12	13	5	10	9	9	9	10	8	8	15	6	13	7	9	10	11	16	7	13	14	11	14	16	14	9	16	11	9	10	8	9	11	9	8	13	8	9	10	16	13	11	14	18	10	11	11	10	9	16	9	8	3	12	7	8	10	13	13	16	9	7	8	8	9	5	12	12	12	17	15	7	13	9	11	9	11	5	12	15	9	8	6	9	10	4	15	8	7	7	6	4	10	8	14	11	11	11	5	14	14	12	11	10	12	13	4	19	9	12	10	8	14	11	13	12	14	13	11	7	7	8	6	6	14	10	12	14	18	10	10	4	8	8	8	11	9	13	9	9	12	7	14	9	13	6	10	9	12	13	16	9	7	13	23	10	8	11	4	14	6	11	4	9	8	3	20	10	5	13	17	8	13	7	7	6	9	8	11	7	15	14	9	12	14	8	17	13	5	7	9	8	5	13	18	10	13	14	8	15	8	13	11	8	2	5	11	11	19	10	13	12	12	7	6	8	10	11	11	10	4	11	10	14	6	8	8	8	14	14	14	10	12	13	10	8	9	3	9	11	8	8	6	10	6	8	6	19	16	5	17	6	10	10	7	9	7	10	9	15	10	10	18	14	11	13	9	9	13	12	9	7	8	10	10	9	8	7	3	4	7	12	7	5	9	12	8	11	8	6	13	12	11	5	15	12	5	11	8	15	13	9	21	12	6	14	13	10	8	12	7	8	9	15	14	6	6	13	8	10	8	11	11	14	6	8	18	12	10	8	8	14	9	11	10	14	10	10	7	13	10	6	7	11	12	8	15	7	16	14	13	15	8	10	12	8	4	6	8	3	8	14	8	8	6	9	8	10	16	10	7	15	13	7	11	10	14	11	9	16	9	6	10	14	10	9	10	4	6	13	7	9	7	22	8	10	11	6	9	10	12	20	10	14	17	18	13	4	7	5	6	9	6	10	8	10	6	5	9	15	8	8	10	15	9	11	10	7	11	7	11	11	9	10	8	7	6	9	12	7	8	9	15	12	8	10	2	16	7	10	10	10	12	7	6	5	2	2	6	12	13	4	15	5	6	13	9	12	18	11	10	8	13	15	12	11	12	13	14	8	11	9	16	12	12	11	10	9	6	11	14	5	11	9	3	16	14	5	12	13	6	7	11	13	8	10	16	8	11	12	7	6	10	10	11	13	4	8	16	13	18	4	9	10	14	17	5	5	9	6	6	7	12	12	4	8	14	11	9	2	10	8	4	10	14	15	12	7	7	14	7	13	11	11	12	16	9	15	11	12	14	13	12	12	13	11	18	13	12	13	15	13	7	8	6	7	15	4	13	5	15	14	8	13	11	11	9	12	12	9	11	7	12	10	13	15	5	4	10	12	7	6	9	12	3	7	8	9	14	12	12	4	14	9	11	5	4	12	10	11	16	11	12	12	6	8	6	10	15	11	7	12	7	12	10	4	6	8	15	5	12	12	8	6	11	19	15	4	6	6	14	11	4	11	12	15	7	9	12	12	7	7	9	5	10	6	6	17	5	4	8	6	8	8	9	12	12	16	11	11	10	5	10	8	10	11	10	15	13	18	15	12	5	11	13	7	10	9	14	12	6	10	3	3	8	10	8	14	10	15	12	11	13	5	8	10	10	12	15	13	11	15	11	11	8	11	12	11	5	9	16	10	16	9	8	5	11	10	18	10	11	8	4	16	10	14	7	5	8	10	8	2	16	8	18	7	9	13	10	16	5	3	15	9	8	4	11	13	8	11	13	8	8	8	7	9	9	12	21	10	8	12	8	18	11	9	5	11	13	13	10	9	12	9	4	12	13	10	7	9	10	15	7	5	13	21	6	10	14	10	8	12	18	10	13	2	12	7	16	20	15	11	7	9	7	13	14	15	12	12	12	16	10	15	7	7	11	11	8	11	18	15	10	12	7	7	8	12	3	4	8	7	6	6	13	12	11	8	9	14	9	14	13	11	12	5	7	10	12	9	16	11	8	12	10	14	11	9	10	9	11	11	2	9	18	12	10	5	12	15	9	10	11	10	11	7	11	9	16	5	18	6	13	8	18	8	11	13	9	5	12	16	16	7	8	11	6	5	12	14	18	4	9	12	22	23	16	7	14	11	5	5	9	9	13	13	6	13	9	15	16	5	14	9	11	12	5	5	12	5	15	7	6	7	10	9	11	9	8	13	7	10	3	3	8	3	6	14	11	11	14	10	15	8	8	14	7	8	12	8	8	16	6	9	9	8	13	12	10	13	14	7	5	9	11	11	6	13	6	8	8	14	7	11	6	12	6	9	10	18	10	13	6	11	7	10	3	16	13	15	10	10	14	9	14	6	9	13	12	10	12	9	15	8	6	8	8	9	16	5	10	10	7	11	8	10	2	10	9	11	4	5	12	12	13	14	16	21	13	18	3	9	9	5	14	10	8	5	1	14	6	11	7	11	10	15	8	14	9	7	8	8	10	10	14	13	19	14	9	11	13	12	15	4	20	10	10	15	14	6	12	7	8	4	17	7	8	14	11	16	8	10	11	12	4	16	11	12	13	14	9	14	9	7	7	8	7	13	11	7	12	16	7	7	10	10	15	9	11	4	11	13	9	5	8	11	8	13	9	4	15	9	5	13	10	7	15	10	9	8	19	12	9	12	10	10	11	16	9	15	10	10	1	8	11	8	14	12	12	12	5	10	10	10	10	4	9	8	8	8	13	12	8	2	12	9	14	8	11	14	10	11	16	15	8	10	7	10	6	14	12	11	9	12	10	10	8	6	10	10	8	13	11	10	14	9	5	7	20	3	5	11	15	11	10	14	9	8	5	9	7	14	12	12	13	13	17	13	10	21	8	10	11	10	14	10	7	14	12	9	3	6	10	7	8	5	6	9	11	4	11	10	12	15	16	9	10	12	13	5	8	8	12	12	7	13	7	4	13	9	12	12	7	5	15	12	6	12	20	9	5	11	6	5	4	10	8	14	7	6	13	12	8	8	10	10	7	9	13	13	9	9	10	8	7	8	7	9	5	12	8	10	12	13	11	16	8	4	11	9	15	13	13	11	17	15	6	10	10	10	11	14	16	12	11	9	12	12	11	9	14	5	4	13	10	7	3	9	11	12	3	9	7	10	10	10	12	9	16	13	8	9	7	17	13	17	10	20	12	7	6	9	13	10	15	6	16	8	15	12	12	10	9	11	12	9	9	9	10
G6	29	18	10	18	25	11	19	7	13	5	9	18	16	13	3	10	16	17	21	9	5	4	20	11	9	12	11	9	16	16	17	10	13	24	11	12	14	15	8	7	17	29	6	12	13	14	7	7	13	11	22	16	7	7	12	9	11	20	12	10	4	10	13	5	14	8	11	6	14	11	11	18	19	13	13	10	15	7	13	13	12	12	14	17	7	16	6	10	13	13	13	6	16	19	8	12	16	17	9	19	10	7	13	6	9	9	11	20	8	9	16	12	13	11	20	11	21	20	18	12	8	12	14	11	15	11	9	15	24	7	15	8	10	17	19	16	14	15	9	9	11	16	7	20	10	12	11	22	13	23	14	11	16	13	12	24	14	19	11	13	16	16	16	15	1	11	8	6	8	14	8	12	2	20	9	9	18	15	14	10	8	8	4	9	19	13	22	12	10	12	19	7	22	13	10	20	20	9	8	10	19	11	16	12	7	5	8	12	15	14	13	3	11	11	4	16	14	10	10	9	6	14	7	15	14	21	12	12	18	14	22	14	18	23	12	24	1	10	8	11	18	16	10	5	15	10	7	8	18	15	17	23	10	31	18	16	7	13	8	9	7	13	9	10	14	11	19	11	21	19	0	18	11	17	9	2	17	15	13	13	11	14	17	9	11	11	10	4	18	12	20	5	16	5	17	8	11	16	7	13	21	11	11	15	10	14	16	12	6	14	5	17	10	7	6	11	14	16	8	19	11	22	12	7	13	8	5	4	12	14	15	8	9	13	13	16	14	24	7	16	7	12	8	11	19	18	8	8	15	15	11	2	12	14	10	14	11	12	10	17	7	13	9	6	6	11	12	12	9	5	12	8	13	17	10	12	17	25	14	24	13	12	11	16	15	6	19	13	19	2	10	8	19	20	11	3	11	4	14	26	11	8	7	13	10	13	16	21	9	7	16	13	7	12	17	16	15	11	11	11	12	17	12	16	15	6	7	9	12	10	16	7	17	13	18	16	15	18	16	21	8	6	9	11	10	19	9	5	11	7	19	16	10	12	4	11	12	1	16	11	6	9	21	10	14	5	12	11	18	11	6	13	20	17	15	23	7	10	22	9	5	13	9	7	10	12	6	21	18	15	16	6	11	15	18	19	4	7	16	3	2	19	13	16	11	16	18	19	7	18	12	13	14	9	5	13	15	15	16	5	21	15	18	24	17	19	10	12	16	16	6	15	14	15	15	11	21	6	17	9	8	13	13	24	2	18	17	13	13	12	11	14	11	20	19	6	3	18	6	19	4	3	10	17	7	17	22	14	10	11	16	19	14	13	17	10	16	10	8	8	16	14	24	9	12	13	20	14	9	14	20	6	0	12	15	4	16	10	11	21	19	19	10	22	13	11	8	10	12	4	9	15	26	18	9	12	13	9	14	20	13	15	5	15	19	20	7	12	12	17	11	17	13	8	21	22	11	25	10	18	14	7	11	9	14	11	16	10	12	5	4	9	11	9	7	19	16	11	13	14	8	22	9	10	21	9	11	15	15	10	11	14	7	14	13	8	16	11	14	21	24	15	11	13	18	13	15	20	16	11	8	8	14	8	8	19	14	3	4	8	7	14	11	17	9	15	10	26	10	9	23	8	20	8	16	26	13	5	16	6	17	16	22	13	18	13	12	15	12	6	16	17	3	11	14	12	4	6	21	10	16	8	10	10	14	19	23	17	13	13	16	10	12	6	14	12	11	19	9	9	19	16	15	11	8	18	1	13	6	4	10	14	5	21	11	9	17	11	19	17	17	10	18	12	13	12	15	13	5	2	20	13	5	12	11	7	14	8	17	21	14	6	15	19	17	11	15	13	16	6	10	5	12	15	10	7	3	11	7	12	9	9	15	15	9	3	22	21	6	14	8	14	6	8	9	12	13	10	14	21	19	17	23	13	4	13	8	26	24	10	9	17	8	7	7	9	19	11	16	10	16	10	14	12	14	18	9	7	1	13	4	20	8	16	16	13	10	16	19	9	20	15	16	19	14	10	14	22	18	7	15	17	20	12	13	10	13	16	14	18	2	13	19	14	11	6	18	11	19	13	16	7	12	14	5	20	9	13	12	12	19	13	21	10	13	9	20	9	19	7	4	0	14	13	13	18	10	19	20	5	11	16	11	4	12	16	13	5	4	14	12	13	16	9	13	12	9	11	27	8	11	12	12	11	21	8	6	10	17	16	8	19	14	21	18	9	10	13	21	16	19	13	2	11	17	18	13	7	11	24	23	5	12	16	18	14	13	13	16	17	3	21	20	0	12	26	3	15	13	7	19	8	11	20	11	10	17	14	13	13	12	2	6	18	13	14	3	18	12	7	4	5	10	9	18	6	24	14	11	8	22	9	9	18	20	3	23	14	18	13	14	13	16	15	5	17	8	13	15	16	11	9	9	17	9	9	19	9	12	0	13	7	9	14	14	3	20	8	13	18	12	9	10	23	17	19	11	13	13	13	12	12	0	12	15	18	10	7	11	12	15	11	1	15	14	13	15	21	14	10	17	15	19	17	6	13	7	13	14	8	9	6	4	7	13	13	8	10	13	11	9	9	13	14	18	10	4	16	6	15	18	10	16	25	17	18	13	13	14	16	20	11	9	7	8	10	3	16	13	14	8	12	3	11	18	14	7	18	11	20	16	12	9	13	3	9	10	12	15	13	15	9	18	2	16	7	19	9	13	5	8	18	8	13	7	12	14	6	15	13	22	10	12	8	12	13	11	7	16	10	13	15	20	8	10	23	9	15	16	6	13	16	16	12	24	12	9	18	11	11	10	15	14	6	12	8	11	13	15	5	19	9	12	22	25	12	7	9	9	13	18	11	19	13	12	10	20	5	17	16	10	13	15	17	5	15	7	13	9	4	18	14	16	19	18	13	12	4	13	11	11	8	13	18	8	20	18	10	18	8	7	15	14	14	16	21	15	7	13	17	22	28	27	19	4	20	18	10	17	11	7	12	16	13	8	9	13	17	9	9	20	14	16	14	9	13	8	16	21	21	8	12	6	7	8	9	12	17	12	12	10	11	14	20	17	12	18	12	22	10	14	16	23	8	16	14	4	11	19	11	16	14	9	12	11	22	11	19	7	15	12	6	17	22	10	7	14	8	4	9	16	8	15	16	14	23	6	15	5	14	16	5	29	16	13	17	15	14	6	27	17	13	8	6	15	17	4	14	9	13	10	21	6	15	19	19	14	17	1	8	19	11	13	23	10	7	18	9	15	6	13	9	15	17	11	18	6	7	14	18	14	5	20	10	13	17	22	14	8	4	17	11	6	17	15	11	18	7	13	6	13	13	17	6	10	8	6	11	8	26	17	18	13	13	2	4	8	11	7	10	16	8	22	10	10	18	13	11	17	13	21	16	8	10	30	8	10	12	18	12	10	21	18	14	9	10	13	10	15	7	12	17	20	7	11	13	0	13	20	8	9	17	6	12	6	8	5	20	16	11	12	16	7	15	10	16	22	18	10	12	20	20	16	17	9	12	8	10	18	23	21	15	18	12	14	8	8	11	13	11	11	8	11	8	15	6	18	4	18	19	18	25	10	9	17	12	6	11	16	17	1	20	21	6	14	15	21	15	24	17	7	8	20	3	10	2	7	13	11	15	14	13	7	17	12	16	22	0	11	25	17	10	14	7	12	15	8	24	17	2	16	14	14	16	15	9	11	2	7	22	13	9	10	15	15	9	15	5	8	8	9	17	2	15	19	14	11	10	6	24	14	18	13	4	10	25	13	17	16	13	19	16	8	10	11	9	16	11	9	12	20	8	2	15	10	12	20	8	17	14	9	18	10	12	10	19	12	14	11	17	13	19	13	8	21	17	11	18	6	14	17	17	10	10	11	14	5	20	12	13	17	8	9	11	21	16	12	11	20	18	11	14	13	11	8	5	14	20	4	9	8	10	18	15	10	8	16	9	13	15	13	16	12	19	17	21	17	20	14	21	8	17	12	11	10	6	15	21	16	15	12	15	11	14	16	15	16	7	17	17	9	22	9	6	17	11	23	15	11	16	4	28	9	20	2	13	6	19	11	11	11	14	25	4	4	24	9	11	8	14	4	6	14	23	7	15	16	5	16	7	10	14	7	16	19	11	15	18	6	24	21	14	11	6	12	10	14	19	4	7	8	22	14	6	8	13	18	13	9	10	8	18	21	15	8	15	23	25	9	11	6	7	12	18	11	18	22	10	18	20	15	10	8	16	10	14	14	11	10	12	13	20	17	15	17	9	13	9	16	7	14	6	17	11	18	16	20	14	13	10	12	4	19	10	15	13	11	12	21	15	14	14	5	17	10	13	15	25	9	13	10	11	8	11	8	11	3	9	9	16	17	19	19	8	15	12	17	6	9	21	12	8	12	19	2	10	8	27	4	18	14	13	22	4	6	6	15	6	15	10	4	13	13	12	14	5	12	12	7	7	19	18	19	21	18	10	9	15	12	18	17	12	10	14	12	17	16	15	16	10	4	14	13	10	14	18	11	16	19	11	14	13	18	15	14	11	13	25	25	10	11	10	11	10	14	14	15	12	18	10	18	10	5	11	12	20	5	21	11	15	24	5	9	11	5	7	17	16	20	8	9	12	9	12	23	8	12	17	14	9	9	8	16	4	5	23	23	19	10	9	17	15	11	13	20	21	14	7	9	9	13	10	5	19	21	2	9	9	19	14	8	9	15	11	17	16	20	8	16	6	14	18	11	18	10	13	16	2	15	15	18	9	12	11	8	18	12	18	21	13	25	12	20	9	7	14	10	15	11	18	10	21	23	12	14	13	13	13	5	24	14	11	15	10	17	11	15	17	13	14	6	10	1	6	13	6	22	10	25	11	11	10	7	9	15	15	11	14	20	18	9	10	13	19	14	13	11	10	17	15	8	3	12	5	10	13	9	11	11	7	23	13	23	10	9	15	16	3	12	18	16	10	17	7	6	12	19	17	23	13	4	17	13	9	5	15	12	20	19	10	19	13	14	13	9	10	8	13	17	11	17	10	16	15	7	11	18	8	21	12	16	18	18	12	21	14	18	4	7	19	13	11	21	14	12	16	15	21	7	9	7	19	11	8	20	1	10	7	2	10	15	8	4	11	18	20	13	9	19	6	16	27	9	6	15	4	15	18	12	14	14	13	9	17	18	18	12	13	18	15	24	9	18	13	16	19
G7	32	24	18	20	11	16	11	11	17	12	5	23	21	16	17	17	11	16	21	9	13	13	21	18	14	11	19	10	9	16	15	13	13	17	0	24	20	17	9	13	18	15	13	13	11	9	7	7	13	5	12	12	11	17	16	10	15	7	1	17	12	6	16	1	14	8	21	8	10	11	11	17	12	20	5	17	14	16	14	16	18	21	14	18	11	17	0	11	6	22	15	6	12	12	11	7	5	16	11	15	3	0	20	11	6	20	8	23	10	13	11	8	8	9	20	12	13	21	22	10	16	21	10	13	11	15	0	5	17	7	21	7	20	22	9	15	9	18	6	12	14	14	9	19	2	7	10	20	15	16	17	16	22	12	15	24	15	11	13	9	13	11	20	18	6	18	8	14	3	14	23	18	9	15	19	12	13	22	13	15	13	10	9	16	16	6	15	16	9	24	26	10	14	13	8	16	18	10	9	9	10	12	14	22	8	12	12	11	15	14	21	9	16	17	14	13	16	7	9	20	19	5	5	8	12	21	16	18	8	16	13	16	29	22	19	16	5	9	13	13	22	16	20	7	14	9	1	11	14	18	15	10	15	20	20	24	12	18	1	11	11	13	12	10	13	17	22	15	18	19	5	16	11	13	0	12	17	22	14	14	19	12	15	13	8	9	10	1	11	20	17	3	13	13	9	10	14	10	12	26	13	15	14	22	18	14	14	21	9	10	2	10	21	13	11	11	6	13	12	20	13	16	12	12	19	11	0	1	16	13	9	3	1	17	7	19	2	19	20	18	2	12	10	12	21	16	11	14	21	16	5	10	11	13	6	22	12	19	13	18	11	20	13	11	11	15	9	11	11	10	10	13	14	22	12	15	18	19	23	19	10	20	12	15	11	6	26	14	15	1	13	19	8	26	6	10	14	5	16	19	17	7	13	17	14	12	15	22	14	15	18	24	15	19	10	12	10	11	21	17	3	16	5	21	23	12	15	13	13	18	19	10	10	13	10	13	18	13	13	27	16	2	8	6	8	16	6	16	9	6	17	9	17	7	4	15	9	0	13	8	12	18	21	9	16	9	8	11	17	18	11	12	20	22	16	15	13	11	22	15	8	28	6	13	5	11	13	17	15	12	20	8	11	20	12	12	8	15	18	3	3	4	4	15	23	16	19	16	12	13	18	8	15	10	3	13	21	9	9	10	11	16	19	17	18	20	6	15	19	16	12	16	22	10	16	21	13	7	18	17	9	8	15	21	1	13	21	12	13	12	13	16	3	15	16	9	18	23	0	16	5	14	24	23	3	18	24	22	10	0	21	8	18	18	23	11	13	11	4	12	12	18	25	3	9	14	19	16	5	15	18	6	0	11	16	10	8	16	14	25	18	24	10	20	17	10	4	13	8	3	8	10	30	8	10	18	13	11	16	17	13	24	11	20	10	6	16	13	12	14	20	16	8	13	11	17	14	15	15	13	17	7	14	16	16	11	6	10	2	8	9	11	13	0	13	17	11	10	12	14	6	20	17	18	21	9	12	20	15	4	12	16	12	14	17	13	13	14	13	20	18	7	17	9	18	20	20	22	18	9	15	10	20	18	9	17	10	3	16	13	12	7	3	12	9	16	9	17	11	10	25	16	16	12	12	19	13	19	17	10	27	21	15	15	19	5	18	12	13	14	18	11	4	14	18	18	12	9	20	11	9	9	8	10	19	21	16	16	8	15	22	8	16	8	27	12	7	14	1	7	14	16	18	4	16	12	7	18	11	7	12	13	15	16	9	15	15	11	19	11	22	13	13	13	24	15	8	13	12	16	5	4	14	19	11	18	21	13	13	11	12	9	12	17	15	9	18	9	13	23	11	10	10	12	16	8	18	8	10	19	3	12	7	16	10	5	17	28	19	13	26	16	7	19	12	6	13	12	15	10	8	11	24	14	7	15	16	10	10	17	5	3	15	11	15	10	9	17	18	8	14	14	0	19	15	24	14	10	4	16	14	19	16	19	23	15	18	16	20	12	15	9	11	17	5	4	13	17	24	9	10	13	22	19	21	11	12	16	12	18	10	18	21	20	8	10	15	8	15	22	18	10	18	9	11	9	25	16	8	8	17	9	21	14	17	10	14	19	25	5	14	8	13	28	16	17	14	14	21	0	15	7	8	4	16	8	19	11	11	25	16	17	14	8	6	12	18	1	27	15	13	13	5	14	21	7	8	8	13	11	14	5	19	15	11	9	17	16	19	11	23	12	0	10	18	21	16	9	8	16	17	7	17	21	13	12	9	9	12	24	7	21	7	1	21	17	11	12	11	10	21	13	17	17	13	16	21	20	16	19	16	7	9	30	15	11	22	20	12	9	6	11	12	7	10	7	14	16	20	10	20	9	8	17	16	10	13	24	15	11	7	6	19	8	1	23	20	16	7	17	16	21	3	13	11	11	18	7	21	7	9	7	3	10	3	6	15	15	17	18	8	11	9	26	18	12	17	19	20	15	9	10	10	11	19	23	22	8	3	12	8	15	1	18	13	15	14	19	0	9	16	20	21	15	8	16	14	20	14	6	10	14	7	13	13	21	14	13	13	11	15	14	9	9	11	11	5	13	12	12	13	17	16	16	11	17	9	8	19	11	22	9	27	26	13	9	3	17	12	13	10	7	10	11	16	12	12	19	13	21	14	11	18	7	11	12	10	12	5	15	12	12	19	17	12	8	15	5	21	12	11	16	5	14	15	16	24	6	7	8	10	13	16	15	16	23	9	12	22	7	25	18	10	9	21	25	8	15	9	16	14	13	20	16	20	0	9	12	0	10	4	16	14	10	14	13	12	16	16	14	8	12	7	17	20	8	2	9	8	16	24	4	19	16	13	20	11	18	6	22	7	9	18	16	11	10	5	13	7	8	4	11	16	15	16	14	13	10	10	10	12	19	22	16	7	18	17	16	12	6	17	13	7	17	11	18	14	12	10	20	15	16	19	16	9	20	21	11	11	10	10	23	8	17	21	13	10	16	11	11	29	13	16	6	7	14	14	14	16	16	15	13	6	8	13	11	7	18	12	17	11	17	13	22	18	14	13	9	12	13	9	10	18	8	9	14	10	11	20	20	10	11	16	14	14	12	10	15	11	17	15	6	20	20	10	14	25	19	13	15	23	9	20	14	18	15	9	5	4	12	14	6	17	11	13	11	11	24	14	10	15	10	1	11	14	19	10	15	13	15	15	11	7	22	18	30	6	14	7	18	10	12	16	15	33	9	17	11	16	11	18	14	18	19	14	17	5	12	17	13	13	9	11	14	9	16	19	11	13	10	21	13	11	14	12	10	21	4	13	11	13	17	9	13	11	7	8	11	6	22	9	15	17	11	8	2	15	8	13	12	12	5	18	9	16	27	18	15	18	13	19	23	6	15	20	10	19	20	13	17	11	26	11	14	9	16	8	18	20	9	20	18	19	13	20	18	5	17	17	10	0	16	16	11	11	12	7	18	10	15	11	16	13	14	6	18	21	18	15	12	17	25	22	20	11	9	15	12	14	33	22	9	25	14	19	10	12	18	10	11	17	5	24	7	21	17	17	8	15	21	16	12	9	12	20	15	15	9	10	11	10	16	18	13	20	11	16	18	24	18	17	16	14	14	15	9	15	16	18	17	23	20	0	13	17	11	14	0	16	15	13	9	12	17	15	12	12	15	9	8	12	14	9	17	12	7	9	9	9	17	15	13	4	11	11	14	13	5	3	16	9	15	10	12	4	14	16	17	7	23	12	14	12	3	1	11	26	16	19	12	10	17	7	11	8	11	14	16	17	9	15	6	12	21	16	6	20	21	18	18	4	10	13	10	10	8	12	14	9	9	9	18	7	6	15	19	22	15	6	20	19	21	6	21	12	16	3	22	18	14	17	20	16	18	18	12	13	18	36	16	14	14	15	14	4	12	15	10	18	7	10	4	12	16	8	10	12	8	19	14	5	15	14	14	20	18	14	21	7	23	16	22	12	14	8	6	16	23	13	9	11	15	21	7	11	15	21	11	5	13	22	22	11	10	14	18	14	23	14	16	10	29	11	19	14	15	5	19	0	14	16	7	21	7	14	13	12	11	9	17	19	11	9	14	9	22	15	11	19	9	14	13	9	11	23	21	13	19	9	13	22	12	17	11	12	8	16	20	7	10	8	26	11	11	13	16	10	15	20	13	9	19	13	14	2	12	12	18	7	18	11	17	17	18	4	13	15	8	22	20	16	17	18	2	15	13	16	21	3	5	14	17	10	13	14	10	12	15	19	8	16	12	30	9	21	21	18	15	19	10	16	14	14	10	22	17	23	11	9	19	20	12	13	18	10	3	7	17	9	8	20	5	6	12	3	13	4	8	16	19	14	18	14	18	12	9	5	8	13	9	16	11	19	12	5	14	12	23	6	12	5	12	24	12	11	10	20	11	17	15	13	22	12	11	15	8	13	12	9	23	22	14	20	19	17	16	0	13	18	11	16	11	8	13	18	25	15	21	24	10	10	20	8	8	19	13	16	14	22	17	18	7	21	14	13	5	13	12	16	13	10	10	0	10	8	13	28	18	13	6	16	14	10	18	13	20	15	10	18	19	17	14	8	10	11	21	16	17	21	5	11	13	19	17	27	13	15	21	18	1	12	10	14	20	18	15	14	10	13	9	9	28	11	17	17	28	11	11	2	30	18	8	6	18	15	7	15	14	22	9	19	11	10	7	19	20	19	10	16	0	19	20	8	14	14	4	18	5	17	17	20	2	23	14	9	12	16	13	24	24	17	28	13	9	4	13	9	19	15	22	13	17	21	20	16	12	13	19	11	12	23	17	16	20	16	10	19	14	8	16	2	14	1	9	12	4	9	14	23	17	13	5	9	15	10	12	13	11	13	16	16	22	20	18	19	7	15	10	15	26	8	1	15	1	13	16	12	11	9	12	18	16	19	11	18	12	23	8	6	17	12	12	21	19	13	8	9	20	23	8	9	25	17	12	16	12	14	9	23	16	12	9	14	15	5	15	13	16	12	19	17	14	15	14	13	10	12	15	21	20	12	21	19	6	14	11	12	6	12	11	17	19	22	13	14	16	9	10	5	11	13	10	15	10	15	10	16	12	4	13	15	8	12	12	24	21	12	16	13	13	16	10	25	18	15	2	22	10	16	12	22	19	17	14	22	19	7	12	14	23	12	12	17	1	10	15
G8	13	14	11	12	11	7	6	10	17	9	11	8	13	15	4	14	8	9	11	4	8	14	11	11	8	12	10	9	8	10	10	7	10	19	14	9	8	10	5	7	11	8	10	13	11	2	4	6	9	9	3	9	7	22	10	14	16	8	14	7	9	4	10	7	16	2	10	8	10	8	4	10	10	8	10	11	16	7	10	9	8	15	14	10	4	5	9	8	3	14	17	8	9	13	6	3	11	9	4	8	9	11	8	15	14	7	6	13	8	8	9	10	2	11	8	8	12	8	14	3	5	14	14	9	5	8	10	12	12	5	11	8	12	8	10	9	12	6	5	4	11	11	9	12	18	10	8	16	10	14	12	5	13	14	10	8	15	13	12	12	7	9	12	9	7	14	7	6	7	4	16	12	6	7	7	10	14	14	15	8	9	6	11	15	4	19	15	9	8	15	15	14	10	15	12	10	10	8	6	5	16	13	8	12	8	10	12	20	12	9	9	7	11	11	10	10	16	5	4	15	4	9	8	6	12	14	12	17	8	14	12	16	12	12	14	12	7	3	7	11	9	8	15	11	17	6	11	13	11	12	12	9	9	4	11	13	5	9	16	3	3	11	10	11	9	10	13	6	10	8	9	11	20	11	15	9	14	9	6	12	10	15	17	11	11	11	4	9	9	11	11	5	7	14	11	19	9	10	6	11	8	8	10	7	13	11	10	15	10	7	14	12	14	13	14	13	9	15	13	2	11	10	10	6	8	3	9	8	11	16	15	8	5	18	5	4	11	12	13	6	11	5	5	10	9	9	8	8	7	12	6	7	11	11	7	8	7	9	11	12	7	9	14	5	7	7	13	10	6	7	7	12	11	8	8	10	14	6	12	8	11	6	17	13	12	8	20	7	18	9	10	8	12	12	9	6	8	6	9	11	17	4	5	6	12	6	9	12	6	8	10	16	11	9	13	10	16	14	5	17	13	12	4	16	17	7	3	8	11	6	11	7	4	17	24	22	8	10	16	18	9	8	11	7	9	11	7	10	8	8	14	12	6	7	7	19	15	7	12	0	10	14	20	4	13	11	7	11	10	14	4	7	13	15	11	4	7	5	12	7	11	6	6	8	12	7	7	11	12	13	12	13	8	7	15	13	11	8	14	11	7	7	14	11	9	8	11	13	6	13	7	8	10	8	10	9	14	10	12	3	7	11	8	15	16	7	8	13	15	15	9	9	7	7	12	9	6	10	13	12	12	11	12	9	9	16	8	17	8	3	8	9	10	16	8	5	16	9	3	12	13	11	9	10	8	11	13	7	5	9	9	10	9	16	15	2	12	6	6	4	12	7	12	12	12	11	16	14	9	14	13	9	10	16	13	10	14	9	11	8	6	14	4	12	17	6	16	16	6	7	14	7	10	17	18	14	11	2	12	8	9	10	10	12	13	8	6	16	16	8	15	11	15	16	7	6	5	16	11	18	16	10	7	7	14	3	9	8	10	12	3	3	11	9	15	7	5	5	12	10	12	3	8	6	9	8	9	15	7	8	8	12	5	13	12	12	10	11	14	10	7	7	15	8	13	12	10	8	5	12	12	13	13	17	8	17	16	10	10	20	7	8	4	10	6	9	6	11	12	21	6	14	9	7	11	13	16	7	14	10	6	12	11	11	10	11	8	11	5	8	16	20	6	7	15	9	7	6	11	10	13	13	8	11	9	7	10	13	9	20	12	9	11	10	14	8	13	6	16	7	7	7	9	7	10	11	17	8	8	8	16	5	8	10	6	7	9	13	13	4	14	15	9	6	16	7	4	13	8	4	3	8	13	11	8	10	9	9	11	9	8	10	12	11	13	12	10	7	11	15	12	5	12	13	9	4	9	6	5	8	7	12	18	8	7	5	11	12	8	9	6	9	14	13	5	7	7	4	16	7	9	10	8	16	4	9	10	11	11	8	13	8	9	3	11	11	14	20	10	5	8	13	11	15	13	8	14	11	5	5	9	6	5	12	12	8	14	14	7	8	4	9	5	13	4	13	11	9	11	13	4	12	8	9	10	11	12	11	9	6	10	12	17	8	8	13	11	15	19	7	12	12	12	9	12	13	5	7	6	17	12	18	15	16	4	10	16	12	12	7	11	7	16	8	10	12	7	11	14	14	8	11	7	11	11	13	19	7	9	10	4	8	20	11	11	10	17	8	14	6	4	12	4	8	17	3	12	3	10	17	12	15	8	10	13	9	11	12	13	12	10	14	12	6	5	11	17	10	7	6	8	9	11	13	11	2	14	2	15	12	8	8	12	9	10	13	12	8	3	14	13	15	12	11	13	10	10	6	16	2	10	11	6	11	13	8	12	9	3	6	13	9	11	9	16	8	12	10	9	9	11	5	4	8	8	4	7	12	10	8	10	8	4	6	6	9	14	11	9	12	15	13	9	11	6	10	12	8	16	4	6	12	6	7	8	4	12	9	9	5	11	5	14	12	8	8	12	17	9	7	18	3	3	9	8	8	9	9	9	12	11	6	15	10	11	10	14	11	16	10	12	13	9	15	7	11	7	14	12	6	11	2	11	8	7	6	7	10	10	13	14	9	6	13	13	5	4	10	15	6	11	9	13	6	8	15	3	3	16	7	14	10	7	12	6	5	11	13	9	8	7	4	4	7	8	9	1	5	9	11	10	8	11	12	7	6	15	11	11	15	12	7	13	5	10	10	18	10	7	4	6	10	6	9	10	9	9	6	9	11	11	8	10	9	11	11	10	9	8	7	9	3	10	6	6	14	7	12	11	7	16	14	18	14	7	14	11	6	17	12	9	4	6	5	7	9	10	11	17	7	6	5	6	13	14	11	13	9	10	10	6	10	10	11	8	13	19	11	7	7	11	8	10	15	6	9	14	10	8	4	10	14	16	7	10	10	9	8	13	8	12	12	14	18	6	14	9	3	9	10	16	12	12	10	12	7	8	3	11	9	16	8	13	10	11	11	13	9	10	4	9	12	9	13	14	7	11	8	17	12	10	10	14	6	14	13	17	7	15	11	11	9	10	9	8	7	10	7	9	10	6	9	14	10	5	17	11	3	10	5	13	8	7	10	9	15	9	9	14	16	14	10	10	12	17	11	14	9	12	17	10	5	7	11	5	2	13	17	7	12	12	6	11	12	8	8	13	8	9	14	16	9	6	10	16	11	16	8	4	11	13	6	10	4	7	9	10	6	8	10	10	9	13	9	5	7	14	7	8	8	15	12	7	10	6	6	8	12	5	11	9	16	9	11	11	10	11	14	8	11	15	9	20	3	11	14	8	10	13	10	12	1	5	8	11	11	8	7	5	5	7	10	10	10	15	7	11	15	4	15	13	15	9	12	4	13	13	6	9	12	11	9	7	3	9	16	15	8	7	12	8	16	6	1	11	12	4	11	12	9	11	15	10	12	7	9	9	10	11	8	15	6	14	6	11	14	11	14	9	3	8	8	6	9	6	10	5	15	10	8	8	10	11	8	8	9	12	9	10	12	13	12	12	18	9	13	5	9	14	12	12	11	10	13	13	7	10	17	7	13	9	9	17	7	10	9	13	13	10	15	15	12	3	11	10	5	13	4	11	9	2	14	11	6	12	4	13	16	14	9	9	13	7	7	12	28	6	9	12	18	19	8	8	12	11	10	7	16	11	9	12	9	13	12	8	13	20	9	6	5	19	15	11	12	8	5	8	4	5	7	10	12	5	11	13	11	8	11	6	15	7	10	8	10	11	14	12	9	5	5	7	9	4	7	10	10	9	9	15	10	12	7	16	5	15	12	19	9	6	8	8	5	12	13	8	8	13	13	15	7	10	16	9	9	5	7	12	19	12	10	13	11	4	12	11	10	13	15	11	10	9	12	9	9	9	10	9	17	18	14	11	10	4	8	7	11	10	16	9	11	14	5	6	5	13	8	8	8	10	4	3	11	15	13	7	9	14	7	11	9	15	10	7	11	16	14	4	14	18	15	8	8	8	19	3	4	8	17	8	3	4	9	11	10	8	12	13	9	10	6	16	12	4	8	6	11	4	8	5	16	3	14	15	14	14	22	9	13	6	13	10	8	16	8	8	13	10	11	6	14	12	9	10	8	3	13	11	5	9	6	9	10	13	13	14	12	5	8	0	9	8	11	11	9	9	11	16	11	9	7	5	6	15	8	11	12	10	8	12	6	6	7	4	6	8	8	7	14	5	10	7	12	10	10	4	9	6	10	13	6	13	15	11	16	11	12	10	11	3	9	11	4	12	11	9	9	13	15	16	7	9	7	11	6	6	9	21	8	10	11	9	6	12	4	10	22	15	10	4	6	11	6	8	10	8	6	7	12	7	5	9	7	8	8	8	9	6	12	4	16	12	9	16	12	10	10	10	10	9	11	16	12	16	19	13	6	8	20	3	9	3	8	17	11	8	6	10	6	14	8	13	11	11	11	8	7	16	8	14	11	14	8	9	11	20	8	13	9	7	9	7	10	11	10	17	13	13	8	13	12	7	9	11	15	16	11	10	13	17	8	10	12	12	9	11	12	14	12	15	13	8	10	14	6	11	6	10	13	14	11	10	10	8	4	15	14	7	4	9	8	13	14	3	8	8	4	18	9	16	7	17	11	15	9	10	16	10	12	13	10	9	9	10	13	13	18	10	8	12	9	6	8	14	9	21	9	7	8	8	9	15	11	4	10	10	9	12	7	16	11	10	10	7	13	12	9	15	18	12	12	11	7	13	11	14	8	7	4	17	11	12	17	13	14	14	12	9	9	11	8	15	11	11	6	3	14	2	10	14	15	6	9	11	10	11	11	18	12	8	15	14	8	10	8	9	4	10	12	16	14	6	11	13	10	11	14	12	5	5	11	9	13	10	9	10	12	10	9	14	14	10	7	9	16	10	13	4	9	18	8	11	10	13	8	7	10	14	10	11	3	14	12	15	8	6	12	11	5	13	11	14	7	9	6	16	3	13	13	11	8	9	10	9	10	5	6	9	9	14	8	13	14	14	14	8	14	8	7	7	11	6	13	6	6	7	16	9	8	14	13	7	9	15	10	12	4	14	9	8	8	10	7	11	11	14	8	10	10	3	13	13	11	12	6	19	12	9	6	11	9	8	3	12	11	15	13	8	11	8	12	13	5	13	6	9	13	10	21	5	13	8	10	12	13	8	7	9	12	8	12	13	17	7	9	9	13
G9	6	17	10	11	10	7	7	14	13	5	12	10	11	8	3	18	10	7	10	4	6	11	10	8	5	7	14	4	8	9	12	7	14	11	14	12	11	6	9	11	11	6	8	15	11	4	8	6	11	13	10	8	8	5	5	10	11	5	14	8	9	4	16	6	10	6	10	11	6	12	11	10	14	6	7	13	7	10	13	11	8	8	5	13	3	6	14	15	7	13	11	7	14	13	8	7	16	12	13	9	8	8	13	12	7	10	6	9	8	13	7	10	8	10	7	11	8	10	10	3	10	9	3	14	8	17	3	13	16	7	9	5	10	7	18	9	11	8	12	8	6	8	16	12	7	12	3	11	9	11	9	8	11	9	9	10	10	14	12	7	3	8	8	9	5	13	12	6	8	7	13	14	5	15	10	14	10	12	12	8	9	3	5	11	11	7	10	11	4	16	12	10	11	9	13	12	6	5	9	5	15	11	11	13	10	14	5	12	10	8	12	5	10	12	11	13	11	6	6	14	2	14	7	2	7	14	3	12	11	5	4	13	9	18	10	10	11	5	7	9	9	4	10	16	11	7	14	12	10	8	12	17	13	13	10	17	8	10	15	10	3	11	9	10	4	11	10	9	7	7	14	10	8	9	15	5	10	11	9	13	10	15	10	8	14	14	4	9	11	9	7	5	5	13	13	14	14	7	6	9	9	11	15	7	18	18	6	13	1	15	11	15	11	14	9	16	12	13	16	14	11	14	6	2	13	5	16	8	19	6	6	18	18	16	9	7	8	11	12	12	7	8	13	11	17	8	11	4	6	14	4	7	10	13	3	15	7	15	12	8	5	15	7	7	10	21	9	9	15	11	6	12	14	15	12	11	14	12	15	11	4	16	9	6	6	9	10	7	5	9	5	12	14	6	7	7	12	10	12	10	12	7	3	3	10	5	8	7	8	5	9	15	12	15	7	7	11	9	16	14	12	5	18	16	13	9	11	5	8	15	11	11	14	14	8	7	7	14	12	11	14	6	6	9	7	14	17	14	4	10	4	11	4	8	10	8	9	10	13	6	12	11	16	6	13	7	12	11	18	15	13	6	10	10	6	17	7	12	14	8	9	7	7	8	11	5	7	9	12	12	7	11	8	12	7	6	18	12	11	7	3	13	13	7	15	4	14	4	6	10	11	8	3	16	10	8	5	9	9	8	10	9	11	13	6	11	16	16	11	8	4	6	8	9	11	7	9	13	11	17	12	12	8	12	12	4	12	12	8	9	12	9	7	13	12	1	10	11	2	13	16	7	10	16	10	9	14	20	12	13	9	12	11	8	9	6	13	6	8	7	15	10	10	16	11	12	9	8	5	6	9	16	8	13	12	4	12	11	8	15	7	10	5	13	12	9	10	10	13	11	4	7	15	7	14	7	17	3	6	12	5	9	4	11	11	10	17	12	7	7	14	12	10	21	12	6	6	13	15	4	2	9	9	10	15	8	8	4	5	18	4	14	8	9	7	8	8	9	11	9	10	2	15	9	8	8	8	8	13	12	7	12	8	11	11	13	7	5	10	9	15	7	13	10	9	11	14	8	5	9	3	6	11	9	19	12	4	10	14	10	4	6	10	12	6	18	7	9	14	13	15	8	12	6	8	5	11	10	17	10	8	8	12	16	10	9	13	12	2	11	11	10	4	10	16	7	3	6	7	10	16	8	5	5	10	8	19	17	11	7	16	6	12	21	10	10	16	7	10	3	9	12	16	6	12	14	12	16	14	12	7	17	12	8	9	7	10	10	13	8	12	10	12	9	16	10	5	10	6	4	5	9	10	8	5	14	12	11	10	12	11	14	13	9	8	7	8	10	7	13	15	8	9	3	14	3	5	9	13	14	6	14	9	17	7	6	11	4	12	7	3	10	11	13	11	8	12	4	14	17	10	12	13	15	6	15	12	10	11	10	8	12	10	9	16	11	13	8	13	8	8	9	14	12	13	12	13	9	9	11	8	13	7	13	12	18	14	10	14	7	14	15	11	11	8	13	14	18	13	9	5	7	15	10	9	8	10	5	9	10	7	12	11	7	13	15	8	13	15	13	11	12	8	12	7	16	10	8	6	8	7	9	12	8	12	8	12	7	10	5	12	5	18	15	13	12	9	14	14	12	11	11	5	9	11	16	7	8	9	13	0	8	12	11	8	9	19	11	12	3	13	7	6	9	6	4	14	6	6	14	10	15	7	10	11	5	5	10	10	9	16	13	8	5	8	15	14	7	9	14	9	14	10	6	7	1	6	10	9	12	12	9	11	11	11	14	5	8	7	14	12	4	13	9	10	9	7	13	13	4	15	13	6	16	11	10	18	15	9	14	10	10	13	10	12	6	16	6	14	3	14	6	8	12	11	7	13	7	10	6	18	10	9	13	11	7	17	12	9	8	5	10	8	15	12	8	10	6	11	4	13	9	8	4	10	4	13	7	11	7	11	2	5	9	11	10	10	13	18	10	11	9	5	11	16	20	6	4	12	13	9	13	11	9	15	11	9	16	6	6	9	17	21	10	9	10	9	14	7	6	10	4	14	12	13	17	3	17	6	8	9	9	8	8	9	10	12	14	5	9	11	19	10	12	11	12	14	4	7	15	10	10	14	9	7	3	2	12	7	13	6	8	5	9	11	7	5	11	15	13	6	8	18	9	5	1	5	7	10	14	9	13	14	11	9	14	5	13	14	6	16	7	7	12	10	7	10	7	8	13	8	7	12	14	18	4	10	4	3	9	9	9	9	9	11	12	14	10	8	19	7	6	16	13	15	11	6	11	10	15	7	9	5	2	11	12	5	15	6	5	13	5	3	12	17	12	10	11	4	11	17	8	11	7	11	16	15	9	4	10	10	5	18	11	9	15	9	10	5	3	14	11	16	7	13	10	6	6	12	11	6	15	19	8	6	15	15	6	10	11	14	7	10	23	10	8	13	20	7	11	9	12	17	9	5	17	10	14	14	15	4	12	13	14	8	14	14	7	6	11	6	13	11	4	9	7	12	14	11	11	9	11	13	5	9	15	9	8	4	9	11	13	8	10	9	11	7	1	19	14	16	14	10	11	13	8	11	10	12	10	15	10	16	8	18	11	13	14	10	13	11	8	8	14	8	16	10	11	13	6	14	16	11	14	17	16	15	8	5	13	11	11	15	19	16	13	15	17	5	7	10	13	14	10	3	10	9	4	7	13	13	11	17	13	10	10	6	6	6	7	8	11	10	12	12	7	11	6	5	7	12	12	13	14	9	16	10	15	4	12	6	11	7	13	4	8	7	12	5	10	11	4	11	13	9	8	19	13	4	7	15	10	12	7	12	6	11	7	3	8	15	4	15	9	6	3	11	7	4	9	11	7	15	3	16	8	18	10	8	7	13	9	4	4	12	10	18	17	15	8	12	13	8	7	4	15	9	8	7	9	5	11	13	13	12	10	10	7	10	10	13	10	12	16	13	15	4	9	14	11	19	11	11	9	7	11	8	14	9	5	8	10	8	8	10	11	7	13	7	15	13	5	12	15	10	11	6	9	10	12	9	2	9	13	20	12	11	15	12	15	14	10	7	12	10	13	15	9	7	12	8	16	11	11	10	6	10	8	8	12	12	17	7	2	6	15	17	7	16	15	12	9	8	9	6	13	15	10	4	11	9	14	18	7	13	12	10	8	11	10	10	9	16	11	15	12	15	7	4	13	11	16	5	13	17	16	11	6	4	13	11	8	4	12	13	8	11	16	6	9	6	10	6	12	12	9	10	5	8	12	7	11	16	11	13	4	11	8	10	12	13	6	9	18	5	6	9	10	15	14	13	9	8	16	4	5	12	15	7	6	13	15	8	15	14	15	9	11	6	8	9	8	10	12	12	12	11	12	9	13	12	18	10	7	7	7	11	14	7	9	14	8	8	6	9	7	12	9	9	4	7	11	14	14	8	11	18	10	16	2	9	9	5	12	16	12	11	13	10	10	8	16	8	11	6	7	8	9	14	7	11	10	11	14	8	7	8	6	7	12	11	12	6	9	11	12	8	13	12	8	2	12	9	10	10	15	6	7	7	10	7	7	20	8	5	16	13	7	4	15	4	4	8	9	5	13	6	6	12	7	10	13	7	8	10	8	8	16	6	11	11	5	10	6	11	15	15	7	6	3	7	9	11	12	17	10	11	7	9	6	8	3	6	9	10	11	14	18	15	12	11	6	11	12	11	11	9	13	15	11	10	16	11	13	17	5	13	11	3	5	12	11	14	4	12	12	10	12	15	4	11	4	10	4	6	8	11	11	11	8	7	4	8	11	12	10	14	13	9	10	10	6	5	11	8	6	5	9	7	20	9	7	11	4	8	19	6	12	11	13	11	16	7	7	13	7	8	11	9	10	11	15	16	7	13	5	6	18	7	7	7	15	14	9	11	9	11	5	13	12	10	12	12	6	11	6	9	15	7	7	8	11	21	11	11	6	10	6	7	10	13	6	13	9	13	8	16	7	11	5	13	12	7	8	10	11	9	11	10	6	11	13	7	14	5	7	14	7	16	6	7	8	11	11	10	14	8	8	12	6	10	8	6	17	13	7	7	9	3	11	7	8	11	12	15	10	11	13	5	12	8	11	12	1	13	13	10	7	9	12	15	8	10	15	10	11	9	7	8	8	5	13	17	14	10	9	11	5	13	5	10	3	12	8	10	9	12	8	11	11	7	6	9	17	11	14	10	11	10	9	10	19	11	11	7	10	14	10	8	16	18	8	13	9	13	5	8	12	14	11	11	7	5	6	2	11	2	9	9	11	8	8	8	12	14	10	12	6	9	14	12	17	10	7	11	13	9	8	13	12	22	11	17	17	7	8	9	4	16	17	11	12	15	8	11	9	7	9	7	12	17	14	8	15	11	4	12	9	9	9	8	12	11	7	9	8	6	12	3	3	7	8	10	10	14	11	10	7	12	8	8	7	5	14	8	6	19	10	9	9	9	9	16	10	9	14	17	8	9	7	13	9	9	15	6	12	5	19	12	17	19	13	7	17	4	10	15	10	8	13	9	11	10	11	12	9	12	4	12	13	8	10	15	10	10	14	12	11	9	5	15	3	14	5	17	14	9	3	9	10	9	10	10	9	11	7	8	7	10	3	8	12	14	18	9	13	9	8	9	8	18	9	8	10	16	13	14	12	12	14	7	13	8	11	11	8
G10	13	8	10	9	12	9	10	7	13	8	9	10	18	10	4	10	12	17	7	4	6	9	11	12	10	12	16	5	10	16	10	6	13	10	11	10	10	9	6	4	10	12	3	10	9	10	5	6	11	10	10	4	8	11	16	7	8	11	11	12	4	6	17	4	19	8	8	11	12	9	7	8	6	9	5	11	14	6	15	11	12	12	18	15	5	4	5	13	3	7	12	8	7	12	9	7	11	6	7	15	7	7	10	9	6	13	8	10	11	4	9	9	12	16	12	7	8	10	8	12	5	9	7	11	4	9	9	9	5	4	8	4	16	12	12	10	8	9	3	6	6	11	19	12	16	11	5	13	13	14	9	12	11	12	10	10	10	8	8	12	10	12	20	14	3	7	7	8	11	13	10	14	7	12	10	12	7	14	9	17	10	6	10	10	8	12	8	9	3	16	5	18	12	9	15	9	18	12	4	6	13	8	4	9	10	10	15	2	15	7	11	5	10	8	9	14	18	3	8	10	8	7	11	9	12	10	11	5	7	11	8	13	12	12	11	13	16	3	10	11	12	11	11	8	9	13	15	10	9	9	15	19	5	12	7	12	6	10	15	5	7	15	6	12	11	13	9	9	14	7	17	8	8	8	10	6	9	8	11	9	8	13	9	9	11	9	5	11	17	16	6	8	11	12	9	9	12	2	11	14	14	15	8	10	7	7	12	10	7	3	6	7	14	10	8	6	10	8	13	8	9	11	8	4	15	1	8	8	12	15	8	10	5	11	7	7	7	15	10	9	13	12	18	10	13	14	15	4	10	13	4	11	8	11	7	17	12	10	14	16	7	9	16	8	11	12	6	9	13	12	8	7	17	13	6	10	12	12	10	8	4	15	12	9	11	13	9	11	11	18	6	7	14	9	12	9	7	4	8	8	16	3	3	6	13	12	11	13	10	7	17	14	16	4	8	5	8	11	16	8	17	14	15	16	13	10	3	9	6	5	10	11	12	13	12	10	8	10	12	13	5	6	9	0	10	8	14	11	4	12	8	4	6	8	6	10	14	9	10	4	8	8	13	6	10	10	13	10	11	7	7	10	9	14	8	13	10	9	9	7	16	16	8	9	10	3	11	12	15	15	13	15	11	12	6	12	22	10	11	9	7	13	14	5	12	6	12	11	6	9	18	5	8	5	11	9	7	8	9	1	10	14	11	11	17	15	11	10	11	9	5	4	15	15	7	14	13	15	13	4	7	5	10	10	14	11	13	6	5	8	8	16	9	11	7	10	8	13	6	5	10	11	15	14	10	14	9	5	7	18	12	8	10	13	16	7	15	7	15	8	6	10	13	14	11	10	6	12	9	15	8	11	11	16	9	5	10	6	12	13	11	10	8	11	8	9	16	13	11	13	3	2	6	13	12	8	16	6	7	13	13	8	15	8	13	14	12	13	10	9	4	11	12	8	15	16	13	6	5	15	9	9	16	13	13	5	12	4	10	10	12	4	10	13	9	5	6	8	8	11	8	8	15	12	5	15	16	11	6	15	5	11	4	6	10	7	2	8	17	4	15	6	10	13	14	13	11	16	15	8	10	12	13	16	17	10	9	8	10	10	7	6	6	13	6	16	4	8	12	13	12	13	15	8	10	11	13	13	7	13	11	9	15	11	15	4	14	17	5	12	15	14	2	7	13	7	11	3	13	7	7	5	7	7	10	13	9	10	15	9	13	11	10	9	16	5	9	13	13	0	5	8	8	6	12	10	9	10	9	9	15	11	7	10	6	10	8	12	12	13	11	11	9	8	10	13	8	10	3	5	3	12	11	15	11	7	10	9	9	13	10	4	6	13	15	10	8	11	14	8	9	3	5	7	13	6	6	10	14	10	3	16	7	10	7	8	12	10	8	12	8	10	17	13	9	5	12	11	13	17	12	6	8	7	8	15	10	10	12	5	10	12	5	9	8	13	10	10	7	10	9	11	9	8	12	10	17	7	7	9	8	13	12	10	14	19	15	11	10	7	9	16	12	9	10	7	11	13	13	11	7	7	11	8	11	12	8	8	15	15	5	8	16	13	11	9	10	6	8	3	16	12	6	5	11	12	11	9	10	12	22	16	20	5	7	10	16	8	18	4	7	7	14	13	11	16	6	12	9	14	9	17	6	6	12	12	11	15	8	15	6	11	7	13	6	12	10	18	9	10	12	9	7	17	14	8	11	2	11	14	8	6	12	10	13	4	12	14	8	8	10	6	15	6	9	11	10	7	8	8	12	12	11	11	13	3	3	9	15	9	12	10	12	8	8	10	6	13	11	14	14	10	18	8	10	10	10	11	12	9	15	9	5	12	10	7	6	13	6	4	11	6	11	7	5	3	14	5	6	9	15	7	6	11	10	7	9	9	11	9	14	11	19	6	12	6	8	15	8	12	9	11	11	9	14	9	11	11	13	11	12	9	3	11	9	11	14	11	12	7	14	9	13	12	13	10	8	10	14	7	6	7	7	10	16	8	11	5	15	11	14	7	11	11	14	11	14	10	14	9	12	13	10	12	6	8	8	18	5	6	7	7	13	8	13	8	8	15	2	8	11	5	11	11	12	6	11	8	9	8	12	6	13	18	16	15	13	9	9	9	10	11	7	7	6	11	8	10	11	8	7	11	3	11	16	11	6	7	11	8	9	10	6	13	13	3	12	11	8	7	12	5	13	13	15	13	11	8	7	1	15	13	9	11	16	9	14	5	7	2	7	7	7	11	10	11	14	12	17	10	14	11	9	9	5	9	12	14	7	14	10	8	6	8	17	6	6	13	10	11	9	11	6	2	9	9	9	13	14	8	7	7	12	14	7	11	11	12	14	15	11	11	5	12	8	13	5	15	10	11	10	10	7	8	9	12	11	7	12	8	18	10	9	14	9	9	8	8	13	11	6	16	14	9	5	8	12	8	16	7	9	14	11	7	7	6	10	8	10	16	10	12	14	12	5	9	7	8	7	11	7	11	10	9	7	6	9	11	14	8	9	11	10	10	11	20	9	14	14	10	6	13	12	10	5	7	10	5	1	8	8	16	11	14	12	10	14	8	11	16	6	18	18	9	7	7	10	11	11	6	6	13	12	15	6	14	11	8	9	14	11	1	9	10	4	13	7	16	13	15	12	8	18	17	16	8	8	6	8	10	11	5	10	8	9	4	13	12	7	11	15	4	15	2	6	13	9	13	5	12	15	9	9	15	14	9	13	11	3	7	6	16	11	9	14	7	19	2	9	11	9	13	13	10	8	8	17	15	11	8	10	8	12	9	7	6	4	10	10	17	7	6	7	13	8	13	11	13	12	4	7	11	11	6	12	9	13	7	3	10	15	10	16	7	10	14	14	5	7	6	16	4	7	3	16	11	16	14	9	5	15	10	6	4	13	11	13	9	10	20	10	9	15	17	3	11	8	11	12	9	16	8	8	5	9	15	8	13	9	3	7	10	11	14	5	12	4	8	11	8	11	17	12	18	9	9	12	9	8	8	11	13	10	10	11	12	9	6	11	13	16	9	10	18	10	6	10	6	4	11	13	16	5	9	10	7	12	10	11	5	12	15	6	7	12	7	9	2	12	7	4	12	15	12	11	13	10	9	8	13	7	9	16	2	10	6	8	13	11	7	11	19	12	6	16	12	9	12	13	11	9	8	9	9	8	9	11	13	23	6	10	9	12	12	13	10	11	7	4	7	13	10	11	10	10	7	12	5	4	17	10	12	8	15	8	9	9	14	7	17	7	10	7	8	12	13	9	17	11	11	8	5	10	8	9	4	13	11	9	16	7	6	12	9	10	13	8	11	9	11	6	12	21	14	8	12	8	12	5	14	7	8	3	16	6	6	12	11	13	12	10	10	11	11	12	7	11	10	13	9	16	16	9	12	6	12	11	13	17	4	11	7	6	11	18	9	11	9	10	3	6	14	10	13	3	3	11	2	16	13	15	13	5	13	9	17	10	12	10	12	5	16	13	10	5	6	8	7	13	10	7	18	13	8	13	10	15	6	8	13	18	12	9	12	5	8	12	16	6	10	5	10	15	10	15	9	8	12	12	13	13	7	14	6	14	10	9	11	5	11	10	17	6	11	3	14	8	4	14	5	7	13	13	14	24	11	18	10	4	10	12	7	21	11	9	15	12	7	14	7	4	10	11	10	11	12	11	11	8	5	9	11	19	8	11	8	11	19	9	18	4	9	3	10	9	15	11	5	17	15	10	9	10	11	13	11	14	14	6	6	12	9	14	11	11	13	12	12	8	8	6	8	10	13	8	16	5	15	7	13	14	11	13	11	12	11	9	11	12	8	15	9	5	16	7	2	11	16	10	10	10	13	12	7	6	10	9	19	4	8	18	12	13	6	8	11	13	15	4	9	16	10	15	14	14	15	11	8	10	8	5	9	11	14	13	3	17	6	14	5	7	10	6	11	15	5	7	12	9	9	11	10	10	12	17	11	13	12	8	11	8	13	13	9	8	18	15	12	17	9	7	8	12	8	13	9	12	13	9	7	13	12	12	12	12	9	11	11	13	5	5	2	7	9	11	1	7	12	12	11	7	9	4	7	10	13	3	12	11	11	14	7	7	7	9	8	14	13	16	7	4	14	19	13	11	14	8	5	13	9	13	13	5	24	4	7	8	9	13	11	6	12	7	12	11	12	11	9	13	8	9	4	5	6	15	7	7	10	11	10	4	6	12	14	10	15	14	13	16	12	12	11	5	9	9	14	7	9	10	10	10	12	16	17	7	8	11	15	14	9	13	14	15	11	3	11	9	11	17	12	6	13	9	7	7	10	13	11	7	12	9	18	10	12	14	4	14	12	15	6	7	8	9	13	12	13	11	11	23	8	12	13	9	7	12	15	9	15	16	14	15	6	5	6	11	20	7	9	15	13	10	9	13	5	8	16	11	11	6	12	10	16	14	1	11	13	22	5	9	6	10	9	4	12	10	2	13	6	12	10	7	6	16	13	7	18	19	11	13	8	9	9	11	7	8	9	6	10	9	14	10	6	11	6	6	12	21	14	13	13	15	12	13	5	10	9	9	9	8	13	9	16	10	6	9	7	11	24	9	9	11	9	7	5	7	10	12	8	10	10	12	5	7	10	7	7	8	11	14	5	9	14	10	7	9	8	10	12	13	12	10	9	5	8	15	8	12	10	18	16	10	17	9	4	14	10
G11	10	14	8	10	9	11	17	14	16	5	8	12	10	19	3	7	10	9	9	3	6	12	13	12	5	9	6	6	8	8	11	6	8	10	10	13	11	8	5	9	9	8	8	12	11	7	3	9	20	7	10	5	7	12	11	13	10	12	12	15	10	3	9	6	5	9	14	10	10	14	16	8	5	11	7	16	9	10	7	11	6	10	11	11	7	11	10	13	9	9	13	9	8	5	10	8	10	6	6	8	12	15	11	10	6	11	14	10	9	15	17	15	7	11	10	17	10	12	8	15	5	16	7	9	6	13	7	9	10	6	14	9	11	8	15	10	15	6	2	9	12	9	8	12	11	12	10	8	11	13	6	14	8	12	8	7	14	11	13	13	8	13	13	17	6	13	6	9	12	12	13	9	14	19	8	12	7	11	14	10	9	5	9	12	7	15	9	9	7	10	17	9	14	11	8	12	11	8	4	4	11	16	17	6	19	7	12	7	16	11	14	6	5	5	7	8	8	6	10	9	4	10	4	9	11	3	11	13	7	10	6	9	8	17	9	10	8	4	13	15	17	18	8	18	17	6	10	4	9	11	16	9	5	9	14	16	3	9	14	5	5	13	7	7	11	7	10	15	7	11	6	9	10	10	12	6	13	12	13	10	15	15	14	14	8	10	8	13	10	16	7	9	10	13	10	6	4	7	8	9	19	19	8	6	11	13	11	14	5	11	15	14	10	9	4	11	10	15	13	10	9	11	8	7	5	6	13	9	12	15	8	15	11	9	4	16	7	15	13	13	7	6	12	14	10	12	16	4	7	14	6	6	12	7	3	15	8	10	9	16	2	12	11	12	12	11	4	10	10	9	5	11	13	15	9	6	12	10	13	12	7	10	7	14	13	3	12	7	9	3	7	15	13	5	11	8	5	5	9	13	12	5	11	20	15	13	10	10	6	18	11	14	9	10	8	12	11	14	14	16	16	6	11	10	5	8	4	10	5	9	15	13	14	4	20	13	7	9	11	12	13	6	5	10	6	8	13	11	8	11	10	4	3	14	9	8	13	9	13	7	10	12	12	5	14	11	12	14	9	8	6	12	15	11	22	15	18	15	16	14	9	10	7	7	10	5	3	13	9	13	10	13	14	5	9	10	12	18	13	8	9	6	11	11	11	13	15	7	3	13	13	12	8	13	11	19	14	10	8	8	13	17	17	12	9	6	5	10	16	9	12	10	9	10	7	11	16	11	3	12	5	4	13	6	12	12	10	7	11	8	11	18	13	18	12	6	12	12	6	9	10	8	13	10	8	12	7	7	5	9	12	9	10	10	9	5	13	10	4	13	13	10	16	15	12	6	13	12	1	8	11	12	16	8	11	8	9	12	20	14	16	8	8	12	13	9	11	10	4	13	8	7	17	9	15	11	13	13	15	11	7	9	13	15	13	7	16	10	9	9	14	10	12	14	7	8	15	9	10	15	7	13	12	6	4	6	14	6	7	14	5	13	12	8	5	8	10	13	7	8	8	9	6	9	12	15	12	16	7	5	5	7	11	9	20	13	7	9	11	10	9	8	15	8	13	14	9	16	14	7	4	12	9	11	9	9	8	8	10	8	9	8	14	16	9	12	6	8	7	7	6	17	11	10	10	11	16	11	9	16	10	11	13	17	17	6	14	12	3	12	8	13	9	13	9	9	8	6	8	11	7	7	8	4	13	16	10	8	11	7	11	15	18	11	18	15	11	5	12	8	16	9	8	5	22	18	15	10	7	16	13	9	12	13	10	5	10	11	11	8	11	7	12	5	9	7	7	13	9	2	3	12	11	11	6	11	10	6	6	11	14	11	7	12	12	4	9	11	8	16	21	5	6	12	16	7	7	13	10	13	7	17	9	8	5	5	13	12	8	6	20	15	5	13	4	18	12	5	9	22	10	14	14	11	8	8	6	11	17	9	12	8	10	5	8	10	13	7	8	8	8	14	10	14	8	9	12	11	5	9	3	14	13	10	14	11	23	7	7	5	12	8	9	10	8	8	11	12	8	12	3	17	14	17	11	7	11	9	12	6	19	11	6	9	13	10	14	12	10	15	16	13	18	8	12	14	2	12	9	15	9	13	16	8	1	6	13	14	10	6	12	4	10	13	16	14	15	14	5	6	9	13	8	9	19	9	8	9	13	9	7	8	18	12	3	10	13	18	7	10	17	9	5	17	14	7	16	4	8	10	5	6	12	18	6	5	11	9	12	12	8	14	15	5	8	11	11	5	4	6	12	12	15	8	13	9	14	2	10	13	6	18	10	9	9	13	11	16	3	12	11	7	8	8	5	17	15	7	10	13	6	10	6	19	14	13	14	13	7	10	8	11	7	6	12	5	16	14	7	6	14	14	7	15	12	13	9	9	8	11	15	7	12	9	8	14	13	9	8	9	15	11	11	17	11	8	16	12	16	8	11	6	12	8	14	7	17	17	18	6	10	7	7	5	16	10	10	16	13	6	8	7	1	15	10	15	13	8	8	11	12	9	11	15	8	13	10	9	12	8	11	18	18	10	12	10	10	17	9	2	12	10	4	6	5	14	3	16	11	11	12	7	6	8	11	7	9	10	8	12	14	8	11	8	15	9	8	6	10	9	8	11	10	11	18	9	8	8	8	4	6	13	8	13	14	18	7	10	15	11	11	9	7	9	9	2	11	13	9	9	9	9	6	8	17	11	7	4	12	3	12	12	8	12	4	16	14	4	9	13	11	3	6	11	12	11	10	5	8	13	11	10	7	8	13	13	8	12	7	8	12	14	11	12	12	18	6	18	13	9	13	8	3	5	10	12	4	10	5	3	13	6	12	10	15	9	7	8	11	15	12	6	8	9	8	13	9	8	3	10	10	10	10	11	4	15	7	7	3	8	18	11	13	9	19	11	15	10	8	11	12	11	20	9	4	8	10	7	11	20	10	13	5	11	11	7	18	7	22	11	11	15	9	5	11	11	14	13	8	14	10	15	12	9	9	11	9	13	14	4	13	6	18	9	10	13	7	16	11	21	13	14	5	9	5	12	10	10	5	13	9	11	13	14	14	11	9	7	16	15	13	5	11	12	11	17	15	12	7	16	12	10	7	15	8	5	13	14	14	10	13	6	7	12	5	9	9	8	7	17	16	14	11	10	11	14	13	2	7	14	11	9	13	9	14	11	8	15	4	10	19	8	4	3	1	11	5	18	8	14	11	8	5	11	9	15	11	13	7	6	9	8	11	12	10	10	14	7	10	11	7	8	13	12	7	11	15	9	10	11	11	7	12	11	12	9	9	9	11	6	8	7	6	10	6	13	11	13	9	8	8	9	10	4	8	7	3	4	10	15	9	13	10	12	9	11	17	4	3	12	6	6	10	5	11	16	17	9	12	8	11	14	6	5	12	12	16	13	15	7	10	13	9	9	5	11	15	14	9	1	14	7	11	1	9	11	8	14	13	5	8	11	16	7	5	11	4	7	15	8	5	6	11	11	7	18	12	20	7	8	10	11	5	11	17	11	4	12	11	10	10	21	16	12	13	10	8	16	8	11	14	7	10	15	15	18	18	13	18	8	10	8	4	18	8	9	13	7	6	10	4	8	7	9	12	14	9	8	10	9	16	13	3	9	10	14	10	14	13	12	10	10	5	13	9	12	8	9	15	11	9	11	10	8	6	10	11	7	15	10	7	22	9	15	6	11	15	5	4	13	15	5	8	8	17	11	3	3	5	10	13	15	8	10	4	9	8	10	9	6	6	11	12	13	7	14	9	16	11	14	14	5	16	4	10	5	18	9	11	9	5	7	6	11	11	11	6	9	11	14	2	16	9	9	4	9	12	8	3	6	13	20	3	10	9	13	10	14	10	6	9	8	10	12	7	13	8	12	8	10	15	10	17	14	11	15	16	9	13	9	8	11	12	5	8	7	12	7	9	6	7	8	14	18	3	6	11	5	15	10	13	13	9	16	7	18	11	17	16	10	14	8	12	9	6	6	4	12	11	5	11	10	10	15	10	7	18	4	10	11	12	12	15	7	7	13	14	8	10	12	1	5	8	10	11	13	7	16	7	11	14	4	9	5	11	14	10	8	5	12	15	9	8	13	8	13	9	5	14	4	12	9	8	18	12	11	10	12	3	12	16	6	11	5	5	11	8	10	11	5	6	10	11	8	7	9	13	9	12	6	12	9	17	6	8	11	7	13	12	14	5	7	17	8	13	8	11	15	10	8	4	8	15	13	12	13	9	8	7	6	15	12	12	11	18	12	9	11	11	8	9	7	7	7	13	14	11	10	15	5	16	11	18	10	13	11	7	10	8	11	14	9	11	13	18	6	13	10	5	5	19	5	11	8	16	9	11	7	5	10	6	9	7	4	12	11	8	11	7	13	13	17	16	9	3	11	11	10	4	8	8	11	6	6	11	6	11	7	7	9	14	14	12	7	11	8	14	6	16	11	10	12	7	9	15	8	16	11	12	15	12	9	9	12	15	8	9	8	9	6	6	9	7	15	10	16	4	7	5	6	17	17	6	14	12	9	8	14	19	7	4	6	13	10	7	5	12	11	12	4	3	12	6	8	11	13	6	10	10	10	16	14	6	9	16	14	8	14	6	4	8	14	10	15	5	6	9	12	7	6	10	10	10	20	11	16	9	9	14	5	5	11	11	13	12	3	9	8	9	9	12	5	6	19	12	9	9	6	11	9	11	10	12	6	12	6	8	13	21	7	9	9	15	7	15	16	12	8	13	15	11	11	12	12	9	10	8	12	8	11	12	7	11	9	5	8	7	12	13	10	5	15	9	6	15	13	8	10	19	19	12	9	9	10	11	10	11	6	8	8	9	8	9	13	16	7	12	5	10	12	8	11	6	7	7	9	8	13	11	11	16	10	8	10	8	13	11	11	11	14	12	11	13	13	8	19	9	16	16	1	12	13	16	7	10	13	7	5	9	4	7	1	11	7	10	7	9	4	7	4	7	17	14	13	9	11	13	11	9	9	7	11	9	9	8	10	4	6	9	10	17	9	6	13	8	15	9	9	15	8	7	10	11	10	6	3	11	11	12	13	11	10	13	7	6	11	15	17	6	1	9	10	12	12	7	8	12	4	8	10	17	9	10	13	12	10	12	9	12	15	9	15	10	8	12	8	9	10	7	12	11	13	8	14	12	5	8	16	5	13	15	13	11	10	10	16
G12	0	0	0	0	0	0	0	0	0	0	0	0	0	0	0	0	0	0	0	0	0	0	0	0	0	0	0	0	0	0	0	0	0	0	0	0	0	0	0	0	0	0	0	0	0	0	0	0	0	0	0	0	0	0	0	0	0	0	0	0	0	0	0	0	0	0	0	0	0	0	0	0	0	0	0	0	0	0	0	0	0	0	0	0	0	0	0	0	0	0	0	0	0	0	0	0	0	0	0	0	0	0	0	0	0	0	0	0	0	0	0	0	0	0	0	0	0	0	0	0	0	0	0	0	0	0	0	0	0	0	0	0	0	0	0	0	0	0	0	0	0	0	0	0	0	0	0	0	0	0	0	0	0	0	0	0	0	0	0	0	0	0	0	0	0	0	0	0	0	0	0	0	0	0	0	0	0	0	0	0	0	0	0	0	0	0	0	0	0	0	0	0	0	0	0	0	0	0	0	0	0	0	0	0	0	0	0	0	0	0	0	0	0	0	0	0	0	0	0	0	0	0	0	0	0	0	0	0	0	0	0	0	0	0	0	0	0	0	0	0	0	0	0	0	0	0	0	0	0	0	0	0	0	0	0	0	0	0	0	0	0	0	0	0	0	0	0	0	0	0	0	0	0	0	0	0	0	0	0	0	0	0	0	0	0	0	0	0	0	0	0	0	0	0	0	0	0	0	0	0	0	0	0	0	0	0	0	0	0	0	0	0	0	0	0	0	0	0	0	0	0	0	0	0	0	0	0	0	0	0	0	0	0	0	0	0	0	0	0	0	0	0	0	0	0	0	0	0	0	0	0	0	0	0	0	0	0	0	0	0	0	0	0	0	0	0	0	0	0	0	0	0	0	0	0	0	0	0	0	0	0	0	0	0	0	0	0	0	0	0	0	0	0	0	0	0	0	0	0	0	0	0	0	0	0	0	0	0	0	0	0	0	0	0	0	0	0	0	0	0	0	0	0	0	0	0	0	0	0	0	0	0	0	0	0	0	0	0	0	0	0	0	0	0	0	0	0	0	0	0	0	0	0	0	0	0	0	0	0	0	0	0	0	0	0	0	0	0	0	0	0	0	0	0	0	0	0	0	0	0	0	0	0	0	0	0	0	0	0	0	0	0	0	0	0	0	0	0	0	0	0	0	0	0	0	0	0	0	0	0	0	0	0	0	0	0	0	0	0	0	0	0	0	0	0	0	0	0	0	0	0	0	0	0	0	0	0	0	0	0	0	0	0	0	0	0	0	0	0	0	0	0	0	0	0	0	0	0	0	0	0	0	0	0	0	0	0	0	0	0	0	0	0	0	0	0	0	0	0	0	0	0	0	0	0	0	0	0	0	0	0	0	0	0	0	0	0	0	0	0	0	0	0	0	0	0	0	0	0	0	0	0	0	0	0	0	0	0	0	0	0	0	0	0	0	0	0	0	0	0	0	0	0	0	0	0	0	0	0	0	0	0	0	0	0	0	0	0	0	0	0	0	0	0	0	0	0	0	0	0	0	0	0	0	0	0	0	0	0	0	0	0	0	0	0	0	0	0	0	0	0	0	0	0	0	0	0	0	0	0	0	0	0	0	0	0	0	0	0	0	0	0	0	0	0	0	0	0	0	0	0	0	0	0	0	0	0	0	0	0	0	0	0	0	0	0	0	0	0	0	0	0	0	0	0	0	0	0	0	0	0	0	0	0	0	0	0	0	0	0	0	0	0	0	0	0	0	0	0	0	0	0	0	0	0	0	0	0	0	0	0	0	0	0	0	0	0	0	0	0	0	0	0	0	0	0	0	0	0	0	0	0	0	0	0	0	0	0	0	0	0	0	0	0	0	0	0	0	0	0	0	0	0	0	0	0	0	0	0	0	0	0	0	0	0	0	0	0	0	0	0	0	0	0	0	0	0	0	0	0	0	0	0	0	0	0	0	0	0	0	0	0	0	0	0	0	0	0	0	0	0	0	0	0	0	0	0	0	0	0	0	0	0	0	0	0	0	0	0	0	0	0	0	0	0	0	0	0	0	0	0	0	0	0	0	0	0	0	0	0	0	0	0	0	0	0	0	0	0	0	0	0	0	0	0	0	0	0	0	0	0	0	0	0	0	0	0	0	0	0	0	0	0	0	0	0	0	0	0	0	0	0	0	0	0	0	0	0	0	0	0	0	0	0	0	0	0	0	0	0	0	0	0	0	0	0	0	0	0	0	0	0	0	0	0	0	0	0	0	0	0	0	0	0	0	0	0	0	0	0	0	0	0	0	0	0	0	0	0	0	0	0	0	0	0	0	0	0	0	0	0	0	0	0	0	0	0	0	0	0	0	0	0	0	0	0	0	0	0	0	0	0	0	0	0	0	0	0	0	0	0	0	0	0	0	0	0	0	0	0	0	0	0	0	0	0	0	0	0	0	0	0	0	0	0	0	0	0	0	0	0	0	0	0	0	0	0	0	0	0	0	0	0	0	0	0	0	0	0	0	0	0	0	0	0	0	0	0	0	0	0	0	0	0	0	0	0	0	0	0	0	0	0	0	0	0	0	0	0	0	0	0	0	0	0	0	0	0	0	0	0	0	0	0	0	0	0	0	0	0	0	0	0	0	0	0	0	0	0	0	0	0	0	0	0	0	0	0	0	0	0	0	0	0	0	0	0	0	0	0	0	0	0	0	0	0	0	0	0	0	0	0	0	0	0	0	0	0	0	0	0	0	0	0	0	0	0	0	0	0	0	0	0	0	0	0	0	0	0	0	0	0	0	0	0	0	0	0	0	0	0	0	0	0	0	0	0	0	0	0	0	0	0	0	0	0	0	0	0	0	0	0	0	0	0	0	0	0	0	0	0	0	0	0	0	0	0	0	0	0	0	0	0	0	0	0	0	0	0	0	0	0	0	0	0	0	0	0	0	0	0	0	0	0	0	0	0	0	0	0	0	0	0	0	0	0	0	0	0	0	0	0	0	0	0	0	0	0	0	0	0	0	0	0	0	0	0	0	0	0	0	0	0	0	0	0	0	0	0	0	0	0	0	0	0	0	0	0	0	0	0	0	0	0	0	0	0	0	0	0	0	0	0	0	0	0	0	0	0	0	0	0	0	0	0	0	0	0	0	0	0	0	0	0	0	0	0	0	0	0	0	0	0	0	0	0	0	0	0	0	0	0	0	0	0	0	0	0	0	0	0	0	0	0	0	0	0	0	0	0	0	0	0	0	0	0	0	0	0	0	0	0	0	0	0	0	0	0	0	0	0	0	0	0	0	0	0	0	0	0	0	0	0	0	0	0	0	0	0	0	0	0	0	0	0	0	0	0	0	0	0	0	0	0	0	0	0	0	0	0	0	0	0	0	0	0	0	0	0	0	0	0	0	0	0	0	0	0	0	0	0	0	0	0	0	0	0	0	0	0	0	0	0	0	0	0	0	0	0	0	0	0	0	0	0	0	0	0	0	0	0	0	0	0	0	0	0	0	0	0	0	0	0	0	0	0	0	0	0	0	0	0	0	0	0	0	0	0	0	0	0	0	0	0	0	0	0	0	0	0	0	0	0	0	0	0	0	0	0	0	0	0	0	0	0	0	0	0	0	0	0	0	0	0	0	0	0	0	0	0	0	0	0	0	0	0	0	0	0	0	0	0	0	0	0	0	0	0	0	0	0	0	0	0	0	0	0	0	0	0	0	0	0	0	0	0	0	0	0	0	0	0	0	0	0	0	0	0	0	0	0	0	0	0	0	0	0	0	0	0	0	0	0	0	0	0	0	0	0	0	0	0	0	0	0	0	0	0	0	0	0	0	0	0	0	0	0	0	0	0	0	0	0	0	0	0	0	0	0	0	0	0	0	0	0	0	0	0	0	0	0	0	0	0	0	0	0	0	0	0	0	0	0	0	0	0	0	0	0	0	0	0	0	0	0	0	0	0	0	0	0	0	0	0	0	0	0	0	0	0	0	0	0	0	0	0	0	0	0	0	0	0	0	0	0	0	0	0	0	0	0	0	0	0	0	0	0	0	0	0	0	0	0	0	0	0	0	0	0	0	0	0	0	0	0	0	0	0	0	0	0	0	0	0	0	0	0	0	0	0	0	0	0	0	0	0	0	0	0	0	0	0	0	0	0	0	0	0	0	0	0	0	0	0	0	0	0	0	0	0	0	0	0	0	0	0	0	0	0	0	0	0	0	0	0	0	0	0	0	0	0	0	0	0	0	0	0	0	0	0	0	0	0	0	0	0	0	0	0	0	0	0	0	0	0	0	0	0	0	0	0	0	0	0	0	0	0	0	0	0	0	0	0	0	0	0	0	0	0	0	0	0	0	0	0	0	0	0	0	0	0	0	0	0	0	0	0	0	0	0	0	0	0	0	0	0	0	0	0	0	0	0	0	0	0	0	0	0	0	0	0	0	0	0	0	0	0	0	0	0	0	0	0	0	0	0	0	0	0	0	0	0	0	0	0	0	0	0	0	0	0	0	0	0	0	0	0	0	0	0	0	0	0	0	0	0	0	0	0	0	0	0	0	0	0	0	0	0	0	0	0	0	0	0	0	0	0	0	0	0	0	0	0	0	0	0	0	0	0	0	0	0	0	0	0	0	0	0	0	0	0	0	0	0	0	0	0	0	0	0	0	0	0	0	0	0	0	0	0	0	0	0	0	0	0	0	0	0	0	0	0	0	0	0	0	0	0	0	0	0	0	0	0	0	0	0	0	0	0	0	0	0	0	0	0	0	0	0	0	0	0	0	0	0	0	0	0	0	0	0	0	0	0	0	0	0	0	0	0	0	0	0	0	0	0	0	0	0	0	0	0	0	0	0	0	0	0	0	0	0	0	0	0	0	0	0	0	0	0	0	0	0	0	0	0	0	0	0	0	0	0	0	0	0	0	0	0	0	0	0	0	0	0	0	0	0	0	0	0	0	0	0	0	0	0	0	0	0	0	0	0	0	0	0	0	0	0	0	0	0	0	0	0	0	0	0	0	0	0	0	0	0	0	0	0	0	0	0	0	0	0	0	0	0	0	0	0	0	0	0	0	0	0	0	0	0	0	0	0	0	0	0	0	0	0	0	0	0	0	0	0	0	0	0	0	0	0	0	0	0	0	0	0	0	0	0	0	0	0	0	0	0	0	0	0	0	0	0	0	0	0	0	0	0	0	0	0	0	0	0	0	0	0	0	0	0
G13	20	18	5	6	8	20	16	21	5	6	11	19	23	17	0	11	14	12	21	8	7	16	11	8	13	16	12	4	13	20	19	19	15	22	19	15	7	25	10	9	9	18	12	19	11	14	13	7	13	2	8	5	11	18	24	16	16	17	9	20	10	9	20	6	14	8	14	13	14	19	13	19	17	22	8	16	16	9	7	20	11	9	14	10	7	6	6	17	11	18	2	4	14	4	10	5	11	17	4	17	1	21	16	16	17	10	6	23	15	11	11	7	8	15	6	14	11	13	13	5	10	19	12	14	4	6	8	9	19	13	14	8	14	13	13	21	18	11	10	11	13	13	6	26	10	11	12	17	9	16	11	18	9	13	15	14	15	20	7	9	9	28	14	16	12	13	12	4	10	6	10	16	3	14	9	14	24	13	13	18	10	10	4	16	17	8	16	15	8	17	9	6	18	19	15	13	24	9	12	12	14	11	22	11	10	12	12	15	15	19	12	10	10	16	15	16	21	10	6	11	13	11	15	15	13	8	6	8	19	17	18	14	27	4	15	15	13	6	9	8	15	12	21	12	16	13	17	10	12	13	21	14	10	16	19	14	8	10	10	13	6	16	13	20	15	13	14	16	10	19	13	13	9	17	10	13	14	23	18	24	18	18	12	13	14	6	12	7	11	13	9	14	8	16	13	3	16	6	9	9	19	12	9	19	16	10	18	14	5	5	4	15	18	17	11	6	11	8	10	19	14	19	9	11	13	2	19	16	17	13	9	16	11	16	7	17	18	14	17	16	22	6	16	11	18	12	16	7	15	21	5	12	12	13	3	6	16	6	11	11	10	19	8	13	10	24	10	7	20	8	3	13	10	13	11	16	15	19	27	20	10	16	10	17	15	2	21	10	8	11	5	13	18	16	18	10	11	12	6	13	18	7	11	15	14	9	18	15	9	13	19	14	11	22	9	14	13	15	14	7	22	10	17	19	18	18	3	16	13	19	8	11	9	14	18	18	5	7	9	23	17	11	8	7	17	11	11	13	7	9	13	7	10	10	13	14	8	13	11	9	15	16	19	5	14	14	11	13	12	17	9	3	14	20	15	11	16	10	16	15	8	13	12	2	17	6	14	11	19	16	17	14	17	15	17	12	11	19	16	0	1	7	12	17	15	16	23	10	3	21	8	11	22	17	14	8	11	18	7	8	24	12	17	17	8	4	13	15	16	19	8	10	18	15	18	20	16	15	10	15	6	12	17	21	12	14	11	12	13	8	12	14	9	8	22	8	9	23	14	14	12	12	13	4	7	8	24	13	6	18	14	9	18	21	20	9	13	13	6	7	9	18	20	10	13	3	13	19	8	7	7	8	12	16	15	5	15	9	20	13	20	12	9	18	11	15	14	18	13	14	13	6	14	19	19	22	9	7	16	16	4	18	16	25	18	13	17	16	6	10	11	21	15	11	20	22	8	15	8	19	18	7	20	11	11	9	9	11	15	7	12	11	27	21	9	21	14	11	8	11	2	17	6	11	23	10	9	22	20	6	11	16	8	13	2	10	15	14	13	18	14	13	17	11	24	10	18	8	14	8	0	9	27	10	18	20	24	2	4	9	6	7	7	18	8	19	10	17	15	15	20	20	12	7	16	25	11	6	11	12	14	9	17	11	16	10	16	20	14	10	23	6	5	4	18	23	12	6	18	8	18	9	8	6	16	7	18	16	12	23	22	4	14	10	24	4	9	22	10	11	11	14	6	2	23	11	4	15	11	13	3	17	21	12	12	17	15	9	15	13	17	11	14	8	16	17	9	9	6	8	4	8	13	16	9	18	13	11	10	3	9	18	10	19	13	9	12	13	12	16	10	16	7	16	13	15	7	13	9	24	8	19	12	11	10	6	16	20	10	3	21	9	13	18	8	10	11	15	19	12	9	13	22	7	7	8	19	16	17	8	15	18	15	1	16	9	9	13	7	4	9	17	11	20	15	13	13	9	9	24	8	15	11	19	20	9	15	8	22	8	17	9	16	19	4	13	21	25	23	20	6	21	17	16	22	8	16	17	14	17	13	12	16	10	15	11	14	17	12	12	22	10	11	3	10	15	18	16	15	9	12	16	22	17	1	7	20	7	8	9	14	12	16	15	19	17	11	14	4	12	24	4	8	13	17	16	20	11	6	16	13	18	17	8	2	19	18	15	14	10	20	15	11	14	5	3	10	7	6	16	8	22	16	7	5	9	16	13	18	8	17	13	10	14	15	20	13	3	9	13	19	17	20	5	8	8	15	0	15	15	11	19	26	14	13	14	24	18	6	15	13	14	20	22	14	11	19	7	15	9	21	11	16	18	13	19	20	14	9	4	12	11	22	11	22	9	14	7	23	6	17	12	10	9	21	11	12	19	12	16	17	8	12	16	11	17	24	22	13	12	16	17	7	22	16	12	17	11	20	10	17	5	6	8	14	12	14	13	22	22	14	11	16	19	19	11	14	25	14	4	12	10	6	14	10	10	13	11	13	11	11	4	16	12	14	10	9	7	8	6	10	18	20	21	8	15	8	22	9	5	19	14	9	5	22	14	3	13	10	13	12	13	11	9	7	7	13	14	18	8	26	11	9	13	8	19	13	9	15	20	13	9	10	19	9	12	16	14	8	4	11	18	12	19	20	7	3	14	22	13	10	11	12	20	8	9	15	25	15	15	5	5	12	20	14	9	18	6	8	16	4	23	7	10	19	18	10	9	10	17	12	7	23	13	17	12	6	8	11	13	10	15	14	11	9	14	21	9	10	9	13	12	23	18	16	14	12	12	11	18	6	17	15	6	14	9	10	17	13	5	11	12	6	25	22	14	10	14	6	9	16	10	24	22	7	14	17	14	9	13	9	19	19	17	7	18	4	17	4	3	20	18	14	8	9	16	10	17	18	7	13	14	20	13	9	14	19	9	29	13	15	13	9	15	17	11	14	4	14	17	19	12	22	21	5	9	18	7	9	15	8	14	18	21	18	13	3	17	12	12	15	21	9	8	14	15	10	2	9	13	12	16	12	2	13	6	14	28	3	2	10	10	15	16	13	12	16	4	8	17	11	12	18	8	13	14	6	10	13	7	19	11	14	10	15	15	22	20	13	14	18	12	11	21	11	9	13	15	9	12	7	7	8	7	12	14	15	9	8	22	9	12	21	21	14	11	14	11	10	12	18	12	8	11	10	16	10	19	10	18	18	3	12	16	14	21	16	11	15	10	15	12	18	19	18	9	20	6	5	19	21	18	9	11	7	20	12	11	25	17	18	12	15	17	7	13	0	2	14	9	20	7	4	25	4	9	18	7	9	10	13	17	13	4	13	7	10	9	5	20	8	15	8	9	4	19	11	19	5	14	17	2	7	14	15	17	4	10	15	4	10	13	16	7	9	5	19	19	11	16	14	18	19	23	6	8	9	16	22	2	14	6	15	7	19	12	0	9	15	6	6	16	20	17	9	23	8	19	12	8	11	22	9	16	6	10	14	15	11	16	17	14	9	16	9	12	2	13	10	22	18	12	16	14	13	17	12	22	3	14	9	11	7	12	16	4	19	15	10	20	10	22	5	18	7	7	12	11	14	6	2	12	16	10	19	16	23	19	22	21	14	6	11	10	18	1	10	11	15	18	20	5	10	13	14	14	12	18	20	15	13	18	12	8	20	13	10	4	10	4	16	20	8	17	22	10	13	8	10	17	16	21	6	13	13	8	12	8	11	13	2	6	5	19	18	12	15	16	9	14	10	19	10	15	8	19	23	17	23	24	17	17	9	6	20	3	4	10	15	11	13	6	12	18	15	11	10	16	20	11	7	7	15	10	9	11	10	15	12	17	7	16	4	9	14	21	17	9	9	12	15	14	8	16	14	9	7	13	11	14	20	16	2	18	15	10	12	19	14	3	10	7	7	8	12	2	15	17	7	9	10	13	15	13	12	7	17	7	18	14	15	19	10	17	23	21	16	21	16	7	17	22	10	12	8	2	12	9	13	9	7	13	6	9	11	12	23	10	8	9	4	21	12	1	16	21	14	11	6	12	4	10	8	22	13	14	15	14	15	17	5	8	21	6	15	12	15	9	11	17	13	9	18	17	7	13	12	7	19	12	7	14	9	22	13	1	17	20	13	21	18	7	18	10	14	12	15	26	6	11	11	10	19	12	9	16	17	18	16	10	14	16	14	11	14	9	20	18	16	17	11	16	21	19	10	10	23	15	10	9	17	10	24	13	11	20	15	13	4	4	15	21	1	18	17	10	14	11	12	7	17	12	11	7	21	16	19	6	14	7	18	4	8	6	16	11	19	14	20	17	13	8	11	21	6	6	15	19	10	11	11	16	9	7	10	18	7	4	4	19	7	13	16	9	10	4	11	14	10	14	19	15	7	16	12	5	12	13	6	20	15	15	15	12	16	5	14	2	9	13	15	7	10	9	16	5	10	11	1	17	24	14	21	20	14	11	14	15	14	15	18	8	15	15	7	17	6	13	14	7	8	8	10	8	12	11	10	10	12	16	9	9	17	5	17	13	13	17	12	6	5	8	10	11	8	8	14	6	14	6	12	12	7	16	11	18	4	16	14	17	23	5	5	9	9	15	9	16	23	7	7	16	8	15	15	19	8	27	13	13	12	18	13	9	10	1	21	16	15	9	10	19	16	13	16	10	11	20	18	14	16	3	10	4	23	10	13	8	15	9	9	9	19	12	18	14	15	19	2	13	8	8	13	2	10	17	9	9	18	9	13	6	13	15	20	12	11	13	3	10	28	15	7	7	10	12	6	17	16	10	5	24	20	13	14	25	14	8	10	18	10	24	15	21	17	13	17	6	15	10	12	5	10	13	16	15	14	1	12	7	8	15	11	12	13	6	9	16	13	19	20	19	9	16	22	19	15	10	17	9	11	20	20	17	11	16	11	15	9	9	15	18	18	7	21	18	15	8	12	11	12	7	23	14	16	8	11	18	16	13	5	14	5	13	19	25	16	20	14	9	10	17	6	21	11	16	2	23	7	16	21	19	9	15	3	14	9	2	14	11	14	20	21	5	10	6	17	3	17	11	15	16	19	16	5	19	15	20	8	10	8	15	12	5	18	15	15	13	7	0	15	7	13	10	14	13	11	17	18	13	16	16	23	19	9	13	10	16	13	14	16	15	11	14	11	11	10	15	10	17	15	7	15	9	14	18
G14	0	0	0	0	0	0	0	0	0	0	0	0	0	0	0	0	0	0	0	0	0	0	0	0	0	0	0	0	0	0	0	0	0	0	0	0	0	0	0	0	0	0	0	0	0	0	0	0	0	0	0	0	0	0	0	0	0	0	0	0	0	0	0	0	0	0	0	0	0	0	0	0	0	0	0	0	0	0	0	0	0	0	0	0	0	0	0	0	0	0	0	0	0	0	0	0	0	0	0	0	0	0	0	0	0	0	0	0	0	0	0	0	0	0	0	0	0	0	0	0	0	0	0	0	0	0	0	0	0	0	0	0	0	0	0	0	0	0	0	0	0	0	0	0	0	0	0	0	0	0	0	0	0	0	0	0	0	0	0	0	0	0	0	0	0	0	0	0	0	0	0	0	0	0	0	0	0	0	0	0	0	0	0	0	0	0	0	0	0	0	0	0	0	0	0	0	0	0	0	0	0	0	0	0	0	0	0	0	0	0	0	0	0	0	0	0	0	0	0	0	0	0	0	0	0	0	0	0	0	0	0	0	0	0	0	0	0	0	0	0	0	0	0	0	0	0	0	0	0	0	0	0	0	0	0	0	0	0	0	0	0	0	0	0	0	0	0	0	0	0	0	0	0	0	0	0	0	0	0	0	0	0	0	0	0	0	0	0	0	0	0	0	0	0	0	0	0	0	0	0	0	0	0	0	0	0	0	0	0	0	0	0	0	0	0	0	0	0	0	0	0	0	0	0	0	0	0	0	0	0	0	0	0	0	0	0	0	0	0	0	0	0	0	0	0	0	0	0	0	0	0	0	0	0	0	0	0	0	0	0	0	0	0	0	0	0	0	0	0	0	0	0	0	0	0	0	0	0	0	0	0	0	0	0	0	0	0	0	0	0	0	0	0	0	0	0	0	0	0	0	0	0	0	0	0	0	0	0	0	0	0	0	0	0	0	0	0	0	0	0	0	0	0	0	0	0	0	0	0	0	0	0	0	0	0	0	0	0	0	0	0	0	0	0	0	0	0	0	0	0	0	0	0	0	0	0	0	0	0	0	0	0	0	0	0	0	0	0	0	0	0	0	0	0	0	0	0	0	0	0	0	0	0	0	0	0	0	0	0	0	0	0	0	0	0	0	0	0	0	0	0	0	0	0	0	0	0	0	0	0	0	0	0	0	0	0	0	0	0	0	0	0	0	0	0	0	0	0	0	0	0	0	0	0	0	0	0	0	0	0	0	0	0	0	0	0	0	0	0	0	0	0	0	0	0	0	0	0	0	0	0	0	0	0	0	0	0	0	0	0	0	0	0	0	0	0	0	0	0	0	0	0	0	0	0	0	0	0	0	0	0	0	0	0	0	0	0	0	0	0	0	0	0	0	0	0	0	0	0	0	0	0	0	0	0	0	0	0	0	0	0	0	0	0	0	0	0	0	0	0	0	0	0	0	0	0	0	0	0	0	0	0	0	0	0	0	0	0	0	0	0	0	0	0	0	0	0	0	0	0	0	0	0	0	0	0	0	0	0	0	0	0	0	0	0	0	0	0	0	0	0	0	0	0	0	0	0	0	0	0	0	0	0	0	0	0	0	0	0	0	0	0	0	0	0	0	0	0	0	0	0	0	0	0	0	0	0	0	0	0	0	0	0	0	0	0	0	0	0	0	0	0	0	0	0	0	0	0	0	0	0	0	0	0	0	0	0	0	0	0	0	0	0	0	0	0	0	0	0	0	0	0	0	0	0	0	0	0	0	0	0	0	0	0	0	0	0	0	0	0	0	0	0	0	0	0	0	0	0	0	0	0	0	0	0	0	0	0	0	0	0	0	0	0	0	0	0	0	0	0	0	0	0	0	0	0	0	0	0	0	0	0	0	0	0	0	0	0	0	0	0	0	0	0	0	0	0	0	0	0	0	0	0	0	0	0	0	0	0	0	0	0	0	0	0	0	0	0	0	0	0	0	0	0	0	0	0	0	0	0	0	0	0	0	0	0	0	0	0	0	0	0	0	0	0	0	0	0	0	0	0	0	0	0	0	0	0	0	0	0	0	0	0	0	0	0	0	0	0	0	0	0	0	0	0	0	0	0	0	0	0	0	0	0	0	0	0	0	0	0	0	0	0	0	0	0	0	0	0	0	0	0	0	0	0	0	0	0	0	0	0	0	0	0	0	0	0	0	0	0	0	0	0	0	0	0	0	0	0	0	0	0	0	0	0	0	0	0	0	0	0	0	0	0	0	0	0	0	0	0	0	0	0	0	0	0	0	0	0	0	0	0	0	0	0	0	0	0	0	0	0	0	0	0	0	0	0	0	0	0	0	0	0	0	0	0	0	0	0	0	0	0	0	0	0	0	0	0	0	0	0	0	0	0	0	0	0	0	0	0	0	0	0	0	0	0	0	0	0	0	0	0	0	0	0	0	0	0	0	0	0	0	0	0	0	0	0	0	0	0	0	0	0	0	0	0	0	0	0	0	0	0	0	0	0	0	0	0	0	0	0	0	0	0	0	0	0	0	0	0	0	0	0	0	0	0	0	0	0	0	0	0	0	0	0	0	0	0	0	0	0	0	0	0	0	0	0	0	0	0	0	0	0	0	0	0	0	0	0	0	0	0	0	0	0	0	0	0	0	0	0	0	0	0	0	0	0	0	0	0	0	0	0	0	0	0	0	0	0	0	0	0	0	0	0	0	0	0	0	0	0	0	0	0	0	0	0	0	0	0	0	0	0	0	0	0	0	0	0	0	0	0	0	0	0	0	0	0	0	0	0	0	0	0	0	0	0	0	0	0	0	0	0	0	0	0	0	0	0	0	0	0	0	0	0	0	0	0	0	0	0	0	0	0	0	0	0	0	0	0	0	0	0	0	0	0	0	0	0	0	0	0	0	0	0	0	0	0	0	0	0	0	0	0	0	0	0	0	0	0	0	0	0	0	0	0	0	0	0	0	0	0	0	0	0	0	0	0	0	0	0	0	0	0	0	0	0	0	0	0	0	0	0	0	0	0	0	0	0	0	0	0	0	0	0	0	0	0	0	0	0	0	0	0	0	0	0	0	0	0	0	0	0	0	0	0	0	0	0	0	0	0	0	0	0	0	0	0	0	0	0	0	0	0	0	0	0	0	0	0	0	0	0	0	0	0	0	0	0	0	0	0	0	0	0	0	0	0	0	0	0	0	0	0	0	0	0	0	0	0	0	0	0	0	0	0	0	0	0	0	0	0	0	0	0	0	0	0	0	0	0	0	0	0	0	0	0	0	0	0	0	0	0	0	0	0	0	0	0	0	0	0	0	0	0	0	0	0	0	0	0	0	0	0	0	0	0	0	0	0	0	0	0	0	0	0	0	0	0	0	0	0	0	0	0	0	0	0	0	0	0	0	0	0	0	0	0	0	0	0	0	0	0	0	0	0	0	0	0	0	0	0	0	0	0	0	0	0	0	0	0	0	0	0	0	0	0	0	0	0	0	0	0	0	0	0	0	0	0	0	0	0	0	0	0	0	0	0	0	0	0	0	0	0	0	0	0	0	0	0	0	0	0	0	0	0	0	0	0	0	0	0	0	0	0	0	0	0	0	0	0	0	0	0	0	0	0	0	0	0	0	0	0	0	0	0	0	0	0	0	0	0	0	0	0	0	0	0	0	0	0	0	0	0	0	0	0	0	0	0	0	0	0	0	0	0	0	0	0	0	0	0	0	0	0	0	0	0	0	0	0	0	0	0	0	0	0	0	0	0	0	0	0	0	0	0	0	0	0	0	0	0	0	0	0	0	0	0	0	0	0	0	0	0	0	0	0	0	0	0	0	0	0	0	0	0	0	0	0	0	0	0	0	0	0	0	0	0	0	0	0	0	0	0	0	0	0	0	0	0	0	0	0	0	0	0	0	0	0	0	0	0	0	0	0	0	0	0	0	0	0	0	0	0	0	0	0	0	0	0	0	0	0	0	0	0	0	0	0	0	0	0	0	0	0	0	0	0	0	0	0	0	0	0	0	0	0	0	0	0	0	0	0	0	0	0	0	0	0	0	0	0	0	0	0	0	0	0	0	0	0	0	0	0	0	0	0	0	0	0	0	0	0	0	0	0	0	0	0	0	0	0	0	0	0	0	0	0	0	0	0	0	0	0	0	0	0	0	0	0	0	0	0	0	0	0	0	0	0	0	0	0	0	0	0	0	0	0	0	0	0	0	0	0	0	0	0	0	0	0	0	0	0	0	0	0	0	0	0	0	0	0	0	0	0	0	0	0	0	0	0	0	0	0	0	0	0	0	0	0	0	0	0	0	0	0	0	0	0	0	0	0	0	0	0	0	0	0	0	0	0	0	0	0	0	0	0	0	0	0	0	0	0	0	0	0	0	0	0	0	0	0	0	0	0	0	0	0	0	0	0	0	0	0	0	0	0	0	0	0	0	0	0	0	0	0	0	0	0	0	0	0	0	0	0	0	0	0	0	0	0	0	0	0	0	0	0	0	0	0	0	0	0	0	0	0	0	0	0	0	0	0	0	0	0	0	0	0	0	0	0	0	0	0	0	0	0	0	0	0	0	0	0	0	0	0	0	0	0	0	0	0	0	0	0	0	0	0	0	0	0	0	0	0	0	0	0	0	0	0	0	0	0	0	0	0	0	0	0	0	0	0	0	0	0	0	0	0	0	0	0	0	0	0	0	0	0	0	0	0	0	0	0	0	0	0	0	0	0	0	0	0	0	0	0	0	0	0	0	0	0	0	0	0	0	0	0	0	0	0	0	0	0	0	0	0	0	0	0	0	0	0	0	0	0	0	0	0	0	0	0	0	0	0	0	0	0	0	0	0	0	0	0	0	0	0	0	0	0	0	0	0	0	0	0	0	0	0	0	0	0	0	0	0	0	0	0	0	0	0	0	0	0	0	0	0	0	0	0	0	0	0	0	0	0	0	0	0	0	0	0	0	0	0	0	0	0	0	0	0	0	0	0	0	0	0	0	0	0	0	0	0	0	0	0	0	0	0	0	0	0	0	0	0	0	0	0	0	0	0	0	0	0	0	0	0	0	0	0	0	0	0	0	0	0	0	0	0	0	0	0	0	0	0	0	0	0	0	0	0	0	0	0	0	0	0	0	0	0	0	0	0	0	0	0	0	0	0	0	0	0	0	0	0	0	0	0	0	0	0	0	0	0	0	0	0
G15	11	16	8	9	9	12	17	9	11	8	11	10	8	13	7	16	13	16	7	7	5	15	9	11	11	6	8	5	8	7	19	11	11	13	8	11	15	12	8	14	11	10	4	10	12	6	0	8	10	7	10	6	10	9	14	10	8	7	9	11	5	6	15	7	9	4	8	12	5	11	8	12	11	8	8	10	14	4	13	11	9	11	8	13	4	3	13	6	4	15	11	5	13	11	4	8	13	13	5	11	8	16	5	15	7	9	9	12	8	8	16	7	9	14	15	14	17	11	8	5	3	8	10	10	3	12	14	12	19	6	8	6	8	10	9	7	8	8	8	4	9	12	6	14	13	11	11	11	11	22	8	13	9	14	11	14	4	10	9	14	10	13	7	6	2	11	6	6	14	12	12	2	2	8	14	12	4	8	12	8	11	11	14	9	16	11	15	15	2	13	10	12	8	6	10	6	13	8	8	6	7	11	10	8	6	10	6	16	8	13	11	4	7	10	15	12	12	2	6	5	10	12	9	8	11	12	8	14	11	11	12	13	13	15	12	15	13	6	8	9	8	7	13	8	7	12	12	16	12	11	4	12	12	10	15	6	6	11	11	5	2	15	8	10	10	6	9	12	17	8	12	13	10	10	12	8	18	12	10	6	9	10	20	11	16	14	6	13	10	8	11	6	17	7	9	6	12	8	7	12	8	12	5	13	11	13	12	11	3	11	14	15	9	13	10	6	6	11	8	6	8	12	13	7	4	2	12	12	9	14	4	5	12	12	8	14	11	9	15	9	13	7	5	6	11	11	11	5	9	6	4	6	12	13	9	16	12	14	13	7	5	13	5	11	6	11	11	7	8	10	13	13	6	15	12	16	12	10	11	6	7	8	9	7	10	8	15	14	14	9	4	12	14	15	13	7	9	4	6	6	5	2	5	13	11	9	14	7	15	13	8	19	9	13	14	12	15	10	12	12	7	11	7	8	9	9	1	12	15	14	13	7	10	11	13	8	7	17	12	9	13	8	6	8	14	11	8	7	4	10	16	11	4	7	4	12	9	12	8	3	3	11	11	8	8	7	13	3	11	14	6	7	10	12	15	5	13	8	9	9	4	9	7	10	10	2	8	7	13	6	18	9	9	7	10	15	6	7	11	10	6	10	15	11	7	10	8	8	3	8	10	8	11	9	11	7	7	10	17	5	13	12	8	10	11	9	10	10	15	6	10	1	17	17	19	16	11	14	16	10	15	7	17	11	7	9	5	17	11	14	10	6	10	11	10	4	11	7	12	14	11	9	15	11	6	16	13	11	7	17	12	6	11	6	13	5	10	7	5	10	4	11	8	14	12	11	11	16	6	15	11	11	8	6	17	6	13	7	8	13	10	14	9	6	7	8	14	10	15	7	9	7	14	8	8	12	14	6	14	11	7	5	19	7	11	17	10	22	12	4	3	6	10	6	7	9	21	10	10	15	11	7	8	11	6	4	9	6	8	11	6	13	18	14	9	16	8	9	8	10	6	16	8	14	10	13	16	11	8	10	7	6	9	13	12	8	9	9	10	9	7	12	6	9	14	12	9	11	11	8	7	6	15	18	9	11	9	10	7	11	10	5	7	9	13	7	9	10	11	10	8	14	13	5	10	9	15	13	7	9	7	12	12	11	10	13	8	15	3	12	14	7	9	8	21	15	6	11	11	14	14	10	3	8	8	12	8	18	15	12	8	7	9	14	11	8	13	7	12	2	7	12	15	7	6	16	10	13	10	13	12	13	10	12	6	13	10	9	8	16	17	11	10	10	8	13	10	14	7	5	6	5	5	16	3	10	8	13	16	15	7	9	11	7	13	17	9	8	11	11	15	8	10	10	13	8	9	9	14	14	6	13	10	5	5	7	6	11	15	5	15	7	10	7	9	9	8	5	10	10	11	10	15	17	6	11	11	15	15	7	15	10	10	7	10	16	14	13	17	14	6	9	19	12	8	14	9	4	9	6	7	9	7	15	6	11	10	14	11	6	15	11	10	17	8	10	13	5	19	11	7	8	15	11	10	12	12	10	7	11	12	9	12	13	10	8	14	9	10	9	8	6	13	5	12	16	8	8	10	12	12	15	13	11	5	6	8	19	10	10	14	5	16	12	13	9	15	10	10	9	15	11	8	10	15	11	12	10	7	12	9	13	9	10	3	9	12	5	10	0	9	7	4	5	9	6	9	6	6	8	11	19	19	11	12	9	10	7	10	13	8	12	9	11	9	14	15	8	4	17	9	13	9	10	11	10	7	9	15	12	9	10	12	9	13	6	12	6	14	9	17	10	16	13	11	9	12	8	7	10	10	12	9	9	11	9	7	13	6	9	8	14	17	4	14	8	10	12	13	11	12	11	7	14	10	4	12	8	10	8	13	7	8	11	10	6	16	8	12	14	10	15	10	12	6	4	4	10	14	5	13	9	11	8	15	7	12	11	12	14	13	4	9	6	8	7	9	17	7	9	11	10	5	6	11	12	12	8	12	11	10	16	11	13	10	13	7	17	16	12	8	5	15	12	6	12	12	8	8	9	10	9	14	8	13	16	6	8	12	11	10	8	5	7	10	5	13	10	7	6	14	6	8	9	18	10	16	2	12	10	10	7	17	17	9	8	7	8	10	13	7	7	5	15	18	8	7	12	10	17	9	13	17	7	19	5	8	9	15	13	10	11	9	10	5	5	11	7	13	4	9	9	6	11	14	5	9	9	9	13	12	8	6	11	8	10	7	9	16	11	7	12	13	5	13	12	5	14	8	10	17	12	10	11	14	16	9	8	12	13	17	7	8	4	15	9	3	12	9	9	17	8	6	15	11	14	5	2	8	10	11	10	16	11	9	9	15	8	5	14	9	6	12	9	12	9	14	13	8	10	13	15	11	12	14	19	12	13	8	17	13	7	15	10	2	16	10	6	6	6	11	8	8	9	12	9	12	8	9	14	3	8	10	15	5	14	12	14	14	3	14	11	8	16	12	13	9	16	12	8	9	18	9	8	10	15	14	18	15	9	13	16	12	7	6	10	9	18	10	15	3	12	7	10	10	5	11	5	11	9	11	8	15	10	10	15	9	14	11	15	9	6	18	11	12	10	10	8	11	7	13	4	9	19	2	12	10	12	9	9	10	8	13	12	14	9	8	9	8	9	13	13	6	10	11	15	8	9	12	9	9	10	14	5	4	13	7	6	5	12	11	14	7	10	8	14	11	8	2	7	4	12	7	12	9	9	14	8	11	11	7	10	15	7	11	7	8	6	13	8	8	12	14	12	9	10	7	22	10	16	14	7	8	13	7	9	7	8	5	8	13	19	9	1	6	12	5	9	7	15	10	8	12	6	3	10	14	2	7	6	8	5	11	5	12	6	10	16	13	11	15	10	4	5	13	15	12	5	14	8	13	8	9	7	7	16	10	14	13	10	10	11	13	6	10	11	9	18	15	9	12	12	5	11	8	9	3	17	9	14	13	9	9	10	8	18	11	18	4	11	7	14	11	13	13	7	5	8	17	16	7	6	10	5	8	14	9	8	10	11	16	12	10	15	11	7	8	10	12	8	9	9	4	10	10	10	10	1	6	13	11	18	8	5	7	10	12	6	9	14	8	11	10	8	9	10	11	16	9	12	17	13	2	12	5	4	11	16	9	16	4	10	13	19	8	6	10	14	9	9	12	8	14	6	21	9	11	7	9	10	11	13	5	10	10	9	10	3	8	13	12	12	14	10	9	16	15	8	10	8	5	10	8	8	11	15	11	11	7	7	10	10	14	7	6	8	5	17	11	8	13	9	3	10	8	11	11	9	8	6	2	14	15	9	20	11	9	12	13	11	10	9	9	12	14	8	11	13	7	13	15	11	9	10	12	14	11	12	11	10	10	11	13	13	11	14	10	12	16	8	6	9	5	8	6	4	12	12	13	5	5	7	13	14	8	8	5	8	12	15	14	9	4	10	12	10	7	9	15	17	9	17	8	15	8	3	13	11	21	2	11	12	18	12	9	6	13	5	6	14	11	15	5	7	9	12	10	15	5	9	13	4	9	11	12	13	11	20	17	9	10	6	13	5	4	9	3	6	5	13	10	10	18	11	3	8	18	7	11	4	8	12	13	11	8	8	13	10	4	19	9	3	14	6	7	13	14	9	14	6	5	8	15	10	9	9	7	13	9	7	5	9	12	8	8	8	20	9	10	11	6	14	10	7	12	10	8	10	12	22	17	12	11	8	14	17	13	11	7	10	12	12	18	13	6	12	7	10	14	6	12	2	9	15	10	16	12	9	10	7	8	4	16	12	9	8	13	11	15	10	18	10	9	11	12	7	9	14	6	8	10	10	9	8	8	10	2	15	5	21	12	6	10	4	9	8	5	8	7	10	12	9	8	6	11	9	11	8	8	16	13	10	6	6	12	9	11	3	8	4	13	15	6	20	10	9	8	8	8	8	11	12	5	10	7	8	9	12	6	8	8	12	9	10	9	14	7	8	10	5	8	10	14	11	10	8	12	11	10	16	7	15	12	14	18	11	10	10	11	5	2	6	14	12	9	7	6	14	11	7	9	11	11	13	10	12	8	6	11	8	12	8	9	10	12	8	11	12	9	7	13	6	6	15	4	10	9	6	9	12	16	11	10	12	12	7	13	12	10	6	3	10	14	13	12	17	6	5	13	11	13	7	5	12	12	3	9	5	14	7	14	22	8	9	10	13	13	11	16	12	6	9	11	12	13	5	6	4	11	11	14	10	9	5	17	14	6	10	14	10	12	10	12	8	2	11	2	10	13	13	4	8	11	14	6	16	14	8	6	16	7	10	15	9	5	11	5	12	13	7	7	4	13	6	13	13	18	9	13	8	11	7	5	3	3	10	8	12	12	10	8	11	13	5	12	13	11	8	12	9	16	6	11	15	10	17	16	10	9	4	13	13	13	9	14	8	16	5	10	11	9	7	15	10	9	1	11	10	13	14	7	8	7	12	14	17	16	13	17	13	7	14	9	15	6	13	5	5	8	11	9	13	13	7	6	13	10	11	10	10	7	8	9	8	12	8	20	4	9	14	6	12	4	8	12	8	9	10	10	2	10	6	8	6	18	7	9	5	13	9	11	8	5	9	11	8	10	8	8	5	11	7	4	10	18	20	16	17	9	14	10	16	2	11	12	8	4	16	10	11	19	13	14	12	10	7
G16	4	13	10	9	13	8	12	11	8	8	18	14	15	10	5	13	10	8	16	4	4	13	11	15	7	12	13	10	8	12	10	8	10	11	19	16	2	13	4	10	12	8	16	8	10	4	11	4	13	9	10	5	10	10	7	9	9	14	11	12	4	7	14	7	14	2	7	17	6	7	6	13	12	11	6	10	10	10	10	14	8	10	7	16	8	6	9	9	4	9	10	7	12	18	7	7	5	13	5	14	13	8	7	9	15	11	11	10	15	12	15	9	10	12	9	11	10	14	6	2	5	9	12	17	6	8	9	12	19	6	9	4	5	9	8	14	8	8	6	16	12	11	9	16	16	12	9	13	10	6	10	11	11	12	7	5	20	13	13	9	11	14	10	10	5	4	10	8	22	11	8	12	6	10	17	12	8	7	4	6	8	10	7	10	14	12	12	4	4	12	10	14	8	13	9	15	6	9	7	5	16	8	12	13	7	7	9	11	8	9	19	6	7	10	9	9	12	12	8	17	7	6	6	4	9	12	8	12	14	10	14	10	10	10	13	15	9	2	11	11	12	11	16	6	4	13	11	8	9	21	12	9	3	15	10	12	7	8	14	6	9	10	16	13	8	14	6	8	8	9	10	13	9	10	9	2	16	10	12	17	12	13	16	15	11	14	7	16	6	13	7	5	8	13	14	9	11	6	6	12	7	9	10	6	8	17	13	13	11	9	7	11	9	9	11	8	14	11	12	15	12	8	9	8	14	5	18	14	9	11	11	12	15	14	3	10	12	4	14	18	13	7	16	22	8	8	9	4	10	15	7	7	13	7	5	16	12	13	8	8	5	5	13	7	16	8	4	13	9	11	4	18	14	5	10	4	9	12	11	11	4	13	11	15	6	5	18	11	11	17	12	11	16	5	21	3	17	8	5	9	12	7	11	6	7	9	11	14	5	11	10	17	6	6	7	12	13	7	13	8	8	11	9	16	13	10	4	13	15	14	12	9	6	13	12	8	7	12	9	12	10	8	3	4	3	9	4	13	3	5	11	15	9	9	7	10	10	7	6	2	11	11	11	4	12	12	7	11	14	15	9	8	9	6	10	15	14	11	16	14	12	12	7	11	8	5	8	15	16	12	12	15	6	18	14	8	11	11	9	9	4	15	5	9	9	15	17	4	7	12	15	8	7	10	9	10	12	18	8	7	15	10	12	13	13	10	9	12	17	8	8	5	14	11	24	13	7	12	10	11	12	11	12	9	12	18	9	12	13	13	6	11	13	8	11	8	14	3	11	7	9	9	7	9	11	8	14	17	3	10	16	5	12	10	8	4	13	2	8	8	12	10	13	14	11	8	14	10	4	12	16	6	7	8	16	9	13	8	12	6	11	15	7	9	15	7	16	15	16	12	3	4	16	10	14	16	11	10	10	4	16	11	16	9	10	17	9	11	15	7	10	16	19	12	13	8	14	15	10	13	11	7	13	15	15	7	9	6	14	13	6	14	12	7	8	8	15	8	14	12	10	11	11	9	14	10	12	7	11	8	6	9	6	9	11	18	6	11	7	10	10	7	15	7	8	8	8	9	13	7	6	6	14	9	19	7	8	14	11	20	6	11	9	13	9	7	6	9	14	15	11	10	8	8	8	12	13	13	13	16	11	10	16	8	10	9	10	13	7	9	13	14	12	13	8	15	8	5	15	10	10	5	6	8	8	12	12	9	11	13	8	7	5	7	10	14	11	5	14	7	18	11	10	6	14	11	13	4	14	9	11	11	11	13	6	7	15	10	13	10	8	6	8	3	9	11	4	13	8	6	4	10	7	14	9	12	10	9	17	8	8	9	13	14	8	5	13	7	11	6	11	6	8	11	7	9	8	8	8	12	1	10	9	8	10	5	9	12	7	16	8	7	10	10	2	10	14	6	13	8	12	10	7	7	8	15	12	10	9	6	9	13	8	12	13	8	4	10	19	10	18	10	11	17	18	6	12	9	4	6	5	10	17	13	7	17	11	9	7	10	5	11	10	10	13	13	10	13	13	11	11	9	7	14	10	8	5	16	11	19	9	12	8	11	9	6	14	10	10	9	3	8	16	4	9	17	15	19	10	6	9	11	9	14	9	10	10	10	10	11	12	8	10	8	11	9	8	17	12	10	15	6	2	10	7	9	13	11	9	12	5	10	20	6	9	13	8	15	5	8	10	11	4	8	8	6	15	6	13	7	4	11	17	12	11	5	17	12	15	12	16	16	19	5	17	18	13	5	2	7	4	8	15	12	10	7	3	5	10	16	13	8	14	10	8	12	13	8	7	13	16	11	13	10	8	4	14	12	7	16	8	12	7	8	8	12	8	6	5	11	11	17	13	7	16	8	12	9	11	10	8	9	3	7	8	4	11	14	14	6	11	9	8	9	15	11	12	16	9	12	12	11	12	12	13	7	13	13	15	3	16	14	11	14	18	3	17	8	13	9	12	5	5	10	12	11	11	8	9	5	13	8	8	13	10	13	9	7	9	13	9	4	11	15	11	13	6	10	10	14	16	11	11	12	13	10	13	10	19	1	9	8	16	6	8	8	9	9	11	14	11	11	7	10	10	7	10	8	11	9	11	18	10	15	6	6	6	6	10	12	8	11	16	5	6	6	8	10	13	14	8	7	11	11	11	14	7	12	8	14	14	11	14	11	9	14	12	14	17	11	6	9	11	6	8	15	12	16	6	7	5	17	4	7	10	12	11	9	13	8	9	4	12	11	13	10	8	10	14	19	11	12	14	6	13	12	10	8	9	10	8	16	9	11	8	7	7	6	7	12	8	16	2	6	7	7	10	15	9	1	8	4	6	9	11	9	7	12	8	9	17	6	11	14	9	9	10	15	6	12	7	11	13	13	10	6	9	10	8	18	13	11	8	7	11	9	12	11	15	14	11	10	16	12	2	9	11	9	12	11	6	12	12	11	13	5	16	15	8	10	11	10	11	7	4	8	9	10	10	14	8	11	10	13	16	14	13	15	12	15	18	3	8	10	11	11	16	15	8	12	14	16	15	9	1	8	9	16	7	6	7	12	18	10	10	8	12	1	10	12	12	12	10	11	13	10	8	5	8	7	9	5	6	7	13	10	5	12	12	7	15	6	11	11	4	12	15	10	4	8	8	15	11	9	9	12	15	3	3	12	9	12	17	12	18	22	7	6	7	18	11	13	8	5	5	11	6	11	10	7	8	11	6	11	16	15	11	10	9	9	17	11	8	9	8	14	9	4	11	12	13	8	15	10	5	7	14	9	11	13	8	2	10	5	9	15	7	7	13	10	17	4	8	16	18	7	11	16	10	9	13	7	10	11	4	12	6	13	4	12	9	19	4	13	10	14	6	7	4	7	8	8	7	7	13	14	14	11	12	8	8	8	8	7	8	8	14	8	8	13	10	13	12	19	6	8	8	6	13	5	9	13	18	8	17	10	12	12	9	8	16	9	15	12	4	11	5	11	17	8	11	10	11	10	7	13	13	13	7	10	7	8	13	8	12	6	7	8	10	11	9	14	10	10	9	5	7	25	12	8	13	10	12	11	6	14	9	10	15	10	10	5	10	9	14	6	9	5	15	14	9	5	11	11	8	16	9	15	6	21	19	11	7	12	13	13	10	15	11	10	6	14	9	13	12	15	11	7	7	18	10	10	13	8	9	6	11	14	10	10	16	13	10	9	11	13	13	8	7	12	15	7	3	12	8	16	12	4	4	9	14	10	4	12	9	14	17	12	9	9	3	6	14	12	14	8	14	18	12	13	10	8	10	3	8	7	9	13	12	8	16	8	10	10	11	13	15	9	8	11	6	7	9	7	10	12	13	10	14	10	8	15	4	12	9	12	16	11	9	5	15	8	8	9	10	11	6	12	6	13	13	9	4	7	11	8	7	11	11	8	6	13	5	6	13	7	9	11	11	11	7	8	7	8	9	6	15	7	8	15	13	20	5	11	9	13	15	9	15	12	15	7	8	10	4	7	10	10	5	7	8	10	14	12	15	12	14	8	10	11	7	9	7	8	10	9	8	15	4	14	11	11	5	11	9	10	8	9	9	16	12	3	15	4	8	15	13	17	3	13	10	11	13	17	7	14	13	4	8	7	12	8	8	16	11	16	9	11	4	17	12	7	10	7	10	10	11	13	11	6	8	19	8	6	6	11	7	18	10	12	6	11	10	13	14	11	13	18	9	6	9	13	7	9	12	10	17	12	12	16	10	13	11	13	12	8	13	10	3	8	9	7	8	6	11	9	14	8	11	6	14	3	11	8	8	3	10	8	5	9	14	6	3	7	12	9	14	12	6	9	11	9	7	15	10	10	4	6	13	7	9	9	10	4	12	18	7	9	11	10	13	16	8	9	11	11	13	14	3	7	8	8	13	8	17	13	11	12	4	8	2	11	13	10	16	6	6	7	14	4	11	10	12	14	8	4	16	13	12	16	15	10	19	13	7	11	15	4	15	12	16	10	3	13	7	11	8	13	11	3	3	15	11	12	13	13	11	13	10	4	14	9	12	13	9	8	11	13	12	8	11	0	16	10	10	2	10	12	15	5	8	7	6	14	10	9	10	10	11	9	11	7	7	9	16	7	11	8	11	14	11	13	10	9	10	14	9	7	19	6	11	9	11	9	13	7	10	9	9	5	10	15	12	19	12	11	11	6	11	4	17	10	13	10	9	3	8	13	11	15	8	8	20	16	12	10	10	13	9	5	14	8	10	15	9	9	11	7	9	11	7	12	8	16	9	10	8	11	11	11	10	14	8	10	9	9	9	14	7	10	6	8	8	13	9	8	12	12	6	11	9	9	15	9	12	7	11	11	11	6	11	9	8	13	15	8	10	4	7	9	12	14	10	7	9	14	7	7	16	9	4	17	11	11	12	8	13	4	6	15	16	11	13	13	10	19	7	8	9	9	11	10	9	7	14	10	7	4	7	15	14	3	8	10	9	3	12	10	13	7	10	12	13	18	8	10	7	15	8	8	12	13	12	6	8	12	9	6	15	9	8	10	17	14	8	7	9	10	11	7	12	10	8	7	10	10	21	15	14	9	10	12	5	8	12	12	15	9	5	7	5	10	11	10	16	9	11	10	13	4	13	6	6	10	5	12	15	13	17	9	10	11	14	6	15	4	14	5	14	11	12	15	8	16	15	14	4	15	17	7	8	5	16	5	18	12
G17	0	0	0	0	0	0	0	0	0	0	0	0	0	0	0	0	0	0	0	0	0	0	0	0	0	0	0	0	0	0	0	0	0	0	0	0	0	0	0	0	0	0	0	0	0	0	0	0	0	0	0	0	0	0	0	0	0	0	0	0	0	0	0	0	0	0	0	0	0	0	0	0	0	0	0	0	0	0	0	0	0	0	0	0	0	0	0	0	0	0	0	0	0	0	0	0	0	0	0	0	0	0	0	0	0	0	0	0	0	0	0	0	0	0	0	0	0	0	0	0	0	0	0	0	0	0	0	0	0	0	0	0	0	0	0	0	0	0	0	0	0	0	0	0	0	0	0	0	0	0	0	0	0	0	0	0	0	0	0	0	0	0	0	0	0	0	0	0	0	0	0	0	0	0	0	0	0	0	0	0	0	0	0	0	0	0	0	0	0	0	0	0	0	0	0	0	0	0	0	0	0	0	0	0	0	0	0	0	0	0	0	0	0	0	0	0	0	0	0	0	0	0	0	0	0	0	0	0	0	0	0	0	0	0	0	0	0	0	0	0	0	0	0	0	0	0	0	0	0	0	0	0	0	0	0	0	0	0	0	0	0	0	0	0	0	0	0	0	0	0	0	0	0	0	0	0	0	0	0	0	0	0	0	0	0	0	0	0	0	0	0	0	0	0	0	0	0	0	0	0	0	0	0	0	0	0	0	0	0	0	0	0	0	0	0	0	0	0	0	0	0	0	0	0	0	0	0	0	0	0	0	0	0	0	0	0	0	0	0	0	0	0	0	0	0	0	0	0	0	0	0	0	0	0	0	0	0	0	0	0	0	0	0	0	0	0	0	0	0	0	0	0	0	0	0	0	0	0	0	0	0	0	0	0	0	0	0	0	0	0	0	0	0	0	0	0	0	0	0	0	0	0	0	0	0	0	0	0	0	0	0	0	0	0	0	0	0	0	0	0	0	0	0	0	0	0	0	0	0	0	0	0	0	0	0	0	0	0	0	0	0	0	0	0	0	0	0	0	0	0	0	0	0	0	0	0	0	0	0	0	0	0	0	0	0	0	0	0	0	0	0	0	0	0	0	0	0	0	0	0	0	0	0	0	0	0	0	0	0	0	0	0	0	0	0	0	0	0	0	0	0	0	0	0	0	0	0	0	0	0	0	0	0	0	0	0	0	0	0	0	0	0	0	0	0	0	0	0	0	0	0	0	0	0	0	0	0	0	0	0	0	0	0	0	0	0	0	0	0	0	0	0	0	0	0	0	0	0	0	0	0	0	0	0	0	0	0	0	0	0	0	0	0	0	0	0	0	0	0	0	0	0	0	0	0	0	0	0	0	0	0	0	0	0	0	0	0	0	0	0	0	0	0	0	0	0	0	0	0	0	0	0	0	0	0	0	0	0	0	0	0	0	0	0	0	0	0	0	0	0	0	0	0	0	0	0	0	0	0	0	0	0	0	0	0	0	0	0	0	0	0	0	0	0	0	0	0	0	0	0	0	0	0	0	0	0	0	0	0	0	0	0	0	0	0	0	0	0	0	0	0	0	0	0	0	0	0	0	0	0	0	0	0	0	0	0	0	0	0	0	0	0	0	0	0	0	0	0	0	0	0	0	0	0	0	0	0	0	0	0	0	0	0	0	0	0	0	0	0	0	0	0	0	0	0	0	0	0	0	0	0	0	0	0	0	0	0	0	0	0	0	0	0	0	0	0	0	0	0	0	0	0	0	0	0	0	0	0	0	0	0	0	0	0	0	0	0	0	0	0	0	0	0	0	0	0	0	0	0	0	0	0	0	0	0	0	0	0	0	0	0	0	0	0	0	0	0	0	0	0	0	0	0	0	0	0	0	0	0	0	0	0	0	0	0	0	0	0	0	0	0	0	0	0	0	0	0	0	0	0	0	0	0	0	0	0	0	0	0	0	0	0	0	0	0	0	0	0	0	0	0	0	0	0	0	0	0	0	0	0	0	0	0	0	0	0	0	0	0	0	0	0	0	0	0	0	0	0	0	0	0	0	0	0	0	0	0	0	0	0	0	0	0	0	0	0	0	0	0	0	0	0	0	0	0	0	0	0	0	0	0	0	0	0	0	0	0	0	0	0	0	0	0	0	0	0	0	0	0	0	0	0	0	0	0	0	0	0	0	0	0	0	0	0	0	0	0	0	0	0	0	0	0	0	0	0	0	0	0	0	0	0	0	0	0	0	0	0	0	0	0	0	0	0	0	0	0	0	0	0	0	0	0	0	0	0	0	0	0	0	0	0	0	0	0	0	0	0	0	0	0	0	0	0	0	0	0	0	0	0	0	0	0	0	0	0	0	0	0	0	0	0	0	0	0	0	0	0	0	0	0	0	0	0	0	0	0	0	0	0	0	0	0	0	0	0	0	0	0	0	0	0	0	0	0	0	0	0	0	0	0	0	0	0	0	0	0	0	0	0	0	0	0	0	0	0	0	0	0	0	0	0	0	0	0	0	0	0	0	0	0	0	0	0	0	0	0	0	0	0	0	0	0	0	0	0	0	0	0	0	0	0	0	0	0	0	0	0	0	0	0	0	0	0	0	0	0	0	0	0	0	0	0	0	0	0	0	0	0	0	0	0	0	0	0	0	0	0	0	0	0	0	0	0	0	0	0	0	0	0	0	0	0	0	0	0	0	0	0	0	0	0	0	0	0	0	0	0	0	0	0	0	0	0	0	0	0	0	0	0	0	0	0	0	0	0	0	0	0	0	0	0	0	0	0	0	0	0	0	0	0	0	0	0	0	0	0	0	0	0	0	0	0	0	0	0	0	0	0	0	0	0	0	0	0	0	0	0	0	0	0	0	0	0	0	0	0	0	0	0	0	0	0	0	0	0	0	0	0	0	0	0	0	0	0	0	0	0	0	0	0	0	0	0	0	0	0	0	0	0	0	0	0	0	0	0	0	0	0	0	0	0	0	0	0	0	0	0	0	0	0	0	0	0	0	0	0	0	0	0	0	0	0	0	0	0	0	0	0	0	0	0	0	0	0	0	0	0	0	0	0	0	0	0	0	0	0	0	0	0	0	0	0	0	0	0	0	0	0	0	0	0	0	0	0	0	0	0	0	0	0	0	0	0	0	0	0	0	0	0	0	0	0	0	0	0	0	0	0	0	0	0	0	0	0	0	0	0	0	0	0	0	0	0	0	0	0	0	0	0	0	0	0	0	0	0	0	0	0	0	0	0	0	0	0	0	0	0	0	0	0	0	0	0	0	0	0	0	0	0	0	0	0	0	0	0	0	0	0	0	0	0	0	0	0	0	0	0	0	0	0	0	0	0	0	0	0	0	0	0	0	0	0	0	0	0	0	0	0	0	0	0	0	0	0	0	0	0	0	0	0	0	0	0	0	0	0	0	0	0	0	0	0	0	0	0	0	0	0	0	0	0	0	0	0	0	0	0	0	0	0	0	0	0	0	0	0	0	0	0	0	0	0	0	0	0	0	0	0	0	0	0	0	0	0	0	0	0	0	0	0	0	0	0	0	0	0	0	0	0	0	0	0	0	0	0	0	0	0	0	0	0	0	0	0	0	0	0	0	0	0	0	0	0	0	0	0	0	0	0	0	0	0	0	0	0	0	0	0	0	0	0	0	0	0	0	0	0	0	0	0	0	0	0	0	0	0	0	0	0	0	0	0	0	0	0	0	0	0	0	0	0	0	0	0	0	0	0	0	0	0	0	0	0	0	0	0	0	0	0	0	0	0	0	0	0	0	0	0	0	0	0	0	0	0	0	0	0	0	0	0	0	0	0	0	0	0	0	0	0	0	0	0	0	0	0	0	0	0	0	0	0	0	0	0	0	0	0	0	0	0	0	0	0	0	0	0	0	0	0	0	0	0	0	0	0	0	0	0	0	0	0	0	0	0	0	0	0	0	0	0	0	0	0	0	0	0	0	0	0	0	0	0	0	0	0	0	0	0	0	0	0	0	0	0	0	0	0	0	0	0	0	0	0	0	0	0	0	0	0	0	0	0	0	0	0	0	0	0	0	0	0	0	0	0	0	0	0	0	0	0	0	0	0	0	0	0	0	0	0	0	0	0	0	0	0	0	0	0	0	0	0	0	0	0	0	0	0	0	0	0	0	0	0	0	0	0	0	0	0	0	0	0	0	0	0	0	0	0	0	0	0	0	0	0	0	0	0	0	0	0	0	0	0	0	0	0	0	0	0	0	0	0	0	0	0	0	0	0	0	0	0	0	0	0	0	0	0	0	0	0	0	0	0	0	0	0	0	0	0	0	0	0	0	0	0	0	0	0	0	0	0	0	0	0	0	0	0	0	0	0	0	0	0	0	0	0	0	0	0	0	0	0	0	0	0	0	0	0	0	0	0	0	0	0	0	0	0	0	0	0	0	0	0	0	0	0	0	0	0	0	0	0	0	0	0	0	0	0	0	0	0	0	0	0	0	0	0	0	0	0	0	0	0	0	0	0	0	0	0	0	0	0	0	0	0	0	0	0	0	0	0	0	0	0	0	0	0	0	0	0	0	0	0	0	0	0	0	0	0	0	0	0	0	0	0	0	0	0	0	0	0	0	0	0	0	0	0	0	0	0	0	0	0	0	0	0	0	0	0	0	0	0	0	0	0	0	0	0	0	0	0	0	0	0	0	0	0	0	0	0	0	0	0	0	0	0	0	0	0	0	0	0	0	0	0	0	0	0	0	0	0	0	0	0	0	0	0	0	0	0	0	0	0	0	0	0	0	0	0	0	0	0	0	0	0	0	0	0	0	0	0	0	0	0	0	0	0	0	0	0	0	0	0	0	0	0	0	0	0	0	0	0	0	0	0	0	0	0	0	0	0	0	0	0	0	0	0	0	0	0	0	0	0	0	0	0	0	0	0	0	0	0	0	0	0	0	0	0	0	0	0	0	0	0	0	0	0	0	0	0	0	0	0	0	0	0	0	0	0	0	0	0	0	0	0	0	0	0	0	0	0	0	0	0	0	0	0	0	0	0	0	0	0	0	0	0	0	0	0	0	0	0	0	0	0	0	0	0	0	0	0	0	0	0	0	0	0	0	0	0	0	0	0	0	0	0	0	0	0	0	0	0	0	0	0	0	0	0	0	0	0	0	0	0	0	0	0	0	0	0	0	0	0	0	0	0	0	0	0	0	0	0	0	0	0
G18	0	0	0	0	0	0	0	0	0	0	0	0	0	0	0	0	0	0	0	0	0	0	0	0	0	0	0	0	0	0	0	0	0	0	0	0	0	0	0	0	0	0	0	0	0	0	0	0	0	0	0	0	0	0	0	0	0	0	0	0	0	0	0	0	0	0	0	0	0	0	0	0	0	0	0	0	0	0	0	0	0	0	0	0	0	0	0	0	0	0	0	0	0	0	0	0	0	0	0	0	0	0	0	0	0	0	0	0	0	0	0	0	0	0	0	0	0	0	0	0	0	0	0	0	0	0	0	0	0	0	0	0	0	0	0	0	0	0	0	0	0	0	0	0	0	0	0	0	0	0	0	0	0	0	0	0	0	0	0	0	0	0	0	0	0	0	0	0	0	0	0	0	0	0	0	0	0	0	0	0	0	0	0	0	0	0	0	0	0	0	0	0	0	0	0	0	0	0	0	0	0	0	0	0	0	0	0	0	0	0	0	0	0	0	0	0	0	0	0	0	0	0	0	0	0	0	0	0	0	0	0	0	0	0	0	0	0	0	0	0	0	0	0	0	0	0	0	0	0	0	0	0	0	0	0	0	0	0	0	0	0	0	0	0	0	0	0	0	0	0	0	0	0	0	0	0	0	0	0	0	0	0	0	0	0	0	0	0	0	0	0	0	0	0	0	0	0	0	0	0	0	0	0	0	0	0	0	0	0	0	0	0	0	0	0	0	0	0	0	0	0	0	0	0	0	0	0	0	0	0	0	0	0	0	0	0	0	0	0	0	0	0	0	0	0	0	0	0	0	0	0	0	0	0	0	0	0	0	0	0	0	0	0	0	0	0	0	0	0	0	0	0	0	0	0	0	0	0	0	0	0	0	0	0	0	0	0	0	0	0	0	0	0	0	0	0	0	0	0	0	0	0	0	0	0	0	0	0	0	0	0	0	0	0	0	0	0	0	0	0	0	0	0	0	0	0	0	0	0	0	0	0	0	0	0	0	0	0	0	0	0	0	0	0	0	0	0	0	0	0	0	0	0	0	0	0	0	0	0	0	0	0	0	0	0	0	0	0	0	0	0	0	0	0	0	0	0	0	0	0	0	0	0	0	0	0	0	0	0	0	0	0	0	0	0	0	0	0	0	0	0	0	0	0	0	0	0	0	0	0	0	0	0	0	0	0	0	0	0	0	0	0	0	0	0	0	0	0	0	0	0	0	0	0	0	0	0	0	0	0	0	0	0	0	0	0	0	0	0	0	0	0	0	0	0	0	0	0	0	0	0	0	0	0	0	0	0	0	0	0	0	0	0	0	0	0	0	0	0	0	0	0	0	0	0	0	0	0	0	0	0	0	0	0	0	0	0	0	0	0	0	0	0	0	0	0	0	0	0	0	0	0	0	0	0	0	0	0	0	0	0	0	0	0	0	0	0	0	0	0	0	0	0	0	0	0	0	0	0	0	0	0	0	0	0	0	0	0	0	0	0	0	0	0	0	0	0	0	0	0	0	0	0	0	0	0	0	0	0	0	0	0	0	0	0	0	0	0	0	0	0	0	0	0	0	0	0	0	0	0	0	0	0	0	0	0	0	0	0	0	0	0	0	0	0	0	0	0	0	0	0	0	0	0	0	0	0	0	0	0	0	0	0	0	0	0	0	0	0	0	0	0	0	0	0	0	0	0	0	0	0	0	0	0	0	0	0	0	0	0	0	0	0	0	0	0	0	0	0	0	0	0	0	0	0	0	0	0	0	0	0	0	0	0	0	0	0	0	0	0	0	0	0	0	0	0	0	0	0	0	0	0	0	0	0	0	0	0	0	0	0	0	0	0	0	0	0	0	0	0	0	0	0	0	0	0	0	0	0	0	0	0	0	0	0	0	0	0	0	0	0	0	0	0	0	0	0	0	0	0	0	0	0	0	0	0	0	0	0	0	0	0	0	0	0	0	0	0	0	0	0	0	0	0	0	0	0	0	0	0	0	0	0	0	0	0	0	0	0	0	0	0	0	0	0	0	0	0	0	0	0	0	0	0	0	0	0	0	0	0	0	0	0	0	0	0	0	0	0	0	0	0	0	0	0	0	0	0	0	0	0	0	0	0	0	0	0	0	0	0	0	0	0	0	0	0	0	0	0	0	0	0	0	0	0	0	0	0	0	0	0	0	0	0	0	0	0	0	0	0	0	0	0	0	0	0	0	0	0	0	0	0	0	0	0	0	0	0	0	0	0	0	0	0	0	0	0	0	0	0	0	0	0	0	0	0	0	0	0	0	0	0	0	0	0	0	0	0	0	0	0	0	0	0	0	0	0	0	0	0	0	0	0	0	0	0	0	0	0	0	0	0	0	0	0	0	0	0	0	0	0	0	0	0	0	0	0	0	0	0	0	0	0	0	0	0	0	0	0	0	0	0	0	0	0	0	0	0	0	0	0	0	0	0	0	0	0	0	0	0	0	0	0	0	0	0	0	0	0	0	0	0	0	0	0	0	0	0	0	0	0	0	0	0	0	0	0	0	0	0	0	0	0	0	0	0	0	0	0	0	0	0	0	0	0	0	0	0	0	0	0	0	0	0	0	0	0	0	0	0	0	0	0	0	0	0	0	0	0	0	0	0	0	0	0	0	0	0	0	0	0	0	0	0	0	0	0	0	0	0	0	0	0	0	0	0	0	0	0	0	0	0	0	0	0	0	0	0	0	0	0	0	0	0	0	0	0	0	0	0	0	0	0	0	0	0	0	0	0	0	0	0	0	0	0	0	0	0	0	0	0	0	0	0	0	0	0	0	0	0	0	0	0	0	0	0	0	0	0	0	0	0	0	0	0	0	0	0	0	0	0	0	0	0	0	0	0	0	0	0	0	0	0	0	0	0	0	0	0	0	0	0	0	0	0	0	0	0	0	0	0	0	0	0	0	0	0	0	0	0	0	0	0	0	0	0	0	0	0	0	0	0	0	0	0	0	0	0	0	0	0	0	0	0	0	0	0	0	0	0	0	0	0	0	0	0	0	0	0	0	0	0	0	0	0	0	0	0	0	0	0	0	0	0	0	0	0	0	0	0	0	0	0	0	0	0	0	0	0	0	0	0	0	0	0	0	0	0	0	0	0	0	0	0	0	0	0	0	0	0	0	0	0	0	0	0	0	0	0	0	0	0	0	0	0	0	0	0	0	0	0	0	0	0	0	0	0	0	0	0	0	0	0	0	0	0	0	0	0	0	0	0	0	0	0	0	0	0	0	0	0	0	0	0	0	0	0	0	0	0	0	0	0	0	0	0	0	0	0	0	0	0	0	0	0	0	0	0	0	0	0	0	0	0	0	0	0	0	0	0	0	0	0	0	0	0	0	0	0	0	0	0	0	0	0	0	0	0	0	0	0	0	0	0	0	0	0	0	0	0	0	0	0	0	0	0	0	0	0	0	0	0	0	0	0	0	0	0	0	0	0	0	0	0	0	0	0	0	0	0	0	0	0	0	0	0	0	0	0	0	0	0	0	0	0	0	0	0	0	0	0	0	0	0	0	0	0	0	0	0	0	0	0	0	0	0	0	0	0	0	0	0	0	0	0	0	0	0	0	0	0	0	0	0	0	0	0	0	0	0	0	0	0	0	0	0	0	0	0	0	0	0	0	0	0	0	0	0	0	0	0	0	0	0	0	0	0	0	0	0	0	0	0	0	0	0	0	0	0	0	0	0	0	0	0	0	0	0	0	0	0	0	0	0	0	0	0	0	0	0	0	0	0	0	0	0	0	0	0	0	0	0	0	0	0	0	0	0	0	0	0	0	0	0	0	0	0	0	0	0	0	0	0	0	0	0	0	0	0	0	0	0	0	0	0	0	0	0	0	0	0	0	0	0	0	0	0	0	0	0	0	0	0	0	0	0	0	0	0	0	0	0	0	0	0	0	0	0	0	0	0	0	0	0	0	0	0	0	0	0	0	0	0	0	0	0	0	0	0	0	0	0	0	0	0	0	0	0	0	0	0	0	0	0	0	0	0	0	0	0	0	0	0	0	0	0	0	0	0	0	0	0	0	0	0	0	0	0	0	0	0	0	0	0	0	0	0	0	0	0	0	0	0	0	0	0	0	0	0	0	0	0	0	0	0	0	0	0	0	0	0	0	0	0	0	0	0	0	0	0	0	0	0	0	0	0	0	0	0	0	0	0	0	0	0	0	0	0	0	0	0	0	0	0	0	0	0	0	0	0	0	0	0	0	0	0	0	0	0	0	0	0	0	0	0	0	0	0	0	0	0	0	0	0	0	0	0	0	0	0	0	0	0	0	0	0	0	0	0	0	0	0	0	0	0	0	0	0	0	0	0	0	0	0	0	0	0	0	0	0	0	0	0	0	0	0	0	0	0	0	0	0	0	0	0	0	0	0	0	0	0	0	0	0	0	0	0	0	0	0	0	0	0	0	0	0	0	0	0	0	0	0	0	0	0	0	0	0	0	0	0	0	0	0	0	0	0	0	0	0	0	0	0	0	0	0	0	0	0	0	0	0	0	0	0	0	0	0	0	0	0	0	0	0	0	0	0	0	0	0	0	0	0	0	0	0	0	0	0	0	0	0	0	0	0	0	0	0	0	0	0	0	0	0	0	0	0	0	0	0	0	0	0	0	0	0	0	0	0	0	0	0	0	0	0	0	0	0	0	0	0	0	0	0	0	0	0	0	0	0	0	0	0	0	0	0	0	0	0	0	0	0	0	0	0	0	0	0	0	0	0	0	0	0	0	0	0	0	0	0	0	0	0	0	0	0	0	0	0	0	0	0	0	0	0	0	0	0	0	0	0	0	0	0	0	0	0	0	0	0	0	0	0	0	0	0	0	0	0	0	0	0	0	0	0	0	0	0	0	0	0	0	0	0	0	0	0	0	0	0	0	0	0	0	0	0	0	0	0	0	0	0	0	0	0	0	0	0	0	0	0	0	0	0	0	0	0	0	0	0	0	0	0	0	0	0	0	0	0	0	0	0	0	0	0	0	0	0	0	0	0	0	0	0	0	0	0	0	0	0	0	0	0	0	0	0	0	0	0	0	0	0	0	0	0	0	0	0	0	0	0	0	0	0	0	0	0	0	0	0	0	0	0	0	0	0	0	0	0	0	0	0	0	0	0	0	0	0	0	0	0	0	0	0	0	0	0	0	0	0	0	0	0	0	0	0
G19	0	0	0	0	0	0	0	0	0	0	0	0	0	0	0	0	0	0	0	0	0	0	0	0	0	0	0	0	0	0	0	0	0	0	0	0	0	0	0	0	0	0	0	0	0	0	0	0	0	0	0	0	0	0	0	0	0	0	0	0	0	0	0	0	0	0	0	0	0	0	0	0	0	0	0	0	0	0	0	0	0	0	0	0	0	0	0	0	0	0	0	0	0	0	0	0	0	0	0	0	0	0	0	0	0	0	0	0	0	0	0	0	0	0	0	0	0	0	0	0	0	0	0	0	0	0	0	0	0	0	0	0	0	0	0	0	0	0	0	0	0	0	0	0	0	0	0	0	0	0	0	0	0	0	0	0	0	0	0	0	0	0	0	0	0	0	0	0	0	0	0	0	0	0	0	0	0	0	0	0	0	0	0	0	0	0	0	0	0	0	0	0	0	0	0	0	0	0	0	0	0	0	0	0	0	0	0	0	0	0	0	0	0	0	0	0	0	0	0	0	0	0	0	0	0	0	0	0	0	0	0	0	0	0	0	0	0	0	0	0	0	0	0	0	0	0	0	0	0	0	0	0	0	0	0	0	0	0	0	0	0	0	0	0	0	0	0	0	0	0	0	0	0	0	0	0	0	0	0	0	0	0	0	0	0	0	0	0	0	0	0	0	0	0	0	0	0	0	0	0	0	0	0	0	0	0	0	0	0	0	0	0	0	0	0	0	0	0	0	0	0	0	0	0	0	0	0	0	0	0	0	0	0	0	0	0	0	0	0	0	0	0	0	0	0	0	0	0	0	0	0	0	0	0	0	0	0	0	0	0	0	0	0	0	0	0	0	0	0	0	0	0	0	0	0	0	0	0	0	0	0	0	0	0	0	0	0	0	0	0	0	0	0	0	0	0	0	0	0	0	0	0	0	0	0	0	0	0	0	0	0	0	0	0	0	0	0	0	0	0	0	0	0	0	0	0	0	0	0	0	0	0	0	0	0	0	0	0	0	0	0	0	0	0	0	0	0	0	0	0	0	0	0	0	0	0	0	0	0	0	0	0	0	0	0	0	0	0	0	0	0	0	0	0	0	0	0	0	0	0	0	0	0	0	0	0	0	0	0	0	0	0	0	0	0	0	0	0	0	0	0	0	0	0	0	0	0	0	0	0	0	0	0	0	0	0	0	0	0	0	0	0	0	0	0	0	0	0	0	0	0	0	0	0	0	0	0	0	0	0	0	0	0	0	0	0	0	0	0	0	0	0	0	0	0	0	0	0	0	0	0	0	0	0	0	0	0	0	0	0	0	0	0	0	0	0	0	0	0	0	0	0	0	0	0	0	0	0	0	0	0	0	0	0	0	0	0	0	0	0	0	0	0	0	0	0	0	0	0	0	0	0	0	0	0	0	0	0	0	0	0	0	0	0	0	0	0	0	0	0	0	0	0	0	0	0	0	0	0	0	0	0	0	0	0	0	0	0	0	0	0	0	0	0	0	0	0	0	0	0	0	0	0	0	0	0	0	0	0	0	0	0	0	0	0	0	0	0	0	0	0	0	0	0	0	0	0	0	0	0	0	0	0	0	0	0	0	0	0	0	0	0	0	0	0	0	0	0	0	0	0	0	0	0	0	0	0	0	0	0	0	0	0	0	0	0	0	0	0	0	0	0	0	0	0	0	0	0	0	0	0	0	0	0	0	0	0	0	0	0	0	0	0	0	0	0	0	0	0	0	0	0	0	0	0	0	0	0	0	0	0	0	0	0	0	0	0	0	0	0	0	0	0	0	0	0	0	0	0	0	0	0	0	0	0	0	0	0	0	0	0	0	0	0	0	0	0	0	0	0	0	0	0	0	0	0	0	0	0	0	0	0	0	0	0	0	0	0	0	0	0	0	0	0	0	0	0	0	0	0	0	0	0	0	0	0	0	0	0	0	0	0	0	0	0	0	0	0	0	0	0	0	0	0	0	0	0	0	0	0	0	0	0	0	0	0	0	0	0	0	0	0	0	0	0	0	0	0	0	0	0	0	0	0	0	0	0	0	0	0	0	0	0	0	0	0	0	0	0	0	0	0	0	0	0	0	0	0	0	0	0	0	0	0	0	0	0	0	0	0	0	0	0	0	0	0	0	0	0	0	0	0	0	0	0	0	0	0	0	0	0	0	0	0	0	0	0	0	0	0	0	0	0	0	0	0	0	0	0	0	0	0	0	0	0	0	0	0	0	0	0	0	0	0	0	0	0	0	0	0	0	0	0	0	0	0	0	0	0	0	0	0	0	0	0	0	0	0	0	0	0	0	0	0	0	0	0	0	0	0	0	0	0	0	0	0	0	0	0	0	0	0	0	0	0	0	0	0	0	0	0	0	0	0	0	0	0	0	0	0	0	0	0	0	0	0	0	0	0	0	0	0	0	0	0	0	0	0	0	0	0	0	0	0	0	0	0	0	0	0	0	0	0	0	0	0	0	0	0	0	0	0	0	0	0	0	0	0	0	0	0	0	0	0	0	0	0	0	0	0	0	0	0	0	0	0	0	0	0	0	0	0	0	0	0	0	0	0	0	0	0	0	0	0	0	0	0	0	0	0	0	0	0	0	0	0	0	0	0	0	0	0	0	0	0	0	0	0	0	0	0	0	0	0	0	0	0	0	0	0	0	0	0	0	0	0	0	0	0	0	0	0	0	0	0	0	0	0	0	0	0	0	0	0	0	0	0	0	0	0	0	0	0	0	0	0	0	0	0	0	0	0	0	0	0	0	0	0	0	0	0	0	0	0	0	0	0	0	0	0	0	0	0	0	0	0	0	0	0	0	0	0	0	0	0	0	0	0	0	0	0	0	0	0	0	0	0	0	0	0	0	0	0	0	0	0	0	0	0	0	0	0	0	0	0	0	0	0	0	0	0	0	0	0	0	0	0	0	0	0	0	0	0	0	0	0	0	0	0	0	0	0	0	0	0	0	0	0	0	0	0	0	0	0	0	0	0	0	0	0	0	0	0	0	0	0	0	0	0	0	0	0	0	0	0	0	0	0	0	0	0	0	0	0	0	0	0	0	0	0	0	0	0	0	0	0	0	0	0	0	0	0	0	0	0	0	0	0	0	0	0	0	0	0	0	0	0	0	0	0	0	0	0	0	0	0	0	0	0	0	0	0	0	0	0	0	0	0	0	0	0	0	0	0	0	0	0	0	0	0	0	0	0	0	0	0	0	0	0	0	0	0	0	0	0	0	0	0	0	0	0	0	0	0	0	0	0	0	0	0	0	0	0	0	0	0	0	0	0	0	0	0	0	0	0	0	0	0	0	0	0	0	0	0	0	0	0	0	0	0	0	0	0	0	0	0	0	0	0	0	0	0	0	0	0	0	0	0	0	0	0	0	0	0	0	0	0	0	0	0	0	0	0	0	0	0	0	0	0	0	0	0	0	0	0	0	0	0	0	0	0	0	0	0	0	0	0	0	0	0	0	0	0	0	0	0	0	0	0	0	0	0	0	0	0	0	0	0	0	0	0	0	0	0	0	0	0	0	0	0	0	0	0	0	0	0	0	0	0	0	0	0	0	0	0	0	0	0	0	0	0	0	0	0	0	0	0	0	0	0	0	0	0	0	0	0	0	0	0	0	0	0	0	0	0	0	0	0	0	0	0	0	0	0	0	0	0	0	0	0	0	0	0	0	0	0	0	0	0	0	0	0	0	0	0	0	0	0	0	0	0	0	0	0	0	0	0	0	0	0	0	0	0	0	0	0	0	0	0	0	0	0	0	0	0	0	0	0	0	0	0	0	0	0	0	0	0	0	0	0	0	0	0	0	0	0	0	0	0	0	0	0	0	0	0	0	0	0	0	0	0	0	0	0	0	0	0	0	0	0	0	0	0	0	0	0	0	0	0	0	0	0	0	0	0	0	0	0	0	0	0	0	0	0	0	0	0	0	0	0	0	0	0	0	0	0	0	0	0	0	0	0	0	0	0	0	0	0	0	0	0	0	0	0	0	0	0	0	0	0	0	0	0	0	0	0	0	0	0	0	0	0	0	0	0	0	0	0	0	0	0	0	0	0	0	0	0	0	0	0	0	0	0	0	0	0	0	0	0	0	0	0	0	0	0	0	0	0	0	0	0	0	0	0	0	0	0	0	0	0	0	0	0	0	0	0	0	0	0	0	0	0	0	0	0	0	0	0	0	0	0	0	0	0	0	0	0	0	0	0	0	0	0	0	0	0	0	0	0	0	0	0	0	0	0	0	0	0	0	0	0	0	0	0	0	0	0	0	0	0	0	0	0	0	0	0	0	0	0	0	0	0	0	0	0	0	0	0	0	0	0	0	0	0	0	0	0	0	0	0	0	0	0	0	0	0	0	0	0	0	0	0	0	0	0	0	0	0	0	0	0	0	0	0	0	0	0	0	0	0	0	0	0	0	0	0	0	0	0	0	0	0	0	0	0	0	0	0	0	0	0	0	0	0	0	0	0	0	0	0	0	0	0	0	0	0	0	0	0	0	0	0	0	0	0	0	0	0	0	0	0	0	0	0	0	0	0	0	0	0	0	0	0	0	0	0	0	0	0	0	0	0	0	0	0	0	0	0	0	0	0	0	0	0	0	0	0	0	0	0	0	0	0	0	0	0	0	0	0	0	0	0	0	0	0	0	0	0	0	0	0	0	0	0	0	0	0	0	0	0	0	0	0	0	0	0	0	0	0	0	0	0	0	0	0	0	0	0	0	0	0	0	0	0	0	0	0	0	0	0	0	0	0	0	0	0	0	0	0	0	0	0	0	0	0	0	0	0	0	0	0	0	0	0	0	0	0	0	0	0	0	0	0	0	0	0	0	0	0	0	0	0	0	0	0	0	0	0	0	0	0	0	0	0	0	0	0	0	0	0	0	0	0	0	0	0	0	0	0	0	0	0	0	0	0	0	0	0	0	0	0	0	0	0	0	0	0	0	0	0	0	0	0	0	0	0	0	0	0	0	0	0	0	0	0	0	0	0	0	0	0	0	0	0	0	0	0	0	0	0	0	0	0	0	0	0	0	0	0	0	0	0	0	0	0	0	0	0	0	0	0	0	0	0	0	0	0	0	0	0	0	0	0	0	0	0	0	0	0	0	0	0	0	0	0	0	0	0	0	0	0	0	0	0	0	0	0	0	0	0	0	0	0	0	0	0
G20	0	0	0	0	0	0	0	0	0	0	0	0	0	0	0	0	0	0	0	0	0	0	0	0	0	0	0	0	0	0	0	0	0	0	0	0	0	0	0	0	0	0	0	0	0	0	0	0	0	0	0	0	0	0	0	0	0	0	0	0	0	0	0	0	0	0	0	0	0	0	0	0	0	0	0	0	0	0	0	0	0	0	0	0	0	0	0	0	0	0	0	0	0	0	0	0	0	0	0	0	0	0	0	0	0	0	0	0	0	0	0	0	0	0	0	0	0	0	0	0	0	0	0	0	0	0	0	0	0	0	0	0	0	0	0	0	0	0	0	0	0	0	0	0	0	0	0	0	0	0	0	0	0	0	0	0	0	0	0	0	0	0	0	0	0	0	0	0	0	0	0	0	0	0	0	0	0	0	0	0	0	0	0	0	0	0	0	0	0	0	0	0	0	0	0	0	0	0	0	0	0	0	0	0	0	0	0	0	0	0	0	0	0	0	0	0	0	0	0	0	0	0	0	0	0	0	0	0	0	0	0	0	0	0	0	0	0	0	0	0	0	0	0	0	0	0	0	0	0	0	0	0	0	0	0	0	0	0	0	0	0	0	0	0	0	0	0	0	0	0	0	0	0	0	0	0	0	0	0	0	0	0	0	0	0	0	0	0	0	0	0	0	0	0	0	0	0	0	0	0	0	0	0	0	0	0	0	0	0	0	0	0	0	0	0	0	0	0	0	0	0	0	0	0	0	0	0	0	0	0	0	0	0	0	0	0	0	0	0	0	0	0	0	0	0	0	0	0	0	0	0	0	0	0	0	0	0	0	0	0	0	0	0	0	0	0	0	0	0	0	0	0	0	0	0	0	0	0	0	0	0	0	0	0	0	0	0	0	0	0	0	0	0	0	0	0	0	0	0	0	0	0	0	0	0	0	0	0	0	0	0	0	0	0	0	0	0	0	0	0	0	0	0	0	0	0	0	0	0	0	0	0	0	0	0	0	0	0	0	0	0	0	0	0	0	0	0	0	0	0	0	0	0	0	0	0	0	0	0	0	0	0	0	0	0	0	0	0	0	0	0	0	0	0	0	0	0	0	0	0	0	0	0	0	0	0	0	0	0	0	0	0	0	0	0	0	0	0	0	0	0	0	0	0	0	0	0	0	0	0	0	0	0	0	0	0	0	0	0	0	0	0	0	0	0	0	0	0	0	0	0	0	0	0	0	0	0	0	0	0	0	0	0	0	0	0	0	0	0	0	0	0	0	0	0	0	0	0	0	0	0	0	0	0	0	0	0	0	0	0	0	0	0	0	0	0	0	0	0	0	0	0	0	0	0	0	0	0	0	0	0	0	0	0	0	0	0	0	0	0	0	0	0	0	0	0	0	0	0	0	0	0	0	0	0	0	0	0	0	0	0	0	0	0	0	0	0	0	0	0	0	0	0	0	0	0	0	0	0	0	0	0	0	0	0	0	0	0	0	0	0	0	0	0	0	0	0	0	0	0	0	0	0	0	0	0	0	0	0	0	0	0	0	0	0	0	0	0	0	0	0	0	0	0	0	0	0	0	0	0	0	0	0	0	0	0	0	0	0	0	0	0	0	0	0	0	0	0	0	0	0	0	0	0	0	0	0	0	0	0	0	0	0	0	0	0	0	0	0	0	0	0	0	0	0	0	0	0	0	0	0	0	0	0	0	0	0	0	0	0	0	0	0	0	0	0	0	0	0	0	0	0	0	0	0	0	0	0	0	0	0	0	0	0	0	0	0	0	0	0	0	0	0	0	0	0	0	0	0	0	0	0	0	0	0	0	0	0	0	0	0	0	0	0	0	0	0	0	0	0	0	0	0	0	0	0	0	0	0	0	0	0	0	0	0	0	0	0	0	0	0	0	0	0	0	0	0	0	0	0	0	0	0	0	0	0	0	0	0	0	0	0	0	0	0	0	0	0	0	0	0	0	0	0	0	0	0	0	0	0	0	0	0	0	0	0	0	0	0	0	0	0	0	0	0	0	0	0	0	0	0	0	0	0	0	0	0	0	0	0	0	0	0	0	0	0	0	0	0	0	0	0	0	0	0	0	0	0	0	0	0	0	0	0	0	0	0	0	0	0	0	0	0	0	0	0	0	0	0	0	0	0	0	0	0	0	0	0	0	0	0	0	0	0	0	0	0	0	0	0	0	0	0	0	0	0	0	0	0	0	0	0	0	0	0	0	0	0	0	0	0	0	0	0	0	0	0	0	0	0	0	0	0	0	0	0	0	0	0	0	0	0	0	0	0	0	0	0	0	0	0	0	0	0	0	0	0	0	0	0	0	0	0	0	0	0	0	0	0	0	0	0	0	0	0	0	0	0	0	0	0	0	0	0	0	0	0	0	0	0	0	0	0	0	0	0	0	0	0	0	0	0	0	0	0	0	0	0	0	0	0	0	0	0	0	0	0	0	0	0	0	0	0	0	0	0	0	0	0	0	0	0	0	0	0	0	0	0	0	0	0	0	0	0	0	0	0	0	0	0	0	0	0	0	0	0	0	0	0	0	0	0	0	0	0	0	0	0	0	0	0	0	0	0	0	0	0	0	0	0	0	0	0	0	0	0	0	0	0	0	0	0	0	0	0	0	0	0	0	0	0	0	0	0	0	0	0	0	0	0	0	0	0	0	0	0	0	0	0	0	0	0	0	0	0	0	0	0	0	0	0	0	0	0	0	0	0	0	0	0	0	0	0	0	0	0	0	0	0	0	0	0	0	0	0	0	0	0	0	0	0	0	0	0	0	0	0	0	0	0	0	0	0	0	0	0	0	0	0	0	0	0	0	0	0	0	0	0	0	0	0	0	0	0	0	0	0	0	0	0	0	0	0	0	0	0	0	0	0	0	0	0	0	0	0	0	0	0	0	0	0	0	0	0	0	0	0	0	0	0	0	0	0	0	0	0	0	0	0	0	0	0	0	0	0	0	0	0	0	0	0	0	0	0	0	0	0	0	0	0	0	0	0	0	0	0	0	0	0	0	0	0	0	0	0	0	0	0	0	0	0	0	0	0	0	0	0	0	0	0	0	0	0	0	0	0	0	0	0	0	0	0	0	0	0	0	0	0	0	0	0	0	0	0	0	0	0	0	0	0	0	0	0	0	0	0	0	0	0	0	0	0	0	0	0	0	0	0	0	0	0	0	0	0	0	0	0	0	0	0	0	0	0	0	0	0	0	0	0	0	0	0	0	0	0	0	0	0	0	0	0	0	0	0	0	0	0	0	0	0	0	0	0	0	0	0	0	0	0	0	0	0	0	0	0	0	0	0	0	0	0	0	0	0	0	0	0	0	0	0	0	0	0	0	0	0	0	0	0	0	0	0	0	0	0	0	0	0	0	0	0	0	0	0	0	0	0	0	0	0	0	0	0	0	0	0	0	0	0	0	0	0	0	0	0	0	0	0	0	0	0	0	0	0	0	0	0	0	0	0	0	0	0	0	0	0	0	0	0	0	0	0	0	0	0	0	0	0	0	0	0	0	0	0	0	0	0	0	0	0	0	0	0	0	0	0	0	0	0	0	0	0	0	0	0	0	0	0	0	0	0	0	0	0	0	0	0	0	0	0	0	0	0	0	0	0	0	0	0	0	0	0	0	0	0	0	0	0	0	0	0	0	0	0	0	0	0	0	0	0	0	0	0	0	0	0	0	0	0	0	0	0	0	0	0	0	0	0	0	0	0	0	0	0	0	0	0	0	0	0	0	0	0	0	0	0	0	0	0	0	0	0	0	0	0	0	0	0	0	0	0	0	0	0	0	0	0	0	0	0	0	0	0	0	0	0	0	0	0	0	0	0	0	0	0	0	0	0	0	0	0	0	0	0	0	0	0	0	0	0	0	0	0	0	0	0	0	0	0	0	0	0	0	0	0	0	0	0	0	0	0	0	0	0	0	0	0	0	0	0	0	0	0	0	0	0	0	0	0	0	0	0	0	0	0	0	0	0	0	0	0	0	0	0	0	0	0	0	0	0	0	0	0	0	0	0	0	0	0	0	0	0	0	0	0	0	0	0	0	0	0	0	0	0	0	0	0	0	0	0	0	0	0	0	0	0	0	0	0	0	0	0	0	0	0	0	0	0	0	0	0	0	0	0	0	0	0	0	0	0	0	0	0	0	0	0	0	0	0	0	0	0	0	0	0	0	0	0	0	0	0	0	0	0	0	0	0	0	0	0	0	0	0	0	0	0	0	0	0	0	0	0	0	0	0	0	0	0	0	0	0	0	0	0	0	0	0	0	0	0	0	0	0	0	0	0	0	0	0	0	0	0	0	0	0	0	0	0	0	0	0	0	0	0	0	0	0	0	0	0	0	0	0	0	0	0	0	0	0	0	0	0	0	0	0	0	0	0	0	0	0	0	0	0	0	0	0	0	0	0	0	0	0	0	0	0	0	0	0	0	0	0	0	0	0	0	0	0	0	0	0	0	0	0	0	0	0	0	0	0	0	0	0	0	0	0	0	0	0	0	0	0	0	0	0	0	0	0	0	0	0	0	0	0	0	0	0	0	0	0	0	0	0	0	0	0	0	0	0	0	0	0	0	0	0	0	0	0	0	0	0	0	0	0	0	0	0	0	0	0	0	0	0	0	0	0	0	0	0	0	0	0	0	0	0	0	0	0	0	0	0	0	0	0	0	0	0	0	0	0	0	0	0	0	0	0	0	0	0	0	0	0	0	0	0	0	0	0	0	0	0	0	0	0	0	0	0	0	0	0	0	0	0	0	0	0	0	0	0	0	0	0	0	0	0	0	0	0	0	0	0	0	0	0	0	0	0	0	0	0	0	0	0	0	0	0	0	0	0	0	0	0	0	0	0	0	0	0	0	0	0	0	0	0	0	0	0	0	0	0	0	0	0	0	0	0	0	0	0	0	0	0	0	0	0	0	0	0	0	0	0	0	0	0	0	0	0	0	0	0	0	0	0	0	0	0	0	0	0	0	0	0	0	0	0	0	0	0	0	0	0	0	0	0	0	0	0	0	0	0	0	0	0	0	0	0	0	0	0	0	0	0	0	0	0	0	0	0	0	0	0	0	0	0	0	0	0	0	0	0	0	0	0	0	0	0	0	0	0	0	0	0	0	0	0	0	0	0	0	0	0	0	0	0	0	0	0	0	0	0	0	0	0	0	0	0
